Time;Body_BLIR_fx;fy;fz;mx;my;mz;cfx;cfy;cfz;cmx;cmy;cmz;Body_beach_fx;fy;fz;mx;my;mz;cfx;cfy;cfz;cmx;cmy;cmz;
0.50005;0;0;-10.6958;0;0;0;-665.409;-38.4216;1800.54;1.97418;-24.5404;-0.0775307;0;0;0;0;0;0;665.409;38.4216;-1800.54;-910.646;11754.8;-85.4211;
0.50101;0;0;-10.6958;0;0;0;-1.55316;-0.10747;9.06903;0.0118874;-0.131595;0.00255358;0;0;0;0;0;0;1.55316;0.10747;-9.06903;-4.57988;59.0308;-0.0868977;
0.502035;0;0;-10.6958;0;0;0;-1.58128;-0.0990069;9.00285;0.010151;-0.133496;0.00342522;0;0;0;0;0;0;1.58128;0.0990069;-9.00285;-4.54404;58.6068;-0.156722;
0.503007;0;0;-10.6958;0;0;0;-1.57598;-0.101901;8.98814;0.0105131;-0.133453;0.00343847;0;0;0;0;0;0;1.57598;0.101901;-8.98814;-4.53729;58.5108;-0.135321;
0.50404;0;0;-10.6958;0;0;0;-1.64966;-0.152863;8.75561;0.0164391;-0.140796;0.00406888;0;0;0;0;0;0;1.64966;0.152863;-8.75561;-4.43159;57.0193;0.157101;
0.505013;0;0;-10.6958;0;0;0;-1.64242;-0.152534;8.73968;0.0164344;-0.140795;0.00409089;0;0;0;0;0;0;1.64242;0.152534;-8.73968;-4.42353;56.9152;0.158581;
0.506046;0;0;-10.6958;0;0;0;-0.398665;1.04374;2.32443;-0.18479;-0.054829;-0.00707351;0;0;0;0;0;0;0.398665;-1.04374;-2.32443;-0.876334;15.1507;-6.95346;
0.507019;0;0;-10.6958;0;0;0;-0.552176;-1.68246;3.76548;0.209116;-0.0560925;0.00560232;0;0;0;0;0;0;0.552176;1.68246;-3.76548;-2.27424;24.5011;10.6139;
0.508052;0;0;-10.6958;0;0;0;0.968511;0.529101;4.07725;-0.16006;-0.13502;0.0555421;0;0;0;0;0;0;-0.968511;-0.529101;-4.07725;-1.83422;26.4428;-2.99576;
0.509025;0;0;-10.6958;0;0;0;-1.80675;-0.257433;7.8631;0.0269155;-0.160323;0.00727346;0;0;0;0;0;0;1.80675;0.257433;-7.8631;-4.00434;51.2734;0.752219;
0.510058;0;0;-10.6958;0;0;0;-1.79727;-0.254239;7.85626;0.026668;-0.160606;0.00731571;0;0;0;0;0;0;1.79727;0.254239;-7.85626;-4.00028;51.2281;0.73626;
0.51103;0;0;-10.6958;0;0;0;-1.7927;-0.251082;7.87263;0.0264739;-0.161376;0.00739632;0;0;0;0;0;0;1.7927;0.251082;-7.87263;-4.00795;51.3341;0.718027;
0.512003;0;0;-10.6958;0;0;0;-1.77576;-0.251875;7.84262;0.0267197;-0.16116;0.00739781;0;0;0;0;0;0;1.77576;0.251875;-7.84262;-3.99316;51.1375;0.731673;
0.513036;0;0;-10.6958;0;0;0;0;0;0;0;0;0;0;0;0;0;0;0;0;-0;-0;0;0;0;
0.514009;0;0;-10.6958;0;0;0;-0.52348;-0.952934;6.62901;0.0464876;-0.177616;0.0903232;0;0;0;0;0;0;0.52348;0.952934;-6.62901;-3.47531;43.1644;5.81837;
0.515042;0;0;-10.6958;0;0;0;-1.81293;-0.314641;7.01679;0.0334062;-0.174008;0.00940839;0;0;0;0;0;0;1.81293;0.314641;-7.01679;-3.59132;45.8048;1.11747;
0.516014;0;0;-10.6958;0;0;0;-1.78672;-0.321062;6.99382;0.0345324;-0.173885;0.00951752;0;0;0;0;0;0;1.78672;0.321062;-6.99382;-3.5815;45.6529;1.17212;
0.517047;0;0;-10.6958;0;0;0;-1.17887;1.19648;4.40867;-0.155635;-0.137025;-0.00442892;0;0;0;0;0;0;1.17887;-1.19648;-4.40867;-1.93636;28.8106;-8.33677;
0.518015;0;0;-10.6958;0;0;0;-0.663916;-1.59054;3.53643;0.194246;-0.076621;0.00200604;0;0;0;0;0;0;0.663916;1.59054;-3.53643;-2.13545;23.0482;9.96521;
0.519037;0;0;-10.6958;0;0;0;-1.75201;-0.354721;6.37558;0.0372663;-0.180997;0.0116861;0;0;0;0;0;0;1.75201;0.354721;-6.37558;-3.27703;41.6518;1.40535;
0.520004;0;0;-10.6958;0;0;0;-1.71349;-0.352876;6.33133;0.037066;-0.180477;0.011912;0;0;0;0;0;0;1.71349;0.352876;-6.33133;-3.25433;41.3604;1.41253;
0.521037;0;0;-10.6958;0;0;0;-0.634797;-1.57677;3.50764;0.193148;-0.0769076;0.000383233;0;0;0;0;0;0;0.634797;1.57677;-3.50764;-2.11798;22.8584;9.89211;
0.52201;0;0;-10.6958;0;0;0;-0.606371;-1.57428;3.50523;0.193213;-0.0775083;-0.00138665;0;0;0;0;0;0;0.606371;1.57428;-3.50523;-2.1164;22.8403;9.89196;
0.523044;0;0;-10.6958;0;0;0;-0.587394;-1.5613;3.47837;0.191947;-0.0773437;-0.00230233;0;0;0;0;0;0;0.587394;1.5613;-3.47837;-2.1001;22.664;9.81832;
0.524016;0;0;-10.6958;0;0;0;-0.68407;-1.63158;3.62751;0.185317;-0.0883514;-0.00479196;0;0;0;0;0;0;0.68407;1.63158;-3.62751;-2.17566;23.6506;10.2273;
0.525048;0;0;-10.6958;0;0;0;0.749033;0.201277;2.97499;0.136897;-0.106732;-0.0272463;0;0;0;0;0;0;-0.749033;-0.201277;-2.97499;-1.61068;19.2956;-0.899932;
0.52602;0;0;-10.6958;0;0;0;0.914835;0.410826;3.7603;-0.0229619;-0.18785;0.0261096;0;0;0;0;0;0;-0.914835;-0.410826;-3.7603;-1.82373;24.4451;-2.22702;
0.527053;0;0;-10.6958;0;0;0;0.792735;0.0831042;4.19502;0.0827334;-0.181037;0.00191056;0;0;0;0;0;0;-0.792735;-0.0831042;-4.19502;-2.18147;27.2659;-0.141868;
0.528025;0;0;-10.6958;0;0;0;-1.21006;-0.720299;4.67853;0.114966;-0.1657;0.00422413;0;0;0;0;0;0;1.21006;0.720299;-4.67853;-2.5391;30.5873;4.05246;
0.529058;0;0;-10.6958;0;0;0;-1.52926;-1.39912;3.58042;0.168559;-0.0927463;0.0357524;0;0;0;0;0;0;1.52926;1.39912;-3.58042;-2.11078;23.4357;8.25641;
0.53003;0;0;-10.6958;0;0;0;0.886851;0.194482;3.4988;-0.00713658;-0.186685;0.0121859;0;0;0;0;0;0;-0.886851;-0.194482;-3.4988;-1.73026;22.7525;-0.826135;
0.531002;0;0;-10.6958;0;0;0;-0.676246;-0.613948;4.3661;0.0817795;-0.178594;0.0294275;0;0;0;0;0;0;0.676246;0.613948;-4.3661;-2.33774;28.5212;3.60661;
0.532035;0;0;-10.6958;0;0;0;0.913065;0.241403;3.62418;0.0317337;-0.185872;0.00438588;0;0;0;0;0;0;-0.913065;-0.241403;-3.62418;-1.82723;23.5608;-1.10902;
0.533007;0;0;-10.6958;0;0;0;-0.831526;-1.16534;3.27153;0.152093;-0.107065;0.0179241;0;0;0;0;0;0;0.831526;1.16534;-3.27153;-1.91461;21.377;7.11061;
0.53404;0;0;-10.6958;0;0;0;0.91459;-0.0971628;3.57067;0.048136;-0.182317;-0.0172906;0;0;0;0;0;0;-0.91459;0.0971628;-3.57067;-1.85134;23.2103;1.10578;
0.535013;0;0;-10.6958;0;0;0;-0.619608;-0.56411;1.44629;0.0321625;-0.0580041;-0.00884512;0;0;0;0;0;0;0.619608;0.56411;-1.44629;-0.816278;9.48671;3.35049;
0.536046;0;0;-10.6958;0;0;0;-0.890645;-0.432531;3.90434;0.0599217;-0.178746;0.0158952;0;0;0;0;0;0;0.890645;0.432531;-3.90434;-2.06482;25.5516;2.33761;
0.537019;0;0;-10.6958;0;0;0;0.799942;0.381779;3.30978;0.0114806;-0.185249;0.0185935;0;0;0;0;0;0;-0.799942;-0.381779;-3.30978;-1.63455;21.5352;-2.08901;
0.538053;0;0;-10.6958;0;0;0;-1.8077;-0.857359;3.18775;0.125611;-0.117429;0.039648;0;0;0;0;0;0;1.8077;0.857359;-3.18775;-1.81384;20.9432;4.60418;
0.539026;0;0;-10.6958;0;0;0;0;0;0;0;0;0;0;0;0;0;0;0;0;-0;-0;0;0;0;
0.540059;0;0;-10.6958;0;0;0;0.774789;0.327925;3.16634;0.0390622;-0.180987;0.00918572;0;0;0;0;0;0;-0.774789;-0.327925;-3.16634;-1.5955;20.6043;-1.74349;
0.541032;0;0;-10.6958;0;0;0;0.777643;0.311244;3.16243;0.0388096;-0.180735;0.00824453;0;0;0;0;0;0;-0.777643;-0.311244;-3.16243;-1.59499;20.5784;-1.6331;
0.542006;0;0;-10.6958;0;0;0;-1.07481;0.500522;1.88633;0.125571;-0.069942;0.090107;0;0;0;0;0;0;1.07481;-0.500522;-1.88633;-1.02181;12.393;-3.8706;
0.54304;0;0;-10.6958;0;0;0;-1.06524;0.484379;1.85834;0.123486;-0.0691485;0.0888085;0;0;0;0;0;0;1.06524;-0.484379;-1.85834;-1.00742;12.2097;-3.75994;
0.544012;0;0;-10.6958;0;0;0;0;0;0;0;0;0;0;0;0;0;0;0;0;-0;-0;0;0;0;
0.545043;0;0;-10.6958;0;0;0;-0.445905;-0.883609;2.28807;0.135828;-0.109006;-0.0156257;0;0;0;0;0;0;0.445905;0.883609;-2.28807;-1.37436;14.9687;5.5128;
0.546014;0;0;-10.6958;0;0;0;-0.421658;-0.890644;2.3105;0.137169;-0.110589;-0.0175968;0;0;0;0;0;0;0.421658;0.890644;-2.3105;-1.3877;15.1128;5.57241;
0.547047;0;0;-10.6958;0;0;0;0;0;0;0;0;0;0;0;0;0;0;0;0;-0;-0;0;0;0;
0.548001;0;0;-10.6958;0;0;0;0;0;0;0;0;0;0;0;0;0;0;0;0;-0;-0;0;0;0;
0.549012;0;0;-10.6958;0;0;0;0;0;0;0;0;0;0;0;0;0;0;0;0;-0;-0;0;0;0;
0.550028;0;0;-10.6958;0;0;0;441.807;-297.741;1927.74;68.4311;140.14;5.96151;0;0;0;0;0;0;-441.807;297.741;-1927.74;-1066.94;12295.8;2143.61;
0.551051;0;0;-10.6958;0;0;0;0;0;0;0;0;0;0;0;0;0;0;0;0;-0;-0;0;0;0;
0.55202;0;0;-10.6958;0;0;0;0;0;0;0;0;0;0;0;0;0;0;0;0;-0;-0;0;0;0;
0.553052;0;0;-10.6958;0;0;0;0;0;0;0;0;0;0;0;0;0;0;0;0;-0;-0;0;0;0;
0.554023;0;0;-10.6958;0;0;0;0;0;0;0;0;0;0;0;0;0;0;0;0;-0;-0;0;0;0;
0.555057;0;0;-10.6958;0;0;0;0;0;0;0;0;0;0;0;0;0;0;0;0;-0;-0;0;0;0;
0.55603;0;0;-10.6958;0;0;0;0;0;0;0;0;0;0;0;0;0;0;0;0;-0;-0;0;0;0;
0.557002;0;0;-10.6958;0;0;0;0;0;0;0;0;0;0;0;0;0;0;0;0;-0;-0;0;0;0;
0.558035;0;0;-10.6958;0;0;0;0;0;0;0;0;0;0;0;0;0;0;0;0;-0;-0;0;0;0;
0.559009;0;0;-10.6958;0;0;0;0;0;0;0;0;0;0;0;0;0;0;0;0;-0;-0;0;0;0;
0.560042;0;0;-10.6958;0;0;0;0;0;0;0;0;0;0;0;0;0;0;0;0;-0;-0;0;0;0;
0.561015;0;0;-10.6958;0;0;0;0;0;0;0;0;0;0;0;0;0;0;0;0;-0;-0;0;0;0;
0.562049;0;0;-10.6958;0;0;0;0;0;0;0;0;0;0;0;0;0;0;0;0;-0;-0;0;0;0;
0.563022;0;0;-10.6958;0;0;0;0;0;0;0;0;0;0;0;0;0;0;0;0;-0;-0;0;0;0;
0.564055;0;0;-10.6958;0;0;0;0;0;0;0;0;0;0;0;0;0;0;0;0;-0;-0;0;0;0;
0.565028;0;0;-10.6958;0;0;0;0;0;0;0;0;0;0;0;0;0;0;0;0;-0;-0;0;0;0;
0.566001;0;0;-10.6958;0;0;0;0;0;0;0;0;0;0;0;0;0;0;0;0;-0;-0;0;0;0;
0.567033;0;0;-10.6958;0;0;0;0;0;0;0;0;0;0;0;0;0;0;0;0;-0;-0;0;0;0;
0.568005;0;0;-10.6958;0;0;0;0;0;0;0;0;0;0;0;0;0;0;0;0;-0;-0;0;0;0;
0.569038;0;0;-10.6958;0;0;0;0;0;0;0;0;0;0;0;0;0;0;0;0;-0;-0;0;0;0;
0.57001;0;0;-10.6958;0;0;0;1.60135;-0.20975;6.26242;0.268393;-0.562571;-0.0874726;0;0;0;0;0;0;-1.60135;0.20975;-6.26242;-3.43833;40.9367;2.25032;
0.571042;0;0;-10.6958;0;0;0;0;0;0;0;0;0;0;0;0;0;0;0;0;-0;-0;0;0;0;
0.572015;0;0;-10.6958;0;0;0;0.36022;-0.0385005;1.4064;0.0602708;-0.126329;-0.0188954;0;0;0;0;0;0;-0.36022;0.0385005;-1.4064;-0.771346;9.19326;0.449233;
0.573049;0;0;-10.6958;0;0;0;3.12339;-0.288702;12.1844;0.522164;-1.09437;-0.159783;0;0;0;0;0;0;-3.12339;0.288702;-12.1844;-6.67833;79.6459;3.5991;
0.574022;0;0;-10.6958;0;0;0;0;0;0;0;0;0;0;0;0;0;0;0;0;-0;-0;0;0;0;
0.575056;0;0;-10.6958;0;0;0;1.40914;-0.0919645;5.49032;0.235271;-0.493016;-0.0686428;0;0;0;0;0;0;-1.40914;0.0919645;-5.49032;-3.0056;35.8879;1.37255;
0.576029;0;0;-10.6958;0;0;0;0;0;0;0;0;0;0;0;0;0;0;0;0;-0;-0;0;0;0;
0.57706;0;0;-10.6958;0;0;0;1.34569;-1.60429;6.97992;0.291452;-0.624591;-0.199749;0;0;0;0;0;0;-1.34569;1.60429;-6.97992;-3.96415;45.6673;11.2606;
0.578029;0;0;-10.6958;0;0;0;0;0;0;0;0;0;0;0;0;0;0;0;0;-0;-0;0;0;0;
0.579001;0;0;-10.6958;0;0;0;0;0;0;0;0;0;0;0;0;0;0;0;0;-0;-0;0;0;0;
0.580035;0;0;-10.6958;0;0;0;0.728557;-0.759528;3.58644;0.149943;-0.321158;-0.098474;0;0;0;0;0;0;-0.728557;0.759528;-3.58644;-2.0308;23.4611;5.38108;
0.581008;0;0;-10.6958;0;0;0;10.541;-10.9383;51.8033;2.23558;-3.88755;-1.27576;0;0;0;0;0;0;-10.541;10.9383;-51.8033;-29.4009;338.123;77.3775;
0.58204;0;0;-10.6958;0;0;0;0;0;0;0;0;0;0;0;0;0;0;0;0;-0;-0;0;0;0;
0.583004;0;0;-10.6958;0;0;0;0;0;0;0;0;0;0;0;0;0;0;0;0;-0;-0;0;0;0;
0.584028;0;0;-10.6958;0;0;0;0;0;0;0;0;0;0;0;0;0;0;0;0;-0;-0;0;0;0;
0.585058;0;0;-10.6958;0;0;0;0;0;0;0;0;0;0;0;0;0;0;0;0;-0;-0;0;0;0;
0.586031;0;0;-10.6958;0;0;0;0;0;0;0;0;0;0;0;0;0;0;0;0;-0;-0;0;0;0;
0.587004;0;0;-10.6958;0;0;0;0;0;0;0;0;0;0;0;0;0;0;0;0;-0;-0;0;0;0;
0.588038;0;0;-10.6958;0;0;0;3.05073;-1.56593;12.7345;0.537368;-1.14301;-0.269287;0;0;0;0;0;0;-3.05073;1.56593;-12.7345;-7.10287;83.2582;11.9396;
0.589011;0;0;-10.6958;0;0;0;0;0;0;0;0;0;0;0;0;0;0;0;0;-0;-0;0;0;0;
0.590045;0;0;-10.6958;0;0;0;0.110302;-0.043107;0.447691;0.0189493;-0.0401986;-0.00853936;0;0;0;0;0;0;-0.110302;0.043107;-0.447691;-0.24856;2.9267;0.343045;
0.591019;0;0;-10.6958;0;0;0;0;0;0;0;0;0;0;0;0;0;0;0;0;-0;-0;0;0;0;
0.592053;0;0;-10.6958;0;0;0;0.304801;-0.0779047;1.2083;0.0513293;-0.108522;-0.0199451;0;0;0;0;0;0;-0.304801;0.0779047;-1.2083;-0.667161;7.89833;0.677538;
0.593027;0;0;-10.6958;0;0;0;0;0;0;0;0;0;0;0;0;0;0;0;0;-0;-0;0;0;0;
0.594;0;0;-10.6958;0;0;0;0;0;0;0;0;0;0;0;0;0;0;0;0;-0;-0;0;0;0;
0.595033;0;0;-10.6958;0;0;0;0;0;0;0;0;0;0;0;0;0;0;0;0;-0;-0;0;0;0;
0.596054;0;0;-10.6958;0;0;0;0;0;0;0;0;0;0;0;0;0;0;0;0;-0;-0;0;0;0;
0.597009;0;0;-10.6958;0;0;0;-1.48269;-0.696271;4.63988;0.195004;-0.403854;0.00171106;0;0;0;0;0;0;1.48269;0.696271;-4.63988;-2.60005;30.5844;3.75871;
0.598022;0;0;-10.6958;0;0;0;0;0;0;0;0;0;0;0;0;0;0;0;0;-0;-0;0;0;0;
0.599046;0;0;-10.6958;0;0;0;0;0;0;0;0;0;0;0;0;0;0;0;0;-0;-0;0;0;0;
0.600017;0;0;-10.6958;0;0;0;0;0;0;0;0;0;0;0;0;0;0;0;0;-0;-0;0;0;0;
0.601051;0;0;-10.6958;0;0;0;0;0;0;0;0;0;0;0;0;0;0;0;0;-0;-0;0;0;0;
0.602024;0;0;-10.6958;0;0;0;-1.88577;-0.872466;5.05223;0.211673;-0.438821;0.00322868;0;0;0;0;0;0;1.88577;0.872466;-5.05223;-2.84213;33.3285;4.69463;
0.603058;0;0;-10.6958;0;0;0;0;0;0;0;0;0;0;0;0;0;0;0;0;-0;-0;0;0;0;
0.604031;0;0;-10.6958;0;0;0;-17.551;-5.44097;29.0915;0.879853;-1.63009;0.105977;0;0;0;0;0;0;17.551;5.44097;-29.0915;-16.0686;191.686;26.2766;
0.605004;0;0;-10.6958;0;0;0;0.134615;-0.108142;0.611446;0.0264958;-0.0459824;-0.0139658;0;0;0;0;0;0;-0.134615;0.108142;-0.611446;-0.345113;3.98989;0.781643;
0.606038;0;0;-10.6958;0;0;0;0;0;0;0;0;0;0;0;0;0;0;0;0;-0;-0;0;0;0;
0.607012;0;0;-10.6958;0;0;0;0;0;0;0;0;0;0;0;0;0;0;0;0;-0;-0;0;0;0;
0.608041;0;0;-10.6958;0;0;0;0;0;0;0;0;0;0;0;0;0;0;0;0;-0;-0;0;0;0;
0.609011;0;0;-10.6958;0;0;0;-13.0117;-5.28215;22.1253;0.948694;-1.53529;0.191387;0;0;0;0;0;0;13.0117;5.28215;-22.1253;-12.616;146.047;27.4476;
0.61004;0;0;-10.6958;0;0;0;-2.86861;-0.98796;4.73629;0.168355;-0.342441;0.030536;0;0;0;0;0;0;2.86861;0.98796;-4.73629;-2.65156;31.286;4.92009;
0.611002;0;0;-10.6958;0;0;0;0.473125;1.00483;3.35584;-0.176827;0.0601782;0.00691113;0;0;0;0;0;0;-0.473125;-1.00483;-3.35584;-1.41092;21.6121;-6.27232;
0.612028;0;0;-10.6958;0;0;0;-6.21536;-1.91427;10.1022;0.360392;-0.729772;0.0834459;0;0;0;0;0;0;6.21536;1.91427;-10.1022;-5.63747;66.74;9.17813;
0.613;0;0;-10.6958;0;0;0;0;0;0;0;0;0;0;0;0;0;0;0;0;-0;-0;0;0;0;
0.614035;0;0;-10.6958;0;0;0;0;0;0;0;0;0;0;0;0;0;0;0;0;-0;-0;0;0;0;
0.615008;0;0;-10.6958;0;0;0;1.03763;2.75186;8.5908;-0.448672;0.158006;0.00357926;0;0;0;0;0;0;-1.03763;-2.75186;-8.5908;-3.59796;55.3396;-17.2921;
0.616043;0;0;-10.6958;0;0;0;1.32663;3.36396;10.6319;-0.55632;0.19455;0.00786019;0;0;0;0;0;0;-1.32663;-3.36396;-10.6319;-4.45604;68.4843;-21.1126;
0.617016;0;0;-10.6958;0;0;0;-6.54477;4.82488;50.7246;-0.734726;-0.828351;-0.02894;0;0;0;0;0;0;6.54477;-4.82488;-50.7246;-24.3096;329.79;-34.493;
0.61805;0;0;-10.6958;0;0;0;0;0;0;0;0;0;0;0;0;0;0;0;0;-0;-0;0;0;0;
0.619024;0;0;-10.6958;0;0;0;0;0;0;0;0;0;0;0;0;0;0;0;0;-0;-0;0;0;0;
0.620059;0;0;-10.6958;0;0;0;5.09192;-0.241814;19.8491;-0.544003;-0.228902;0.124744;0;0;0;0;0;0;-5.09192;0.241814;-19.8491;-9.47076;128.185;4.0032;
0.621032;0;0;-10.6958;0;0;0;-0.494453;-0.319251;1.80231;0.0780496;-0.129209;-0.00147489;0;0;0;0;0;0;0.494453;0.319251;-1.80231;-1.01732;11.844;1.81888;
0.622006;0;0;-10.6958;0;0;0;0;0;0;0;0;0;0;0;0;0;0;0;0;-0;-0;0;0;0;
0.62304;0;0;-10.6958;0;0;0;-3.43814;-2.80557;7.52839;0.446947;-0.407278;0.0523373;0;0;0;0;0;0;3.43814;2.80557;-7.52839;-4.51851;49.4789;16.3755;
0.624014;0;0;-10.6958;0;0;0;-2.82853;-2.88205;7.708;0.45752;-0.423672;0.0094785;0;0;0;0;0;0;2.82853;2.88205;-7.708;-4.62718;50.5965;17.2202;
0.625048;0;0;-10.6958;0;0;0;0;0;0;0;0;0;0;0;0;0;0;0;0;-0;-0;0;0;0;
0.626021;0;0;-10.6958;0;0;0;0;0;0;0;0;0;0;0;0;0;0;0;0;-0;-0;0;0;0;
0.627056;0;0;-10.6958;0;0;0;0.668909;-0.301799;2.75078;0.103833;0.198145;-0.00350997;0;0;0;0;0;0;-0.668909;0.301799;-2.75078;-1.51873;17.5383;2.29351;
0.62803;0;0;-10.6958;0;0;0;0.852704;0.670248;3.88027;-0.205732;0.0537763;0.0333383;0;0;0;0;0;0;-0.852704;-0.670248;-3.88027;-1.67983;24.9745;-3.94217;
0.629003;0;0;-10.6958;0;0;0;0;0;0;0;0;0;0;0;0;0;0;0;0;-0;-0;0;0;0;
0.630037;0;0;-10.6958;0;0;0;0;0;0;0;0;0;0;0;0;0;0;0;0;-0;-0;0;0;0;
0.631011;0;0;-10.6958;0;0;0;1.0783;0.65964;4.62103;-0.260301;0.0730296;0.0503156;0;0;0;0;0;0;-1.0783;-0.65964;-4.62103;-1.99917;29.7269;-3.77694;
0.632044;0;0;-10.6958;0;0;0;3.10034;-3.32748;15.8805;0.685118;0.410858;0.0227363;0;0;0;0;0;0;-3.10034;3.32748;-15.8805;-9.01301;102.06;23.074;
0.633003;0;0;-10.6958;0;0;0;1.26292;-0.460492;5.09921;0.195719;0.366556;-0.0153712;0;0;0;0;0;0;-1.26292;0.460492;-5.09921;-2.8086;32.5097;3.63144;
0.63402;0;0;-10.6958;0;0;0;-3.77765;8.80628;47.3908;-1.12623;0.0862172;-0.131477;0;0;0;0;0;0;3.77765;-8.80628;-47.3908;-21.8402;307.019;-58.7664;
0.635043;0;0;-10.6958;0;0;0;0;0;0;0;0;0;0;0;0;0;0;0;0;-0;-0;0;0;0;
0.636012;0;0;-10.6958;0;0;0;0;0;0;0;0;0;0;0;0;0;0;0;0;-0;-0;0;0;0;
0.637047;0;0;-10.6958;0;0;0;0;0;0;0;0;0;0;0;0;0;0;0;0;-0;-0;0;0;0;
0.63802;0;0;-10.6958;0;0;0;4.30397;16.7454;48.1131;-2.48368;0.919102;-0.0977085;0;0;0;0;0;0;-4.30397;-16.7454;-48.1131;-20.0472;310.047;-106.116;
0.639055;0;0;-10.6958;0;0;0;2.80592;3.16954;20.8494;0.0149891;-0.646365;-0.2645;0;0;0;0;0;0;-2.80592;-3.16954;-20.8494;-10.1899;135.306;-18.8373;
0.640028;0;0;-10.6958;0;0;0;-2.99907;-2.18466;6.19272;0.368841;-0.333365;0.0610215;0;0;0;0;0;0;2.99907;2.18466;-6.19272;-3.70564;40.716;12.5691;
0.641002;0;0;-10.6958;0;0;0;0.394501;0.584386;2.26416;-0.12155;0.0388519;0.0111508;0;0;0;0;0;0;-0.394501;-0.584386;-2.26416;-0.959233;14.5757;-3.59488;
0.642036;0;0;-10.6958;0;0;0;0;0;0;0;0;0;0;0;0;0;0;0;0;-0;-0;0;0;0;
0.643009;0;0;-10.6958;0;0;0;-4.36799;-4.05152;23.7149;0.453121;-0.172823;0.08248;0;0;0;0;0;0;4.36799;4.05152;-23.7149;-12.7971;154.101;23.9415;
0.644044;0;0;-10.6958;0;0;0;3.208;19.9241;53.8911;-2.6055;1.14923;-0.276526;0;0;0;0;0;0;-3.208;-19.9241;-53.8911;-22.5137;347.325;-127.062;
0.645018;0;0;-10.6958;0;0;0;3.21781;0.775684;12.7305;-0.740987;0.195528;0.175381;0;0;0;0;0;0;-3.21781;-0.775684;-12.7305;-5.58848;81.8757;-3.57621;
0.646052;0;0;-10.6958;0;0;0;-4.94251;-3.22114;12.0759;0.515232;-0.854098;-0.0169458;0;0;0;0;0;0;4.94251;3.22114;-12.0759;-6.91746;79.5095;18.3773;
0.647025;0;0;-10.6958;0;0;0;-6.41343;2.42808;40.4686;0.179659;-0.918847;-0.165267;0;0;0;0;0;0;6.41343;-2.42808;-40.4686;-20.304;263.487;-18.7778;
0.64806;0;0;-10.6958;0;0;0;0;0;0;0;0;0;0;0;0;0;0;0;0;-0;-0;0;0;0;
0.649033;0;0;-10.6958;0;0;0;0;0;0;0;0;0;0;0;0;0;0;0;0;-0;-0;0;0;0;
0.650007;0;0;-10.6958;0;0;0;0.0706079;-0.0159578;0.278795;0.0123116;-0.021036;-0.0043221;0;0;0;0;0;0;-0.0706079;0.0159578;-0.278795;-0.154241;1.81836;0.143143;
0.651041;0;0;-10.6958;0;0;0;3.63594;-4.5242;59.2619;-0.101363;-0.726054;0.0985381;0;0;0;0;0;0;-3.63594;4.5242;-59.2619;-30.1817;383.917;31.0133;
0.652014;0;0;-10.6958;0;0;0;1.2557;2.88507;10.99;-0.216071;-0.0277661;-0.0862268;0;0;0;0;0;0;-1.2557;-2.88507;-10.99;-5.02506;71.0313;-17.9547;
0.653048;0;0;-10.6958;0;0;0;4.45827;6.03748;26.293;-0.632081;0.386725;-0.109642;0;0;0;0;0;0;-4.45827;-6.03748;-26.293;-11.9941;169.34;-36.7224;
0.654022;0;0;-10.6958;0;0;0;-3.19763;-3.03178;7.65685;0.452852;-0.417112;0.0239603;0;0;0;0;0;0;3.19763;3.03178;-7.65685;-4.61184;50.2959;17.989;
0.655056;0;0;-10.6958;0;0;0;0.336862;-0.229429;1.47297;0.0533804;0.106799;0.00442696;0;0;0;0;0;0;-0.336862;0.229429;-1.47297;-0.81785;9.39274;1.65004;
0.65603;0;0;-10.6958;0;0;0;2.57265;-1.3526;10.7729;0.401062;0.777526;0.00184602;0;0;0;0;0;0;-2.57265;1.3526;-10.7729;-5.95943;68.6884;10.0474;
0.657004;0;0;-10.6958;0;0;0;0.419835;0.697529;2.56293;-0.136762;0.0445916;0.010267;0;0;0;0;0;0;-0.419835;-0.697529;-2.56293;-1.08301;16.501;-4.31353;
0.658036;0;0;-10.6958;0;0;0;1.67381;10.759;28.9694;-1.47994;0.574464;-0.127844;0;0;0;0;0;0;-1.67381;-10.759;-28.9694;-12.0181;186.754;-68.6648;
0.659006;0;0;-10.6958;0;0;0;0.778586;-0.416751;3.26829;0.121465;0.235947;0.00115068;0;0;0;0;0;0;-0.778586;0.416751;-3.26829;-1.80841;20.8388;3.08804;
0.660036;0;0;-10.6958;0;0;0;0;0;0;0;0;0;0;0;0;0;0;0;0;-0;-0;0;0;0;
0.661007;0;0;-10.6958;0;0;0;3.23976;-3.40843;16.1818;0.581807;0.62547;0.063016;0;0;0;0;0;0;-3.23976;3.40843;-16.1818;-9.0695;103.781;23.6278;
0.662041;0;0;-10.6958;0;0;0;3.46714;-2.0059;14.7224;0.542944;1.06417;0.0171268;0;0;0;0;0;0;-3.46714;2.0059;-14.7224;-8.15491;93.8735;14.7106;
0.663015;0;0;-10.6958;0;0;0;1.62567;5.40994;16.0084;-0.830088;0.301378;-0.0175524;0;0;0;0;0;0;-1.62567;-5.40994;-16.0084;-6.68279;103.145;-34.1786;
0.664048;0;0;-10.6958;0;0;0;0;0;0;0;0;0;0;0;0;0;0;0;0;-0;-0;0;0;0;
0.665022;0;0;-10.6958;0;0;0;0.337903;-0.0281071;1.31755;0.0535467;0.0943322;-0.0117204;0;0;0;0;0;0;-0.337903;0.0281071;-1.31755;-0.719529;8.39918;0.36371;
0.666057;0;0;-10.6958;0;0;0;0;0;0;0;0;0;0;0;0;0;0;0;0;-0;-0;0;0;0;
0.667031;0;0;-10.6958;0;0;0;-2.80901;-1.95116;5.6722;0.334443;-0.308368;0.0595561;0;0;0;0;0;0;2.80901;1.95116;-5.6722;-3.38576;37.3029;11.155;
0.668005;0;0;-10.6958;0;0;0;0.356491;0.305833;1.64832;-0.0912311;0.0266961;0.0147778;0;0;0;0;0;0;-0.356491;-0.305833;-1.64832;-0.707624;10.6057;-1.81477;
0.66904;0;0;-10.6958;0;0;0;-3.30716;-2.66316;8.92752;0.378891;-0.633902;-0.0487403;0;0;0;0;0;0;3.30716;2.66316;-8.92752;-5.14034;58.7478;15.6208;
0.670014;0;0;-10.6958;0;0;0;0;0;0;0;0;0;0;0;0;0;0;0;0;-0;-0;0;0;0;
0.671048;0;0;-10.6958;0;0;0;0;0;0;0;0;0;0;0;0;0;0;0;0;-0;-0;0;0;0;
0.672021;0;0;-10.6958;0;0;0;0;0;0;0;0;0;0;0;0;0;0;0;0;-0;-0;0;0;0;
0.673056;0;0;-10.6958;0;0;0;1.70196;-0.359153;6.70783;0.29639;-0.506153;-0.102303;0;0;0;0;0;0;-1.70196;0.359153;-6.70783;-3.70874;43.7495;3.28346;
0.674026;0;0;-10.6958;0;0;0;2.06682;4.98999;15.9966;-0.839016;0.291015;0.0176244;0;0;0;0;0;0;-2.06682;-4.98999;-15.9966;-6.71023;103.035;-31.2737;
0.675044;0;0;-10.6958;0;0;0;1.24927;-0.838122;5.44607;0.236742;-0.409996;-0.117403;0;0;0;0;0;0;-1.24927;0.838122;-5.44607;-3.06222;35.5325;6.17071;
0.676005;0;0;-10.6958;0;0;0;0.517309;-0.331892;2.23587;0.0815644;0.161917;0.00516359;0;0;0;0;0;0;-0.517309;0.331892;-2.23587;-1.24033;14.2571;2.4033;
0.677034;0;0;-10.6958;0;0;0;-11.8846;-8.36263;50.0452;0.576386;-1.03388;0.238118;0;0;0;0;0;0;11.8846;8.36263;-50.0452;-26.6069;326.134;47.905;
0.678005;0;0;-10.6958;0;0;0;0;0;0;0;0;0;0;0;0;0;0;0;0;-0;-0;0;0;0;
0.67904;0;0;-10.6958;0;0;0;0;0;0;0;0;0;0;0;0;0;0;0;0;-0;-0;0;0;0;
0.680013;0;0;-10.6958;0;0;0;1.65506;0.818352;20.8913;-0.299274;0.127425;-0.0624601;0;0;0;0;0;0;-1.65506;-0.818352;-20.8913;-10.1334;134.919;-4.40108;
0.681042;0;0;-10.6958;0;0;0;0;0;0;0;0;0;0;0;0;0;0;0;0;-0;-0;0;0;0;
0.682011;0;0;-10.6958;0;0;0;0;0;0;0;0;0;0;0;0;0;0;0;0;-0;-0;0;0;0;
0.683042;0;0;-10.6958;0;0;0;0;0;0;0;0;0;0;0;0;0;0;0;0;-0;-0;0;0;0;
0.684012;0;0;-10.6958;0;0;0;0;0;0;0;0;0;0;0;0;0;0;0;0;-0;-0;0;0;0;
0.685043;0;0;-10.6958;0;0;0;0;0;0;0;0;0;0;0;0;0;0;0;0;-0;-0;0;0;0;
0.686006;0;0;-10.6958;0;0;0;4.0699;8.66344;31.2458;-1.3781;0.323814;-0.0463084;0;0;0;0;0;0;-4.0699;-8.66344;-31.2458;-13.4767;201.496;-53.977;
0.687026;0;0;-10.6958;0;0;0;11.1249;9.84281;54.4729;-1.75899;0.736212;0.0340371;0;0;0;0;0;0;-11.1249;-9.84281;-54.4729;-24.6679;350.706;-58.1396;
0.688057;0;0;-10.6958;0;0;0;-1.40756;-1.23716;3.21616;0.190565;-0.17458;0.0162456;0;0;0;0;0;0;1.40756;1.23716;-3.21616;-1.93385;21.132;7.28248;
0.68903;0;0;-10.6958;0;0;0;-12.4371;-6.41676;60.7211;0.752275;-0.461875;0.10493;0;0;0;0;0;0;12.4371;6.41676;-60.7211;-31.9604;394.714;35.166;
0.690004;0;0;-10.6958;0;0;0;0.0506232;-0.704756;2.53509;0.107959;-0.187063;-0.0541594;0;0;0;0;0;0;-0.0506232;0.704756;-2.53509;-1.45486;16.5896;4.64098;
0.691039;0;0;-10.6958;0;0;0;0;0;0;0;0;0;0;0;0;0;0;0;0;-0;-0;0;0;0;
0.692013;0;0;-10.6958;0;0;0;0;0;0;0;0;0;0;0;0;0;0;0;0;-0;-0;0;0;0;
0.693048;0;0;-10.6958;0;0;0;0;0;0;0;0;0;0;0;0;0;0;0;0;-0;-0;0;0;0;
0.694022;0;0;-10.6958;0;0;0;2.86898;9.49052;28.1179;-1.45828;0.529065;-0.0297793;0;0;0;0;0;0;-2.86898;-9.49052;-28.1179;-11.7389;181.167;-59.951;
0.695056;0;0;-10.6958;0;0;0;0;0;0;0;0;0;0;0;0;0;0;0;0;-0;-0;0;0;0;
0.69603;0;0;-10.6958;0;0;0;0;0;0;0;0;0;0;0;0;0;0;0;0;-0;-0;0;0;0;
0.697004;0;0;-10.6958;0;0;0;0.611987;-0.101823;2.40052;0.10626;-0.181156;-0.034774;0;0;0;0;0;0;-0.611987;0.101823;-2.40052;-1.32474;15.6563;1.00182;
0.69804;0;0;-10.6958;0;0;0;0.63985;0.27724;2.62068;-0.149842;0.0407683;0.0322718;0;0;0;0;0;0;-0.63985;-0.27724;-2.62068;-1.1413;16.8565;-1.50458;
0.699013;0;0;-10.6958;0;0;0;0;0;0;0;0;0;0;0;0;0;0;0;0;-0;-0;0;0;0;
0.700048;0;0;-10.6958;0;0;0;2.32023;-0.017219;9.04772;0.163791;0.293955;-0.051064;0;0;0;0;0;0;-2.32023;0.017219;-9.04772;-4.71945;58.0314;1.33033;
0.701022;0;0;-10.6958;0;0;0;0;0;0;0;0;0;0;0;0;0;0;0;0;-0;-0;0;0;0;
0.702057;0;0;-10.6958;0;0;0;0;0;0;0;0;0;0;0;0;0;0;0;0;-0;-0;0;0;0;
0.703031;0;0;-10.6958;0;0;0;0;0;0;0;0;0;0;0;0;0;0;0;0;-0;-0;0;0;0;
0.704005;0;0;-10.6958;0;0;0;1.82085;4.42994;14.1691;-0.742933;0.257994;0.0148118;0;0;0;0;0;0;-1.82085;-4.42994;-14.1691;-5.94284;91.2641;-27.7699;
0.705039;0;0;-10.6958;0;0;0;-6.81946;9.40947;52.917;-1.03812;-0.113642;-0.183112;0;0;0;0;0;0;6.81946;-9.40947;-52.917;-24.6492;343.291;-64.1495;
0.706013;0;0;-10.6958;0;0;0;0;0;0;0;0;0;0;0;0;0;0;0;0;-0;-0;0;0;0;
0.707048;0;0;-10.6958;0;0;0;0;0;0;0;0;0;0;0;0;0;0;0;0;-0;-0;0;0;0;
0.708022;0;0;-10.6958;0;0;0;-5.57792;-4.98508;13.0335;0.724721;-0.494223;0.145483;0;0;0;0;0;0;5.57792;4.98508;-13.0335;-7.78649;85.4111;29.3116;
0.709057;0;0;-10.6958;0;0;0;0;0;0;0;0;0;0;0;0;0;0;0;0;-0;-0;0;0;0;
0.710031;0;0;-10.6958;0;0;0;0;0;0;0;0;0;0;0;0;0;0;0;0;-0;-0;0;0;0;
0.711005;0;0;-10.6958;0;0;0;1.39396;-1.53307;7.00009;0.239189;0.514324;0.0650095;0;0;0;0;0;0;-1.39396;1.53307;-7.00009;-3.91679;44.6515;10.559;
0.712039;0;0;-10.6958;0;0;0;7.77517;4.51829;42.6359;-0.297364;-0.849205;-0.168756;0;0;0;0;0;0;-7.77517;-4.51829;-42.6359;-20.7076;276.016;-25.1612;
0.713013;0;0;-10.6958;0;0;0;7.16979;6.70977;34.0329;-0.809683;1.14315;-0.0552634;0;0;0;0;0;0;-7.16979;-6.70977;-34.0329;-15.6446;218.404;-39.7631;
0.714048;0;0;-10.6958;0;0;0;-6.97483;-2.89535;11.9156;0.510408;-0.827823;0.0976171;0;0;0;0;0;0;6.97483;2.89535;-11.9156;-6.79921;78.6501;15.1312;
0.715022;0;0;-10.6958;0;0;0;1.58008;5.31127;15.6841;-0.813023;0.295567;-0.0181837;0;0;0;0;0;0;-1.58008;-5.31127;-15.6841;-6.54661;101.056;-33.5622;
0.716056;0;0;-10.6958;0;0;0;-8.19344;4.05184;31.2522;-0.496694;-0.388206;-0.0557705;0;0;0;0;0;0;8.19344;-4.05184;-31.2522;-14.8255;203.484;-30.2926;
0.71703;0;0;-10.6958;0;0;0;0;0;0;0;0;0;0;0;0;0;0;0;0;-0;-0;0;0;0;
0.718004;0;0;-10.6958;0;0;0;0.463736;-0.459851;2.24309;0.0776729;0.164248;0.017614;0;0;0;0;0;0;-0.463736;0.459851;-2.24309;-1.25296;14.3069;3.19205;
0.719038;0;0;-10.6958;0;0;0;0;0;0;0;0;0;0;0;0;0;0;0;0;-0;-0;0;0;0;
0.720011;0;0;-10.6958;0;0;0;3.22422;0.549824;12.6765;-0.383123;0.393746;0.0751597;0;0;0;0;0;0;-3.22422;-0.549824;-12.6765;-5.94192;81.3268;-2.01092;
0.721046;0;0;-10.6958;0;0;0;1.77907;6.22006;24.0768;-0.263791;-0.429984;-0.273261;0;0;0;0;0;0;-1.77907;-6.22006;-24.0768;-11.2287;156.082;-39.0889;
0.72202;0;0;-10.6958;0;0;0;1.85832;5.61727;16.9743;-0.882905;0.316499;-0.00807935;0;0;0;0;0;0;-1.85832;-5.61727;-16.9743;-7.09533;109.358;-35.4128;
0.723054;0;0;-10.6958;0;0;0;-10.4367;3.97515;33.5281;-0.434557;-0.488007;-0.0707359;0;0;0;0;0;0;10.4367;-3.97515;-33.5281;-16.0409;218.54;-30.9103;
0.724028;0;0;-10.6958;0;0;0;2.75501;-11.6507;37.2452;1.24572;0.189975;0.180387;0;0;0;0;0;0;-2.75501;11.6507;-37.2452;-21.1647;240.592;76.6122;
0.725002;0;0;-10.6958;0;0;0;0;0;0;0;0;0;0;0;0;0;0;0;0;-0;-0;0;0;0;
0.726006;0;0;-10.6958;0;0;0;1.53892;0.0039024;5.98857;0.24769;0.428663;-0.0639298;0;0;0;0;0;0;-1.53892;-0.0039024;-5.98857;-3.26149;38.1758;0.81325;
0.727003;0;0;-10.6958;0;0;0;0;0;0;0;0;0;0;0;0;0;0;0;0;-0;-0;0;0;0;
0.728012;0;0;-10.6958;0;0;0;-1.69368;-0.888925;3.0746;0.13069;-0.21436;0.0100166;0;0;0;0;0;0;1.69368;0.888925;-3.0746;-1.76768;20.2843;4.89083;
0.729033;0;0;-10.6958;0;0;0;2.30246;-0.56627;31.6844;-0.374305;-0.751826;0.0141319;0;0;0;0;0;0;-2.30246;0.56627;-31.6844;-15.6302;205.588;4.80978;
0.73006;0;0;-10.6958;0;0;0;0;0;0;0;0;0;0;0;0;0;0;0;0;-0;-0;0;0;0;
0.731027;0;0;-10.6958;0;0;0;0.475271;-0.376119;2.15049;0.0765864;0.156463;0.0104392;0;0;0;0;0;0;-0.475271;0.376119;-2.15049;-1.19683;13.7142;2.6631;
0.732059;0;0;-10.6958;0;0;0;-0.726272;-0.423812;2.02558;0.087254;-0.144;0.00115593;0;0;0;0;0;0;0.726272;0.423812;-2.02558;-1.14943;13.3271;2.3763;
0.733032;0;0;-10.6958;0;0;0;-1.55729;5.61552;33.9193;-0.505893;-0.152093;-0.175607;0;0;0;0;0;0;1.55729;-5.61552;-33.9193;-16.0014;219.842;-36.9531;
0.734007;0;0;-10.6958;0;0;0;-5.08283;-2.90329;27.8278;0.0309362;-0.406117;0.0974887;0;0;0;0;0;0;5.08283;2.90329;-27.8278;-14.3295;181.025;16.1349;
0.735041;0;0;-10.6958;0;0;0;0;0;0;0;0;0;0;0;0;0;0;0;0;-0;-0;0;0;0;
0.736016;0;0;-10.6958;0;0;0;0;0;0;0;0;0;0;0;0;0;0;0;0;-0;-0;0;0;0;
0.737051;0;0;-10.6958;0;0;0;0;0;0;0;0;0;0;0;0;0;0;0;0;-0;-0;0;0;0;
0.738025;0;0;-10.6958;0;0;0;-1.49288;-3.57584;10.7752;0.395651;-0.111801;0.0730388;0;0;0;0;0;0;1.49288;3.57584;-10.7752;-6.17893;70.0012;22.3191;
0.739058;0;0;-10.6958;0;0;0;0;0;0;0;0;0;0;0;0;0;0;0;0;-0;-0;0;0;0;
0.740022;0;0;-10.6958;0;0;0;0.575539;-0.083906;2.25341;0.0998318;-0.170059;-0.03183;0;0;0;0;0;0;-0.575539;0.083906;-2.25341;-1.24247;14.6967;0.864571;
0.741047;0;0;-10.6958;0;0;0;0;0;0;0;0;0;0;0;0;0;0;0;0;-0;-0;0;0;0;
0.74202;0;0;-10.6958;0;0;0;0;0;0;0;0;0;0;0;0;0;0;0;0;-0;-0;0;0;0;
0.743056;0;0;-10.6958;0;0;0;4.57292;7.16787;27.2105;-1.39147;0.413203;0.104777;0;0;0;0;0;0;-4.57292;-7.16787;-27.2105;-11.5829;175.239;-44.1951;
0.744028;0;0;-10.6958;0;0;0;2.50729;1.52115;27.9968;-0.372571;-0.371672;-0.076963;0;0;0;0;0;0;-2.50729;-1.52115;-27.9968;-13.5658;181.321;-8.50623;
0.745059;0;0;-10.6958;0;0;0;0;0;0;0;0;0;0;0;0;0;0;0;0;-0;-0;0;0;0;
0.74603;0;0;-10.6958;0;0;0;1.70939;0.749792;7.00962;-0.400599;0.109094;0.086022;0;0;0;0;0;0;-1.70939;-0.749792;-7.00962;-3.05206;45.0866;-4.07846;
0.747004;0;0;-10.6958;0;0;0;6.0702;0.10343;23.7563;-0.244348;1.01331;0.034724;0;0;0;0;0;0;-6.0702;-0.10343;-23.7563;-11.7024;152.131;2.35114;
0.748039;0;0;-10.6958;0;0;0;-5.28039;14.5434;65.1566;-1.76335;0.302943;-0.296319;0;0;0;0;0;0;5.28039;-14.5434;-65.1566;-29.568;421.936;-96.4895;
0.749014;0;0;-10.6958;0;0;0;-2.0399;-14.0985;44.7835;1.65661;-0.45226;0.128219;0;0;0;0;0;0;2.0399;14.0985;-44.7835;-25.6162;290.506;90.0933;
0.750049;0;0;-10.6958;0;0;0;0;0;0;0;0;0;0;0;0;0;0;0;0;-0;-0;0;0;0;
0.751022;0;0;-10.6958;0;0;0;0.375876;-0.513264;4.8875;0.214166;-0.362625;-0.0545518;0;0;0;0;0;0;-0.375876;0.513264;-4.8875;-2.72583;31.9578;3.56569;
0.752055;0;0;-10.6958;0;0;0;3.67145;9.66689;35.147;-1.27546;0.14784;-0.19951;0;0;0;0;0;0;-3.67145;-9.66689;-35.147;-15.442;226.962;-60.5187;
0.75303;0;0;-10.6958;0;0;0;-2.9661;-2.56146;6.70712;0.397591;-0.363778;0.0369;0;0;0;0;0;0;2.9661;2.56146;-6.70712;-4.03124;44.0722;15.0485;
0.754004;0;0;-10.6958;0;0;0;0;0;0;0;0;0;0;0;0;0;0;0;0;-0;-0;0;0;0;
0.755039;0;0;-10.6958;0;0;0;-6.81319;-4.62995;13.6229;0.813079;-0.731273;0.158109;0;0;0;0;0;0;6.81319;4.62995;-13.6229;-8.13579;89.5872;26.3787;
0.756013;0;0;-10.6958;0;0;0;0;0;0;0;0;0;0;0;0;0;0;0;0;-0;-0;0;0;0;
0.757048;0;0;-10.6958;0;0;0;0;0;0;0;0;0;0;0;0;0;0;0;0;-0;-0;0;0;0;
0.758019;0;0;-10.6958;0;0;0;0;0;0;0;0;0;0;0;0;0;0;0;0;-0;-0;0;0;0;
0.759051;0;0;-10.6958;0;0;0;1.57932;-0.341571;36.2428;-0.236043;-0.520103;0.0547877;0;0;0;0;0;0;-1.57932;0.341571;-36.2428;-18.0402;234.932;2.95084;
0.76002;0;0;-10.6958;0;0;0;0.664531;0.170492;2.63471;0.114498;0.189002;-0.0411093;0;0;0;0;0;0;-0.664531;-0.170492;-2.63471;-1.42346;16.7965;-0.727875;
0.761046;0;0;-10.6958;0;0;0;0;0;0;0;0;0;0;0;0;0;0;0;0;-0;-0;0;0;0;
0.762017;0;0;-10.6958;0;0;0;0;0;0;0;0;0;0;0;0;0;0;0;0;-0;-0;0;0;0;
0.76305;0;0;-10.6958;0;0;0;0.127082;-3.5533;31.2245;0.361698;0.216447;0.0293259;0;0;0;0;0;0;-0.127082;3.5533;-31.2245;-16.4354;201.862;23.0323;
0.764021;0;0;-10.6958;0;0;0;0;0;0;0;0;0;0;0;0;0;0;0;0;-0;-0;0;0;0;
0.765054;0;0;-10.6958;0;0;0;0;0;0;0;0;0;0;0;0;0;0;0;0;-0;-0;0;0;0;
0.766027;0;0;-10.6958;0;0;0;-3.38945;-1.36633;5.75522;0.246753;-0.399694;0.0504316;0;0;0;0;0;0;3.38945;1.36633;-5.75522;-3.28102;37.9898;7.08674;
0.767002;0;0;-10.6958;0;0;0;-4.64832;-3.55273;9.83042;0.584681;-0.530284;0.0848212;0;0;0;0;0;0;4.64832;3.55273;-9.83042;-5.89014;64.6226;20.5695;
0.768033;0;0;-10.6958;0;0;0;0.709203;-0.398303;3.04827;0.132713;0.104008;-0.00663516;0;0;0;0;0;0;-0.709203;0.398303;-3.04827;-1.70707;19.5536;2.94149;
0.769;0;0;-10.6958;0;0;0;0.107047;7.12106;29.5588;-1.07114;0.132668;-0.0766289;0;0;0;0;0;0;-0.107047;-7.12106;-29.5588;-13.0899;191.167;-45.9585;
0.770031;0;0;-10.6958;0;0;0;-4.00203;-12.6022;31.2894;1.45499;-0.0470998;0.240877;0;0;0;0;0;0;4.00203;12.6022;-31.2894;-18.4721;202.961;79.3088;
0.771005;0;0;-10.6958;0;0;0;0;0;0;0;0;0;0;0;0;0;0;0;0;-0;-0;0;0;0;
0.772039;0;0;-10.6958;0;0;0;1.42794;-0.278982;5.61776;0.223101;0.402626;-0.0367137;0;0;0;0;0;0;-1.42794;0.278982;-5.61776;-3.07875;35.813;2.56106;
0.77301;0;0;-10.6958;0;0;0;0;0;0;0;0;0;0;0;0;0;0;0;0;-0;-0;0;0;0;
0.774041;0;0;-10.6958;0;0;0;0;0;0;0;0;0;0;0;0;0;0;0;0;-0;-0;0;0;0;
0.775013;0;0;-10.6958;0;0;0;-4.51872;-1.80637;7.65976;0.328495;-0.531906;0.0683519;0;0;0;0;0;0;4.51872;1.80637;-7.65976;-4.36565;50.5622;9.34844;
0.776039;0;0;-10.6958;0;0;0;0.580328;-3.1379;16.6783;0.677636;-0.720222;-0.0856185;0;0;0;0;0;0;-0.580328;3.1379;-16.6783;-9.38809;108.607;20.6869;
0.777001;0;0;-10.6958;0;0;0;0.241167;-0.090747;0.975974;0.0373756;0.0701746;-0.00271075;0;0;0;0;0;0;-0.241167;0.090747;-0.975974;-0.537742;6.22225;0.711429;
0.778021;0;0;-10.6958;0;0;0;-12.589;6.16596;64.4578;-0.674989;-0.39705;-0.115396;0;0;0;0;0;0;12.589;-6.16596;-64.4578;-31.1478;418.848;-46.1283;
0.779043;0;0;-10.6958;0;0;0;0;0;0;0;0;0;0;0;0;0;0;0;0;-0;-0;0;0;0;
0.78001;0;0;-10.6958;0;0;0;0;0;0;0;0;0;0;0;0;0;0;0;0;-0;-0;0;0;0;
0.781042;0;0;-10.6958;0;0;0;-15.7052;-4.3556;82.8396;0.411784;-1.01212;0.105678;0;0;0;0;0;0;15.7052;4.3556;-82.8396;-42.5455;538.747;20.1798;
0.782011;0;0;-10.6958;0;0;0;1.50416;-0.924097;6.46739;0.23875;0.413179;0.00881009;0;0;0;0;0;0;-1.50416;0.924097;-6.46739;-3.58696;41.2937;6.72922;
0.783042;0;0;-10.6958;0;0;0;0;0;0;0;0;0;0;0;0;0;0;0;0;-0;-0;0;0;0;
0.784016;0;0;-10.6958;0;0;0;-10.0628;10.4967;54.006;-0.892794;-0.602707;-0.307104;0;0;0;0;0;0;10.0628;-10.4967;-54.006;-25.2335;351.153;-72.6944;
0.785051;0;0;-10.6958;0;0;0;0.597525;0.278844;2.46607;-0.14059;0.0384704;0.0297148;0;0;0;0;0;0;-0.597525;-0.278844;-2.46607;-1.07259;15.8623;-1.5337;
0.786026;0;0;-10.6958;0;0;0;0;0;0;0;0;0;0;0;0;0;0;0;0;-0;-0;0;0;0;
0.787;0;0;-10.6958;0;0;0;2.11388;-1.32242;9.09456;0.332674;0.658285;0.0183954;0;0;0;0;0;0;-2.11388;1.32242;-9.09456;-5.0433;57.9908;9.60454;
0.788035;0;0;-10.6958;0;0;0;0;0;0;0;0;0;0;0;0;0;0;0;0;-0;-0;0;0;0;
0.789005;0;0;-10.6958;0;0;0;-1.97458;2.61549;16.5371;-0.283734;-0.207801;-0.0496622;0;0;0;0;0;0;1.97458;-2.61549;-16.5371;-7.7766;107.438;-17.8722;
0.790037;0;0;-10.6958;0;0;0;-3.39107;3.99943;49.2376;-0.648188;-0.10844;-0.0583168;0;0;0;0;0;0;3.39107;-3.99943;-49.2376;-23.732;319.125;-27.5336;
0.79101;0;0;-10.6958;0;0;0;-7.63056;-5.32209;15.4384;0.893893;-0.811604;0.163772;0;0;0;0;0;0;7.63056;5.32209;-15.4384;-9.20004;101.5;30.4412;
0.792046;0;0;-10.6958;0;0;0;0;0;0;0;0;0;0;0;0;0;0;0;0;-0;-0;0;0;0;
0.79302;0;0;-10.6958;0;0;0;-1.48005;-1.60047;6.01862;0.157417;-0.194224;0.0457924;0;0;0;0;0;0;1.48005;1.60047;-6.01862;-3.34782;39.2968;9.56779;
0.794056;0;0;-10.6958;0;0;0;0;0;0;0;0;0;0;0;0;0;0;0;0;-0;-0;0;0;0;
0.79503;0;0;-10.6958;0;0;0;-0.12052;0.30256;4.16916;0.0266316;-0.152056;-0.0204967;0;0;0;0;0;0;0.12052;-0.30256;-4.16916;-2.09463;27.1478;-1.99839;
0.796004;0;0;-10.6958;0;0;0;0;0;0;0;0;0;0;0;0;0;0;0;0;-0;-0;0;0;0;
0.797037;0;0;-10.6958;0;0;0;0.286229;-0.14194;1.18964;-0.0741602;0.0186041;0.0200628;0;0;0;0;0;0;-0.286229;0.14194;-1.18964;-0.538901;7.65214;1.04267;
0.798012;0;0;-10.6958;0;0;0;0;0;0;0;0;0;0;0;0;0;0;0;0;-0;-0;0;0;0;
0.799047;0;0;-10.6958;0;0;0;-9.18378;3.28022;63.0757;-1.25547;-0.79696;0.250446;0;0;0;0;0;0;9.18378;-3.28022;-63.0757;-30.1621;409.959;-26.1031;
0.800019;0;0;-10.6958;0;0;0;0;0;0;0;0;0;0;0;0;0;0;0;0;-0;-0;0;0;0;
0.801051;0;0;-10.6958;0;0;0;-4.27776;-2.72089;12.5082;0.313709;-0.69844;0.0688185;0;0;0;0;0;0;4.27776;2.72089;-12.5082;-6.88328;82.0847;15.3882;
0.802025;0;0;-10.6958;0;0;0;-1.02538;-1.00428;2.59088;0.153441;-0.141688;0.00580526;0;0;0;0;0;0;1.02538;1.00428;-2.59088;-1.55857;17.0136;5.97799;
0.803059;0;0;-10.6958;0;0;0;2.18138;1.0387;10.3166;-0.0777828;-0.14827;-0.0499349;0;0;0;0;0;0;-2.18138;-1.0387;-10.3166;-5.01029;66.6995;-5.57477;
0.80403;0;0;-10.6958;0;0;0;0;0;0;0;0;0;0;0;0;0;0;0;0;-0;-0;0;0;0;
0.80506;0;0;-10.6958;0;0;0;0;0;0;0;0;0;0;0;0;0;0;0;0;-0;-0;0;0;0;
0.806023;0;0;-10.6958;0;0;0;0;0;0;0;0;0;0;0;0;0;0;0;0;-0;-0;0;0;0;
0.807051;0;0;-10.6958;0;0;0;2.61752;6.85845;21.4807;-1.12303;0.394407;0.0109183;0;0;0;0;0;0;-2.61752;-6.85845;-21.4807;-8.99858;138.369;-43.0827;
0.808023;0;0;-10.6958;0;0;0;0;0;0;0;0;0;0;0;0;0;0;0;0;-0;-0;0;0;0;
0.809058;0;0;-10.6958;0;0;0;1.19306;7.19571;21.1345;-0.799434;0.234462;-0.142074;0;0;0;0;0;0;-1.19306;-7.19571;-21.1345;-9.11398;136.432;-45.8294;
0.810032;0;0;-10.6958;0;0;0;0;0;0;0;0;0;0;0;0;0;0;0;0;-0;-0;0;0;0;
0.811004;0;0;-10.6958;0;0;0;0;0;0;0;0;0;0;0;0;0;0;0;0;-0;-0;0;0;0;
0.812038;0;0;-10.6958;0;0;0;3.58656;2.31453;17.5634;-0.541929;-0.0970403;0.00107198;0;0;0;0;0;0;-3.58656;-2.31453;-17.5634;-8.06528;113.41;-13.1759;
0.81301;0;0;-10.6958;0;0;0;0.820586;5.03268;13.6129;-0.695963;0.269174;-0.0575607;0;0;0;0;0;0;-0.820586;-5.03268;-13.6129;-5.64933;87.7537;-32.1019;
0.814042;0;0;-10.6958;0;0;0;7.78061;-0.0651739;41.7207;0.00630763;0.959308;-0.0128796;0;0;0;0;0;0;-7.78061;0.0651739;-41.7207;-21.0121;268.282;4.3509;
0.815017;0;0;-10.6958;0;0;0;0;0;0;0;0;0;0;0;0;0;0;0;0;-0;-0;0;0;0;
0.816052;0;0;-10.6958;0;0;0;2.65306;-2.31292;12.3236;0.433735;0.898934;0.0753383;0;0;0;0;0;0;-2.65306;2.31292;-12.3236;-6.8693;78.5946;16.2297;
0.817025;0;0;-10.6958;0;0;0;0;0;0;0;0;0;0;0;0;0;0;0;0;-0;-0;0;0;0;
0.818052;0;0;-10.6958;0;0;0;0;0;0;0;0;0;0;0;0;0;0;0;0;-0;-0;0;0;0;
0.819019;0;0;-10.6958;0;0;0;0.967249;10.872;28.1554;-1.42883;0.573435;-0.172342;0;0;0;0;0;0;-0.967249;-10.872;-28.1554;-11.6484;181.556;-69.7066;
0.820047;0;0;-10.6958;0;0;0;0.482464;-0.111522;1.90626;0.118951;-0.116188;-0.0369032;0;0;0;0;0;0;-0.482464;0.111522;-1.90626;-1.08965;12.4053;1.00153;
0.821016;0;0;-10.6958;0;0;0;0;0;0;0;0;0;0;0;0;0;0;0;0;-0;-0;0;0;0;
0.822048;0;0;-10.6958;0;0;0;0.423099;-1.35035;4.28272;0.256627;-0.254657;-0.105646;0;0;0;0;0;0;-0.423099;1.35035;-4.28272;-2.54814;27.9307;9.05829;
0.823022;0;0;-10.6958;0;0;0;13.2358;0.499974;51.54;-0.895101;1.31809;0.231654;0;0;0;0;0;0;-13.2358;-0.499974;-51.54;-24.9961;330.926;3.19439;
0.824056;0;0;-10.6958;0;0;0;2.63777;0.00924873;10.2653;0.0046524;0.500379;-0.0026834;0;0;0;0;0;0;-2.63777;-0.00924873;-10.2653;-5.17052;65.6728;1.27049;
0.825028;0;0;-10.6958;0;0;0;4.68649;-1.98547;19.1642;0.535021;1.27144;0.00568742;0;0;0;0;0;0;-4.68649;1.98547;-19.1642;-10.3807;122.291;15.2035;
0.826058;0;0;-10.6958;0;0;0;0;0;0;0;0;0;0;0;0;0;0;0;0;-0;-0;0;0;0;
0.827029;0;0;-10.6958;0;0;0;-5.01716;8.7368;44.1332;-1.05052;-0.253683;-0.174954;0;0;0;0;0;0;5.01716;-8.7368;-44.1332;-20.2837;286.397;-58.8965;
0.828003;0;0;-10.6958;0;0;0;0;0;0;0;0;0;0;0;0;0;0;0;0;-0;-0;0;0;0;
0.829036;0;0;-10.6958;0;0;0;-1.16316;12.6044;47.9984;-1.47968;0.320267;-0.22511;0;0;0;0;0;0;1.16316;-12.6044;-47.9984;-21.4108;310.451;-81.9381;
0.830006;0;0;-10.6958;0;0;0;-21.849;0.333427;72.5682;0.113706;-1.02808;-0.0386825;0;0;0;0;0;0;21.849;-0.333427;-72.5682;-36.6058;472.902;-13.1166;
0.831039;0;0;-10.6958;0;0;0;0;0;0;0;0;0;0;0;0;0;0;0;0;-0;-0;0;0;0;
0.832013;0;0;-10.6958;0;0;0;0;0;0;0;0;0;0;0;0;0;0;0;0;-0;-0;0;0;0;
0.833049;0;0;-10.6958;0;0;0;1.35561;2.60008;9.0088;-0.477325;0.159502;0.0257914;0;0;0;0;0;0;-1.35561;-2.60008;-9.0088;-3.7954;58.0107;-16.1716;
0.834023;0;0;-10.6958;0;0;0;0;0;0;0;0;0;0;0;0;0;0;0;0;-0;-0;0;0;0;
0.835055;0;0;-10.6958;0;0;0;0.261716;-0.0626761;1.0352;0.0645766;-0.0630943;-0.0201461;0;0;0;0;0;0;-0.261716;0.0626761;-1.0352;-0.59193;6.73676;0.557526;
0.836024;0;0;-10.6958;0;0;0;1.36104;-1.33665;6.56186;0.227506;0.480342;0.0506569;0;0;0;0;0;0;-1.36104;1.33665;-6.56186;-3.6648;41.8522;9.28543;
0.837059;0;0;-10.6958;0;0;0;0.617586;-0.712951;3.16118;0.107343;0.232652;0.0314996;0;0;0;0;0;0;-0.617586;0.712951;-3.16118;-1.77021;20.1649;4.8937;
0.838033;0;0;-10.6958;0;0;0;-3.48331;-5.50907;12.6937;0.647789;-0.273244;0.07844;0;0;0;0;0;0;3.48331;5.50907;-12.6937;-7.59129;82.7795;33.824;
0.839008;0;0;-10.6958;0;0;0;-4.48681;-1.92837;7.72375;0.330477;-0.536846;0.0579449;0;0;0;0;0;0;4.48681;1.92837;-7.72375;-4.41213;50.9779;10.1644;
0.840043;0;0;-10.6958;0;0;0;-7.09012;0.103274;17.0969;-0.011961;-0.454515;2.20793e-05;0;0;0;0;0;0;7.09012;-0.103274;-17.0969;-8.58302;111.822;-4.23709;
0.841018;0;0;-10.6958;0;0;0;0;0;0;0;0;0;0;0;0;0;0;0;0;-0;-0;0;0;0;
0.842053;0;0;-10.6958;0;0;0;4.42307;6.54598;25.3733;-1.36221;0.435355;0.125143;0;0;0;0;0;0;-4.42307;-6.54598;-25.3733;-10.7502;163.34;-40.2657;
0.843026;0;0;-10.6958;0;0;0;5.02355;-0.611056;19.9727;-0.39209;0.11965;0.156522;0;0;0;0;0;0;-5.02355;0.611056;-19.9727;-9.72226;128.642;6.32685;
0.844061;0;0;-10.6958;0;0;0;-6.01322;8.84846;43.6925;-0.960892;-0.041376;-0.173226;0;0;0;0;0;0;6.01322;-8.84846;-43.6925;-20.1403;283.432;-60.1222;
0.845033;0;0;-10.6958;0;0;0;0;0;0;0;0;0;0;0;0;0;0;0;0;-0;-0;0;0;0;
0.846004;0;0;-10.6958;0;0;0;-1.51686;4.0464;31.3954;-0.213309;-0.319131;-0.168619;0;0;0;0;0;0;1.51686;-4.0464;-31.3954;-15.1817;203.669;-26.7839;
0.847038;0;0;-10.6958;0;0;0;1.73634;3.01183;10.8636;-0.578435;0.190012;0.0397725;0;0;0;0;0;0;-1.73634;-3.01183;-10.8636;-4.58645;69.9466;-18.6589;
0.848012;0;0;-10.6958;0;0;0;2.03371;-1.82541;9.52816;0.582319;-0.577109;-0.234854;0;0;0;0;0;0;-2.03371;1.82541;-9.52816;-5.56183;62.0404;13.0728;
0.849046;0;0;-10.6958;0;0;0;0;0;0;0;0;0;0;0;0;0;0;0;0;-0;-0;0;0;0;
0.850019;0;0;-10.6958;0;0;0;0;0;0;0;0;0;0;0;0;0;0;0;0;-0;-0;0;0;0;
0.851053;0;0;-10.6958;0;0;0;4.49928;4.42169;25.8586;-0.539913;-0.116434;-0.0523699;0;0;0;0;0;0;-4.49928;-4.42169;-25.8586;-12.0305;167.025;-26.301;
0.852027;0;0;-10.6958;0;0;0;0.706556;-0.0321085;2.75114;0.112682;0.196939;-0.0266408;0;0;0;0;0;0;-0.706556;0.0321085;-2.75114;-1.50064;17.5378;0.590084;
0.853002;0;0;-10.6958;0;0;0;-8.9244;-9.87416;60.3247;1.26803;-0.321261;0.121722;0;0;0;0;0;0;8.9244;9.87416;-60.3247;-32.625;391.652;59.2937;
0.854036;0;0;-10.6958;0;0;0;0;0;0;0;0;0;0;0;0;0;0;0;0;-0;-0;0;0;0;
0.855007;0;0;-10.6958;0;0;0;0;0;0;0;0;0;0;0;0;0;0;0;0;-0;-0;0;0;0;
0.856042;0;0;-10.6958;0;0;0;0.75584;4.09913;11.2357;-0.575675;0.220361;-0.0416683;0;0;0;0;0;0;-0.75584;-4.09913;-11.2357;-4.66705;72.4228;-26.1082;
0.857015;0;0;-10.6958;0;0;0;-0.236752;-0.406181;4.17362;0.183108;-0.30569;-0.019363;0;0;0;0;0;0;0.236752;0.406181;-4.17362;-2.32469;27.3419;2.52907;
0.858046;0;0;-10.6958;0;0;0;0;0;0;0;0;0;0;0;0;0;0;0;0;-0;-0;0;0;0;
0.859016;0;0;-10.6958;0;0;0;0;0;0;0;0;0;0;0;0;0;0;0;0;-0;-0;0;0;0;
0.86005;0;0;-10.6958;0;0;0;-2.71997;12.1278;51.3054;-1.08258;-0.412037;-0.318495;0;0;0;0;0;0;2.71997;-12.1278;-51.3054;-23.5205;332.743;-79.5437;
0.861025;0;0;-10.6958;0;0;0;2.19652;-0.225709;8.57368;0.38049;-0.647097;-0.114514;0;0;0;0;0;0;-2.19652;0.225709;-8.57368;-4.7186;55.9164;2.68092;
0.86206;0;0;-10.6958;0;0;0;4.31814;1.46535;18.0622;-0.343512;-0.149599;0.0241674;0;0;0;0;0;0;-4.31814;-1.46535;-18.0622;-8.6003;116.617;-7.33472;
0.863034;0;0;-10.6958;0;0;0;1.81607;6.86388;19.8214;-1.02401;0.377699;-0.0369707;0;0;0;0;0;0;-1.81607;-6.86388;-19.8214;-8.26198;127.727;-43.4732;
0.864009;0;0;-10.6958;0;0;0;0;0;0;0;0;0;0;0;0;0;0;0;0;-0;-0;0;0;0;
0.865044;0;0;-10.6958;0;0;0;1.13011;7.9827;21.4631;-0.898357;0.537425;-0.163669;0;0;0;0;0;0;-1.13011;-7.9827;-21.4631;-9.10132;138.262;-50.9329;
0.866018;0;0;-10.6958;0;0;0;1.78959;5.93147;17.5662;-0.910975;0.330604;-0.0188256;0;0;0;0;0;0;-1.78959;-5.93147;-17.5662;-7.33374;113.181;-37.4699;
0.867052;0;0;-10.6958;0;0;0;0;0;0;0;0;0;0;0;0;0;0;0;0;-0;-0;0;0;0;
0.868025;0;0;-10.6958;0;0;0;-11.2707;-10.0788;26.0211;1.42684;-0.857877;0.284971;0;0;0;0;0;0;11.2707;10.0788;-26.0211;-15.5384;170.405;59.2738;
0.869059;0;0;-10.6958;0;0;0;0;0;0;0;0;0;0;0;0;0;0;0;0;-0;-0;0;0;0;
0.870032;0;0;-10.6958;0;0;0;-0.203297;-0.29191;2.82011;0.123602;-0.206246;-0.0124384;0;0;0;0;0;0;0.203297;0.29191;-2.82011;-1.57243;18.4789;1.7994;
0.871006;0;0;-10.6958;0;0;0;0;0;0;0;0;0;0;0;0;0;0;0;0;-0;-0;0;0;0;
0.872042;0;0;-10.6958;0;0;0;3.86958;3.56293;33.6656;-0.849931;0.251194;0.0784735;0;0;0;0;0;0;-3.86958;-3.56293;-33.6656;-15.7365;217.249;-21.1907;
0.873016;0;0;-10.6958;0;0;0;0;0;0;0;0;0;0;0;0;0;0;0;0;-0;-0;0;0;0;
0.874052;0;0;-10.6958;0;0;0;2.18431;-0.319528;9.02783;0.357893;-0.604356;-0.0870039;0;0;0;0;0;0;-2.18431;0.319528;-9.02783;-4.93404;58.8142;3.25448;
0.875026;0;0;-10.6958;0;0;0;1.6181;-0.0207675;6.29697;0.25964;0.450733;-0.0652317;0;0;0;0;0;0;-1.6181;0.0207675;-6.29697;-3.43119;40.1415;1.01408;
0.87606;0;0;-10.6958;0;0;0;0.181919;-0.0846323;1.10476;0.0687437;-0.0663925;-0.0164061;0;0;0;0;0;0;-0.181919;0.0846323;-1.10476;-0.633319;7.19825;0.655726;
0.877032;0;0;-10.6958;0;0;0;2.64904;-2.53972;12.7866;0.458016;0.617479;0.0584479;0;0;0;0;0;0;-2.64904;2.53972;-12.7866;-7.14949;81.8729;17.7124;
0.878005;0;0;-10.6958;0;0;0;1.22578;3.36778;10.4165;-0.543621;0.192264;0.00181029;0;0;0;0;0;0;-1.22578;-3.36778;-10.4165;-4.36041;67.1017;-21.1817;
0.879041;0;0;-10.6958;0;0;0;0;0;0;0;0;0;0;0;0;0;0;0;0;-0;-0;0;0;0;
0.880015;0;0;-10.6958;0;0;0;2.09591;8.13685;24.0867;-1.08038;0.356509;-0.0899425;0;0;0;0;0;0;-2.09591;-8.13685;-24.0867;-10.2243;155.326;-51.5182;
0.881046;0;0;-10.6958;0;0;0;0.0570839;-0.0186359;0.228863;0.00885114;0.0164383;-0.000869146;0;0;0;0;0;0;-0.0570839;0.0186359;-0.228863;-0.12592;1.45905;0.150216;
0.882011;0;0;-10.6958;0;0;0;0;0;0;0;0;0;0;0;0;0;0;0;0;-0;-0;0;0;0;
0.883037;0;0;-10.6958;0;0;0;0.95382;-0.0566931;3.7155;0.233399;-0.226594;-0.0633741;0;0;0;0;0;0;-0.95382;0.0566931;-3.7155;-2.10923;24.1779;0.910389;
0.884008;0;0;-10.6958;0;0;0;3.13525;0.0996776;63.6495;-0.226054;0.00777125;-0.0163008;0;0;0;0;0;0;-3.13525;-0.0996776;-63.6495;-31.8007;411.627;0.949241;
0.88504;0;0;-10.6958;0;0;0;4.1358;-1.70656;19.0241;-0.256737;-0.500982;0.116011;0;0;0;0;0;0;-4.1358;1.70656;-19.0241;-9.49042;123.212;13.0108;
0.886014;0;0;-10.6958;0;0;0;-5.37992;-4.948;12.637;0.747923;-0.687436;0.0492467;0;0;0;0;0;0;5.37992;4.948;-12.637;-7.60647;83.0178;29.2671;
0.887049;0;0;-10.6958;0;0;0;0;0;0;0;0;0;0;0;0;0;0;0;0;-0;-0;0;0;0;
0.88802;0;0;-10.6958;0;0;0;1.12703;10.256;28.0129;-1.19889;0.359661;-0.197643;0;0;0;0;0;0;-1.12703;-10.256;-28.0129;-11.8688;180.831;-65.6136;
0.889052;0;0;-10.6958;0;0;0;0.486915;1.08984;3.5768;-0.188194;0.0645057;0.00596439;0;0;0;0;0;0;-0.486915;-1.08984;-3.5768;-1.50245;23.0362;-6.81454;
0.890026;0;0;-10.6958;0;0;0;0;0;0;0;0;0;0;0;0;0;0;0;0;-0;-0;0;0;0;
0.89106;0;0;-10.6958;0;0;0;0;0;0;0;0;0;0;0;0;0;0;0;0;-0;-0;0;0;0;
0.892029;0;0;-10.6958;0;0;0;0.291152;0.0675;1.15047;-0.0670228;0.017664;0.0159252;0;0;0;0;0;0;-0.291152;-0.0675;-1.15047;-0.505253;7.39908;-0.306251;
0.893061;0;0;-10.6958;0;0;0;0.686039;4.88887;29.2872;-0.87075;0.104653;-0.030385;0;0;0;0;0;0;-0.686039;-4.88887;-29.2872;-13.3784;189.378;-31.2659;
0.894031;0;0;-10.6958;0;0;0;0.950815;-0.113794;3.71534;0.232837;-0.226561;-0.0665258;0;0;0;0;0;0;-0.950815;0.113794;-3.71534;-2.11434;24.1772;1.28159;
0.895004;0;0;-10.6958;0;0;0;0.384242;-1.40592;7.99781;0.490008;-0.471648;-0.106452;0;0;0;0;0;0;-0.384242;1.40592;-7.99781;-4.65704;52.1961;9.39922;
0.896039;0;0;-10.6958;0;0;0;0.95996;-0.473766;3.98751;0.149336;0.287541;-0.00178784;0;0;0;0;0;0;-0.95996;0.473766;-3.98751;-2.20405;25.4237;3.55126;
0.89701;0;0;-10.6958;0;0;0;-5.32005;-4.40691;18.1677;0.711699;-1.24351;-0.0611752;0;0;0;0;0;0;5.32005;4.40691;-18.1677;-10.2996;119.363;25.9057;
0.898042;0;0;-10.6958;0;0;0;0;0;0;0;0;0;0;0;0;0;0;0;0;-0;-0;0;0;0;
0.899014;0;0;-10.6958;0;0;0;1.9255;-2.76514;10.8787;0.380439;0.482169;0.0551596;0;0;0;0;0;0;-1.9255;2.76514;-10.8787;-6.13428;69.7325;18.8104;
0.900048;0;0;-10.6958;0;0;0;1.23248;0.296592;4.87577;-0.283805;0.0748879;0.0671842;0;0;0;0;0;0;-1.23248;-0.296592;-4.87577;-2.14048;31.3578;-1.36643;
0.901021;0;0;-10.6958;0;0;0;1.25762;-0.240998;4.94567;0.309076;-0.301503;-0.0932858;0;0;0;0;0;0;-1.25762;0.240998;-4.94567;-2.82264;32.1841;2.28606;
0.902051;0;0;-10.6958;0;0;0;3.39597;-5.36149;20.4826;0.837859;0.666032;0.0955692;0;0;0;0;0;0;-3.39597;5.36149;-20.4826;-11.6869;131.559;36.3141;
0.90302;0;0;-10.6958;0;0;0;0.540936;-2.14075;6.13306;0.183463;0.472887;0.14888;0;0;0;0;0;0;-0.540936;2.14075;-6.13306;-3.48586;39.1669;13.9787;
0.904053;0;0;-10.6958;0;0;0;4.2353;10.5832;33.6713;-1.3501;0.843844;-0.102488;0;0;0;0;0;0;-4.2353;-10.5832;-33.6713;-14.5327;216.656;-66.2622;
0.905027;0;0;-10.6958;0;0;0;-2.88294;-4.31586;15.9827;0.634801;-0.653483;0.0275617;0;0;0;0;0;0;2.88294;4.31586;-15.9827;-9.11375;104.386;26.4543;
0.90606;0;0;-10.6958;0;0;0;0.932949;-0.519582;3.93857;0.145815;0.284508;0.00299284;0;0;0;0;0;0;-0.932949;0.519582;-3.93857;-2.18051;25.1127;3.82941;
0.907031;0;0;-10.6958;0;0;0;0;0;0;0;0;0;0;0;0;0;0;0;0;-0;-0;0;0;0;
0.908004;0;0;-10.6958;0;0;0;1.14246;0.022566;5.67966;0.088115;-0.271291;-0.0811208;0;0;0;0;0;0;-1.14246;-0.022566;-5.67966;-2.9446;36.916;0.510106;
0.909037;0;0;-10.6958;0;0;0;0;0;0;0;0;0;0;0;0;0;0;0;0;-0;-0;0;0;0;
0.910011;0;0;-10.6958;0;0;0;4.31592;7.44092;26.9082;-1.43316;0.470329;0.0998107;0;0;0;0;0;0;-4.31592;-7.44092;-26.9082;-11.3618;173.25;-46.0863;
0.911047;0;0;-10.6958;0;0;0;-0.276049;-1.07094;3.32821;0.172593;-0.0739913;0.00388306;0;0;0;0;0;0;0.276049;1.07094;-3.32821;-1.95556;21.6425;6.78846;
0.912021;0;0;-10.6958;0;0;0;0;0;0;0;0;0;0;0;0;0;0;0;0;-0;-0;0;0;0;
0.913054;0;0;-10.6958;0;0;0;-7.67225;3.82409;39.9081;-0.406816;-0.252449;-0.0946596;0;0;0;0;0;0;7.67225;-3.82409;-39.9081;-19.2954;259.316;-28.5171;
0.914027;0;0;-10.6958;0;0;0;0;0;0;0;0;0;0;0;0;0;0;0;0;-0;-0;0;0;0;
0.915059;0;0;-10.6958;0;0;0;0;0;0;0;0;0;0;0;0;0;0;0;0;-0;-0;0;0;0;
0.916032;0;0;-10.6958;0;0;0;1.7461;1.99479;22.1321;-0.366215;-0.153297;-0.0131918;0;0;0;0;0;0;-1.7461;-1.99479;-22.1321;-10.5728;143.22;-12.0185;
0.917005;0;0;-10.6958;0;0;0;-2.20106;11.7491;45.1446;-1.30747;-0.00103551;-0.22893;0;0;0;0;0;0;2.20106;-11.7491;-45.1446;-20.233;292.406;-76.9209;
0.918039;0;0;-10.6958;0;0;0;0;0;0;0;0;0;0;0;0;0;0;0;0;-0;-0;0;0;0;
0.919012;0;0;-10.6958;0;0;0;0;0;0;0;0;0;0;0;0;0;0;0;0;-0;-0;0;0;0;
0.920046;0;0;-10.6958;0;0;0;0;0;0;0;0;0;0;0;0;0;0;0;0;-0;-0;0;0;0;
0.921018;0;0;-10.6958;0;0;0;0.00667569;-0.000423294;0.0260081;0.00163349;-0.00158616;-0.000445095;0;0;0;0;0;0;-0.00667569;0.000423294;-0.0260081;-0.0147668;0.169243;0.00654482;
0.922052;0;0;-10.6958;0;0;0;6.22284;1.37413;24.5592;-1.19082;0.226078;0.285324;0;0;0;0;0;0;-6.22284;-1.37413;-24.5592;-11.0324;158.099;-6.04671;
0.923027;0;0;-10.6958;0;0;0;0.0522308;-0.00701325;0.204311;0.0127965;-0.0124582;-0.00369899;0;0;0;0;0;0;-0.0522308;0.00701325;-0.204311;-0.116339;1.32953;0.0753793;
0.924002;0;0;-10.6958;0;0;0;0;0;0;0;0;0;0;0;0;0;0;0;0;-0;-0;0;0;0;
0.925037;0;0;-10.6958;0;0;0;0;0;0;0;0;0;0;0;0;0;0;0;0;-0;-0;0;0;0;
0.926012;0;0;-10.6958;0;0;0;1.90447;-0.968378;7.94015;0.296556;0.572794;-0.00127222;0;0;0;0;0;0;-1.90447;0.968378;-7.94015;-4.39055;50.6254;7.22735;
0.927048;0;0;-10.6958;0;0;0;-3.47768;-4.37396;10.2587;0.535098;-0.256692;0.0843592;0;0;0;0;0;0;3.47768;4.37396;-10.2587;-6.13882;67.0027;26.4742;
0.928023;0;0;-10.6958;0;0;0;1.72543;-1.02208;7.35441;0.270582;0.531803;0.0104261;0;0;0;0;0;0;-1.72543;1.02208;-7.35441;-4.07516;46.8934;7.47312;
0.929058;0;0;-10.6958;0;0;0;0;0;0;0;0;0;0;0;0;0;0;0;0;-0;-0;0;0;0;
0.930033;0;0;-10.6958;0;0;0;0;0;0;0;0;0;0;0;0;0;0;0;0;-0;-0;0;0;0;
0.931008;0;0;-10.6958;0;0;0;1.52477;-0.812102;6.39617;0.237843;0.461728;0.00192532;0;0;0;0;0;0;-1.52477;0.812102;-6.39617;-3.53897;40.7818;6.02159;
0.932044;0;0;-10.6958;0;0;0;0.710674;-0.829028;3.65316;0.222015;-0.220605;-0.0932529;0;0;0;0;0;0;-0.710674;0.829028;-3.65316;-2.1442;23.7929;5.81655;
0.933019;0;0;-10.6958;0;0;0;10.2346;8.74258;59.5072;-1.08115;0.956524;-0.171704;0;0;0;0;0;0;-10.2346;-8.74258;-59.5072;-27.9911;383.153;-51.2602;
0.934052;0;0;-10.6958;0;0;0;1.92783;1.6239;8.8683;-0.49133;0.143421;0.0805454;0;0;0;0;0;0;-1.92783;-1.6239;-8.8683;-3.80897;57.0596;-9.62033;
0.935021;0;0;-10.6958;0;0;0;-0.0049016;5.89306;15.0439;-0.657276;0.22596;-0.140961;0;0;0;0;0;0;0.0049016;-5.89306;-15.0439;-6.32178;97.1407;-38.0023;
0.936054;0;0;-10.6958;0;0;0;0.4379;-0.106138;2.07898;0.129877;-0.125866;-0.0337819;0;0;0;0;0;0;-0.4379;0.106138;-2.07898;-1.18698;13.5373;0.941131;
0.937028;0;0;-10.6958;0;0;0;1.43529;3.99904;13.9703;-0.37963;0.0383817;-0.0968307;0;0;0;0;0;0;-1.43529;-3.99904;-13.9703;-6.24969;90.2353;-25.0631;
0.938003;0;0;-10.6958;0;0;0;1.44227;-0.578555;5.86638;0.363786;-0.357166;-0.124663;0;0;0;0;0;0;-1.44227;0.578555;-5.86638;-3.37475;38.1801;4.59511;
0.939038;0;0;-10.6958;0;0;0;0;0;0;0;0;0;0;0;0;0;0;0;0;-0;-0;0;0;0;
0.940013;0;0;-10.6958;0;0;0;0.575694;-0.0205832;2.24109;0.0997286;-0.169158;-0.0271721;0;0;0;0;0;0;-0.575694;0.0205832;-2.24109;-1.22982;14.6159;0.450157;
0.941048;0;0;-10.6958;0;0;0;7.65674;-0.348895;35.0922;-0.0695979;0.379791;-0.0147705;0;0;0;0;0;0;-7.65674;0.348895;-35.0922;-17.6286;225.972;6.12677;
0.942023;0;0;-10.6958;0;0;0;-2.0745;15.889;66.7581;-2.07368;0.435873;-0.252173;0;0;0;0;0;0;2.0745;-15.889;-66.7581;-29.929;431.841;-103.628;
0.943057;0;0;-10.6958;0;0;0;-1.60759;15.0875;77.175;-2.00531;0.114178;-0.157262;0;0;0;0;0;0;1.60759;-15.0875;-77.175;-35.3213;499.536;-98.3005;
0.944032;0;0;-10.6958;0;0;0;7.86566;-1.03051;30.7619;0.224122;1.63587;0.000589952;0;0;0;0;0;0;-7.86566;1.03051;-30.7619;-15.8114;196.668;10.6281;
0.945005;0;0;-10.6958;0;0;0;0.0520661;-6.55986;22.0665;1.06186;-0.287932;0.0305257;0;0;0;0;0;0;-0.0520661;6.55986;-22.0665;-12.8288;143.1;42.4521;
0.946038;0;0;-10.6958;0;0;0;0.4131;-0.246577;1.76299;-0.110732;0.0278272;0.0298383;0;0;0;0;0;0;-0.4131;0.246577;-1.76299;-0.801458;11.341;1.77397;
0.947012;0;0;-10.6958;0;0;0;1.55009;-0.610746;6.29558;0.240278;0.452844;-0.0152298;0;0;0;0;0;0;-1.55009;0.610746;-6.29558;-3.47053;40.1371;4.74829;
0.948047;0;0;-10.6958;0;0;0;0.136447;0.0156892;0.533001;-0.0314079;0.00814826;0.00780049;0;0;0;0;0;0;-0.136447;-0.0156892;-0.533001;-0.235291;3.42778;-0.0406652;
0.949021;0;0;-10.6958;0;0;0;0;0;0;0;0;0;0;0;0;0;0;0;0;-0;-0;0;0;0;
0.950057;0;0;-10.6958;0;0;0;0;0;0;0;0;0;0;0;0;0;0;0;0;-0;-0;0;0;0;
0.951032;0;0;-10.6958;0;0;0;4.11975;-1.62858;17.298;0.0540905;-0.425726;-0.0184275;0;0;0;0;0;0;-4.11975;1.62858;-17.298;-8.92465;111.966;12.6325;
0.952005;0;0;-10.6958;0;0;0;0.336712;0.744583;2.45332;-0.129148;0.0441849;0.00431514;0;0;0;0;0;0;-0.336712;-0.744583;-2.45332;-1.03077;15.8002;-4.65389;
0.953036;0;0;-10.6958;0;0;0;0.299058;-0.0833937;1.18961;0.0464515;0.0853679;-0.00569309;0;0;0;0;0;0;-0.299058;0.0833937;-1.18961;-0.653618;7.58389;0.695956;
0.954009;0;0;-10.6958;0;0;0;-0.587373;-0.703132;2.28541;0.13711;-0.128049;-0.00415706;0;0;0;0;0;0;0.587373;0.703132;-2.28541;-1.35819;14.9787;4.25928;
0.955042;0;0;-10.6958;0;0;0;0;0;0;0;0;0;0;0;0;0;0;0;0;-0;-0;0;0;0;
0.95601;0;0;-10.6958;0;0;0;2.41441;-1.24636;10.149;0.30043;0.457082;0.00351805;0;0;0;0;0;0;-2.41441;1.24636;-10.149;-5.53421;64.9858;9.27834;
0.957034;0;0;-10.6958;0;0;0;0;0;0;0;0;0;0;0;0;0;0;0;0;-0;-0;0;0;0;
0.958058;0;0;-10.6958;0;0;0;0;0;0;0;0;0;0;0;0;0;0;0;0;-0;-0;0;0;0;
0.959025;0;0;-10.6958;0;0;0;0.0849358;0.00452782;0.330791;-0.0196119;0.00505088;0.00496652;0;0;0;0;0;0;-0.0849358;-0.00452782;-0.330791;-0.146432;2.12733;0.00847996;
0.960057;0;0;-10.6958;0;0;0;2.06989;-0.134798;8.06467;-0.483759;0.123164;0.126221;0;0;0;0;0;0;-2.06989;0.134798;-8.06467;-3.58904;51.8643;1.78806;
0.96103;0;0;-10.6958;0;0;0;-2.58527;1.1268;15.4248;-0.123016;-0.132285;-0.0201186;0;0;0;0;0;0;2.58527;-1.1268;-15.4248;-7.52745;100.224;-8.57394;
0.962004;0;0;-10.6958;0;0;0;4.86416;3.89533;22.076;-1.22645;0.355533;0.207497;0;0;0;0;0;0;-4.86416;-3.89533;-22.076;-9.49322;142.034;-22.9703;
0.96304;0;0;-10.6958;0;0;0;0;0;0;0;0;0;0;0;0;0;0;0;0;-0;-0;0;0;0;
0.964015;0;0;-10.6958;0;0;0;-6.82568;-5.8891;15.4263;0.914447;-0.836702;0.0851984;0;0;0;0;0;0;6.82568;5.8891;-15.4263;-9.2717;101.365;34.5943;
0.965049;0;0;-10.6958;0;0;0;-1.11526;-0.908216;7.98848;0.00718769;-0.141639;0.0315198;0;0;0;0;0;0;1.11526;0.908216;-7.98848;-4.11947;51.9564;5.28524;
0.966021;0;0;-10.6958;0;0;0;-5.89459;-3.1481;15.8376;0.48736;-0.541011;0.0291012;0;0;0;0;0;0;5.89459;3.1481;-15.8376;-8.7758;103.638;17.3789;
0.967053;0;0;-10.6958;0;0;0;-0.363103;7.58603;48.2432;-0.320418;-0.50403;-0.317092;0;0;0;0;0;0;0.363103;-7.58603;-48.2432;-23.1988;312.778;-48.9635;
0.968024;0;0;-10.6958;0;0;0;0;0;0;0;0;0;0;0;0;0;0;0;0;-0;-0;0;0;0;
0.969059;0;0;-10.6958;0;0;0;0;0;0;0;0;0;0;0;0;0;0;0;0;-0;-0;0;0;0;
0.970033;0;0;-10.6958;0;0;0;0;0;0;0;0;0;0;0;0;0;0;0;0;-0;-0;0;0;0;
0.971006;0;0;-10.6958;0;0;0;3.00921;3.76817;15.9437;-0.463749;0.489082;-0.0283078;0;0;0;0;0;0;-3.00921;-3.76817;-15.9437;-7.18209;102.398;-22.8452;
0.97204;0;0;-10.6958;0;0;0;1.38247;0.765801;5.83165;-0.330016;0.0916838;0.0661948;0;0;0;0;0;0;-1.38247;-0.765801;-5.83165;-2.5282;37.5125;-4.32672;
0.973014;0;0;-10.6958;0;0;0;-7.90721;-23.2232;56.6274;2.63761;-0.113321;0.435348;0;0;0;0;0;0;7.90721;23.2232;-56.6274;-33.4771;367.409;145.889;
0.974049;0;0;-10.6958;0;0;0;0;0;0;0;0;0;0;0;0;0;0;0;0;-0;-0;0;0;0;
0.975023;0;0;-10.6958;0;0;0;0;0;0;0;0;0;0;0;0;0;0;0;0;-0;-0;0;0;0;
0.976056;0;0;-10.6958;0;0;0;0;0;0;0;0;0;0;0;0;0;0;0;0;-0;-0;0;0;0;
0.977029;0;0;-10.6958;0;0;0;0;0;0;0;0;0;0;0;0;0;0;0;0;-0;-0;0;0;0;
0.978002;0;0;-10.6958;0;0;0;-3.37211;4.11008;20.7143;-0.353328;-0.228209;-0.106776;0;0;0;0;0;0;3.37211;-4.11008;-20.7143;-9.65935;134.633;-28.1915;
0.979033;0;0;-10.6958;0;0;0;0;0;0;0;0;0;0;0;0;0;0;0;0;-0;-0;0;0;0;
0.980004;0;0;-10.6958;0;0;0;1.20394;0.274656;4.75503;0.205576;0.340947;-0.0717438;0;0;0;0;0;0;-1.20394;-0.274656;-4.75503;-2.57132;30.3131;-1.09988;
0.981038;0;0;-10.6958;0;0;0;1.00928;-1.26557;5.69704;0.238936;0.0497006;0.0042595;0;0;0;0;0;0;-1.00928;1.26557;-5.69704;-3.23382;36.7207;8.69472;
0.982011;0;0;-10.6958;0;0;0;-4.86612;-0.599526;29.0033;-0.0827501;-0.391673;0.0744452;0;0;0;0;0;0;4.86612;0.599526;-29.0033;-14.576;188.595;1.35647;
0.983045;0;0;-10.6958;0;0;0;3.64484;0.0977756;14.188;-0.753544;0.266612;0.190852;0;0;0;0;0;0;-3.64484;-0.0977756;-14.188;-6.37796;91.1933;1.01091;
0.984016;0;0;-10.6958;0;0;0;0.533578;-0.587954;2.68146;-0.173301;0.0444985;0.0442419;0;0;0;0;0;0;-0.533578;0.587954;-2.68146;-1.23554;17.2566;4.02964;
0.98505;0;0;-10.6958;0;0;0;0;0;0;0;0;0;0;0;0;0;0;0;0;-0;-0;0;0;0;
0.986024;0;0;-10.6958;0;0;0;0;0;0;0;0;0;0;0;0;0;0;0;0;-0;-0;0;0;0;
0.987059;0;0;-10.6958;0;0;0;0;0;0;0;0;0;0;0;0;0;0;0;0;-0;-0;0;0;0;
0.988033;0;0;-10.6958;0;0;0;1.03842;-0.596354;4.4043;0.162567;0.318308;0.00477081;0;0;0;0;0;0;-1.03842;0.596354;-4.4043;-2.43943;28.0824;4.37759;
0.989007;0;0;-10.6958;0;0;0;0;0;0;0;0;0;0;0;0;0;0;0;0;-0;-0;0;0;0;
0.990031;0;0;-10.6958;0;0;0;-5.41502;-3.93395;11.1669;0.665121;-0.601107;0.110767;0;0;0;0;0;0;5.41502;3.93395;-11.1669;-6.68168;73.4194;22.6247;
0.991054;0;0;-10.6958;0;0;0;0;0;0;0;0;0;0;0;0;0;0;0;0;-0;-0;0;0;0;
0.992024;0;0;-10.6958;0;0;0;6.95325;-6.49471;34.8121;0.811511;0.307325;0.100344;0;0;0;0;0;0;-6.95325;6.49471;-34.8121;-18.9873;224.302;45.4341;
0.993059;0;0;-10.6958;0;0;0;1.51084;-0.343046;5.96636;0.263439;-0.45019;-0.0925943;0;0;0;0;0;0;-1.51084;0.343046;-5.96636;-3.30105;38.9133;3.0733;
0.994033;0;0;-10.6958;0;0;0;1.68436;5.0653;17.6184;-0.44709;0.0319325;-0.13816;0;0;0;0;0;0;-1.68436;-5.0653;-17.6184;-7.91121;113.827;-31.7973;
0.995006;0;0;-10.6958;0;0;0;0;0;0;0;0;0;0;0;0;0;0;0;0;-0;-0;0;0;0;
0.996042;0;0;-10.6958;0;0;0;0;0;0;0;0;0;0;0;0;0;0;0;0;-0;-0;0;0;0;
0.997016;0;0;-10.6958;0;0;0;0;0;0;0;0;0;0;0;0;0;0;0;0;-0;-0;0;0;0;
0.998052;0;0;-10.6958;0;0;0;0;0;0;0;0;0;0;0;0;0;0;0;0;-0;-0;0;0;0;
0.999026;0;0;-10.6958;0;0;0;-10.2091;-7.61793;22.4127;0.889023;-0.723654;0.119248;0;0;0;0;0;0;10.2091;7.61793;-22.4127;-12.9368;146.809;44.0464;
1.00006;0;0;-10.6958;0;0;0;0.418217;-0.203884;1.73466;-0.108063;0.0271131;0.0292403;0;0;0;0;0;0;-0.418217;0.203884;-1.73466;-0.785571;11.1577;1.50083;
1.00103;0;0;-10.6958;0;0;0;0;0;0;0;0;0;0;0;0;0;0;0;0;-0;-0;0;0;0;
1.002;0;0;-10.6958;0;0;0;0.651742;-0.570413;3.27665;0.167895;-0.045432;-0.019879;0;0;0;0;0;0;-0.651742;0.570413;-3.27665;-1.87455;21.1867;4.03972;
1.00304;0;0;-10.6958;0;0;0;0;0;0;0;0;0;0;0;0;0;0;0;0;-0;-0;0;0;0;
1.00401;0;0;-10.6958;0;0;0;0;0;0;0;0;0;0;0;0;0;0;0;0;-0;-0;0;0;0;
1.00505;0;0;-10.6958;0;0;0;0;0;0;0;0;0;0;0;0;0;0;0;0;-0;-0;0;0;0;
1.00602;0;0;-10.6958;0;0;0;0;0;0;0;0;0;0;0;0;0;0;0;0;-0;-0;0;0;0;
1.00706;0;0;-10.6958;0;0;0;0;0;0;0;0;0;0;0;0;0;0;0;0;-0;-0;0;0;0;
1.00803;0;0;-10.6958;0;0;0;0;0;0;0;0;0;0;0;0;0;0;0;0;-0;-0;0;0;0;
1.00901;0;0;-10.6958;0;0;0;0;0;0;0;0;0;0;0;0;0;0;0;0;-0;-0;0;0;0;
1.01004;0;0;-10.6958;0;0;0;2.65205;2.47254;12.5747;-0.464335;0.3292;0.0327852;0;0;0;0;0;0;-2.65205;-2.47254;-12.5747;-5.6162;80.7892;-14.7005;
1.01102;0;0;-10.6958;0;0;0;2.66814;-1.67129;11.7228;0.310985;-0.712793;-0.163022;0;0;0;0;0;0;-2.66814;1.67129;-11.7228;-6.37967;76.3155;12.3228;
1.01205;0;0;-10.6958;0;0;0;0;0;0;0;0;0;0;0;0;0;0;0;0;-0;-0;0;0;0;
1.01302;0;0;-10.6958;0;0;0;5.20692;-5.44237;25.8838;1.01031;1.2553;0.113699;0;0;0;0;0;0;-5.20692;5.44237;-25.8838;-14.5862;165.744;37.7308;
1.01406;0;0;-10.6958;0;0;0;4.99395;5.49989;25.1823;-1.3579;0.403838;0.175158;0;0;0;0;0;0;-4.99395;-5.49989;-25.1823;-10.7639;162.077;-33.2575;
1.01503;0;0;-10.6958;0;0;0;0.936218;-1.71467;18.6;-0.0721894;-0.324444;0.0670033;0;0;0;0;0;0;-0.936218;1.71467;-18.6;-9.46242;120.611;11.5018;
1.01601;0;0;-10.6958;0;0;0;-5.06391;-3.78669;10.5917;0.63033;-0.570844;0.0972768;0;0;0;0;0;0;5.06391;3.78669;-10.5917;-6.34259;69.6313;21.8618;
1.01704;0;0;-10.6958;0;0;0;0;0;0;0;0;0;0;0;0;0;0;0;0;-0;-0;0;0;0;
1.01802;0;0;-10.6958;0;0;0;1.25944;-0.673771;5.2864;0.230779;-0.398322;-0.105749;0;0;0;0;0;0;-1.25944;0.673771;-5.2864;-2.95943;34.4858;5.1004;
1.01905;0;0;-10.6958;0;0;0;2.02065;-1.18632;9.29456;0.535893;-0.393438;-0.128571;0;0;0;0;0;0;-2.02065;1.18632;-9.29456;-5.33358;60.3457;8.82362;
1.02003;0;0;-10.6958;0;0;0;0.0937156;-0.363505;1.04498;0.0313034;0.0805193;0.0252021;0;0;0;0;0;0;-0.0937156;0.363505;-1.04498;-0.593859;6.67326;2.37462;
1.021;0;0;-10.6958;0;0;0;0;0;0;0;0;0;0;0;0;0;0;0;0;-0;-0;0;0;0;
1.02203;0;0;-10.6958;0;0;0;1.66707;-0.713643;6.82006;0.42252;-0.41514;-0.146719;0;0;0;0;0;0;-1.66707;0.713643;-6.82006;-3.92713;44.3876;5.6046;
1.02301;0;0;-10.6958;0;0;0;0.55855;1.68253;5.08835;-0.26469;0.0948506;-0.00230841;0;0;0;0;0;0;-0.55855;-1.68253;-5.08835;-2.12717;32.7814;-10.6061;
1.02404;0;0;-10.6958;0;0;0;0.799381;-0.970149;4.17765;0.140959;0.308004;0.0445535;0;0;0;0;0;0;-0.799381;0.970149;-4.17765;-2.34136;26.6498;6.63673;
1.02501;0;0;-10.6958;0;0;0;1.75219;-0.571344;7.02446;0.271714;0.504524;-0.0267407;0;0;0;0;0;0;-1.75219;0.571344;-7.02446;-3.86489;44.7823;4.6065;
1.02605;0;0;-10.6958;0;0;0;0.854589;-2.24151;7.01846;0.216792;0.533429;0.143966;0;0;0;0;0;0;-0.854589;2.24151;-7.01846;-3.97501;44.8049;14.7935;
1.02702;0;0;-10.6958;0;0;0;0.565624;-0.0893882;2.21694;0.088731;0.158814;-0.0162351;0;0;0;0;0;0;-0.565624;0.0893882;-2.21694;-1.2136;14.1326;0.879467;
1.02806;0;0;-10.6958;0;0;0;0.921008;-3.39156;10.4122;0.365593;0.548975;0.193969;0;0;0;0;0;0;-0.921008;3.39156;-10.4122;-5.94775;66.7473;22.2202;
1.02903;0;0;-10.6958;0;0;0;0;0;0;0;0;0;0;0;0;0;0;0;0;-0;-0;0;0;0;
1.03;0;0;-10.6958;0;0;0;-11.6871;-4.12951;59.4084;0.454898;-0.310943;0.0753841;0;0;0;0;0;0;11.6871;4.12951;-59.4084;-30.773;385.985;20.7687;
1.03103;0;0;-10.6958;0;0;0;1.90259;9.62538;26.6053;-1.36498;0.519307;-0.0902649;0;0;0;0;0;0;-1.90259;-9.62538;-26.6053;-11.0579;171.482;-61.2487;
1.03201;0;0;-10.6958;0;0;0;0.551774;-0.299992;2.32127;0.0861507;0.167616;0.00118374;0;0;0;0;0;0;-0.551774;0.299992;-2.32127;-1.28473;14.8004;2.21813;
1.03304;0;0;-10.6958;0;0;0;0;0;0;0;0;0;0;0;0;0;0;0;0;-0;-0;0;0;0;
1.03402;0;0;-10.6958;0;0;0;0;0;0;0;0;0;0;0;0;0;0;0;0;-0;-0;0;0;0;
1.03504;0;0;-10.6958;0;0;0;0;0;0;0;0;0;0;0;0;0;0;0;0;-0;-0;0;0;0;
1.03601;0;0;-10.6958;0;0;0;0;0;0;0;0;0;0;0;0;0;0;0;0;-0;-0;0;0;0;
1.03704;0;0;-10.6958;0;0;0;1.56693;2.77294;9.91896;-0.527591;0.173936;0.0347196;0;0;0;0;0;0;-1.56693;-2.77294;-9.91896;-4.18599;63.865;-17.1928;
1.03802;0;0;-10.6958;0;0;0;0;0;0;0;0;0;0;0;0;0;0;0;0;-0;-0;0;0;0;
1.03905;0;0;-10.6958;0;0;0;0;0;0;0;0;0;0;0;0;0;0;0;0;-0;-0;0;0;0;
1.04001;0;0;-10.6958;0;0;0;2.657;9.68712;30.151;-1.11676;0.292047;-0.164797;0;0;0;0;0;0;-2.657;-9.68712;-30.151;-13.0847;194.581;-61.194;
1.04103;0;0;-10.6958;0;0;0;0;0;0;0;0;0;0;0;0;0;0;0;0;-0;-0;0;0;0;
1.04206;0;0;-10.6958;0;0;0;0;0;0;0;0;0;0;0;0;0;0;0;0;-0;-0;0;0;0;
1.04302;0;0;-10.6958;0;0;0;1.66145;-0.769605;7.35799;0.411223;-0.238312;-0.0769265;0;0;0;0;0;0;-1.66145;0.769605;-7.35799;-4.19224;47.6929;5.89417;
1.04405;0;0;-10.6958;0;0;0;0.900298;3.71359;14.9963;-0.267154;-0.0453554;-0.116891;0;0;0;0;0;0;-0.900298;-3.71359;-14.9963;-6.90741;97.0125;-23.4647;
1.04503;0;0;-10.6958;0;0;0;0;0;0;0;0;0;0;0;0;0;0;0;0;-0;-0;0;0;0;
1.046;0;0;-10.6958;0;0;0;0.63417;-0.203219;2.53986;0.111736;-0.191582;-0.043228;0;0;0;0;0;0;-0.63417;0.203219;-2.53986;-1.4106;16.5661;1.67769;
1.04704;0;0;-10.6958;0;0;0;6.15982;7.1644;31.6278;-0.909131;0.975733;-0.0441296;0;0;0;0;0;0;-6.15982;-7.1644;-31.6278;-14.2895;203.103;-43.2242;
1.04801;0;0;-10.6958;0;0;0;0;0;0;0;0;0;0;0;0;0;0;0;0;-0;-0;0;0;0;
1.04905;0;0;-10.6958;0;0;0;0;0;0;0;0;0;0;0;0;0;0;0;0;-0;-0;0;0;0;
1.05002;0;0;-10.6958;0;0;0;6.81953;3.13782;28.1513;-0.385864;1.1135;-0.0385384;0;0;0;0;0;0;-6.81953;-3.13782;-28.1513;-13.4681;180.398;-16.8372;
1.05106;0;0;-10.6958;0;0;0;0;0;0;0;0;0;0;0;0;0;0;0;0;-0;-0;0;0;0;
1.05203;0;0;-10.6958;0;0;0;0;0;0;0;0;0;0;0;0;0;0;0;0;-0;-0;0;0;0;
1.05301;0;0;-10.6958;0;0;0;5.06492;9.28487;44.3315;-1.17612;0.442881;-0.142132;0;0;0;0;0;0;-5.06492;-9.28487;-44.3315;-20.2035;285.966;-57.4012;
1.05404;0;0;-10.6958;0;0;0;0;0;0;0;0;0;0;0;0;0;0;0;0;-0;-0;0;0;0;
1.05502;0;0;-10.6958;0;0;0;2.08937;-0.831587;8.49433;0.275758;0.58394;-0.00973815;0;0;0;0;0;0;-2.08937;0.831587;-8.49433;-4.63498;54.1821;6.44353;
1.05605;0;0;-10.6958;0;0;0;-8.20046;-10.7169;29.0191;1.60515;-1.0674;0.0838363;0;0;0;0;0;0;8.20046;10.7169;-29.0191;-17.29;189.707;65.1493;
1.05702;0;0;-10.6958;0;0;0;2.0077;0.676053;8.9309;0.143096;-0.265967;-0.0797;0;0;0;0;0;0;-2.0077;-0.676053;-8.9309;-4.57036;57.8657;-3.28523;
1.05806;0;0;-10.6958;0;0;0;-0.135372;-9.01193;24.0828;1.11772;-0.0250253;0.0557919;0;0;0;0;0;0;0.135372;9.01193;-24.0828;-14.1464;155.905;58.2022;
1.05903;0;0;-10.6958;0;0;0;-3.0525;-15.0867;38.5285;1.76526;0.059495;0.25977;0;0;0;0;0;0;3.0525;15.0867;-38.5285;-22.6763;249.608;95.8468;
1.06;0;0;-10.6958;0;0;0;0;0;0;0;0;0;0;0;0;0;0;0;0;-0;-0;0;0;0;
1.06104;0;0;-10.6958;0;0;0;2.79014;0.404674;37.266;-0.360141;0.337045;0.0810669;0;0;0;0;0;0;-2.79014;-0.404674;-37.266;-18.3566;240.572;-1.29577;
1.06201;0;0;-10.6958;0;0;0;0;0;0;0;0;0;0;0;0;0;0;0;0;-0;-0;0;0;0;
1.06304;0;0;-10.6958;0;0;0;0.519744;-0.23063;2.13375;-0.132462;0.0332291;0.0358572;0;0;0;0;0;0;-0.519744;0.23063;-2.13375;-0.964746;13.7243;1.71842;
1.06402;0;0;-10.6958;0;0;0;0;0;0;0;0;0;0;0;0;0;0;0;0;-0;-0;0;0;0;
1.06505;0;0;-10.6958;0;0;0;1.74355;-7.74289;23.3292;0.787566;0.46391;0.230779;0;0;0;0;0;0;-1.74355;7.74289;-23.3292;-13.3092;150.35;50.7596;
1.06603;0;0;-10.6958;0;0;0;0;0;0;0;0;0;0;0;0;0;0;0;0;-0;-0;0;0;0;
1.067;0;0;-10.6958;0;0;0;0;0;0;0;0;0;0;0;0;0;0;0;0;-0;-0;0;0;0;
1.06804;0;0;-10.6958;0;0;0;0.742037;-0.882274;4.14871;0.189047;0.0471187;0.00537442;0;0;0;0;0;0;-0.742037;0.882274;-4.14871;-2.36604;26.7291;6.07829;
1.06902;0;0;-10.6958;0;0;0;6.10525;-8.43979;34.654;1.41866;1.17022;0.162333;0;0;0;0;0;0;-6.10525;8.43979;-34.654;-19.7107;222.5;57.5339;
1.07005;0;0;-10.6958;0;0;0;-3.82286;-16.8658;40.336;1.79235;0.177796;0.295912;0;0;0;0;0;0;3.82286;16.8658;-40.336;-23.7922;261.266;106.937;
1.07103;0;0;-10.6958;0;0;0;0.446844;-0.11524;1.77197;0.0694888;0.127111;-0.00925661;0;0;0;0;0;0;-0.446844;0.11524;-1.77197;-0.972991;11.2963;0.980019;
1.07206;0;0;-10.6958;0;0;0;1.09568;6.49088;17.6195;-0.901299;0.347688;-0.0720376;0;0;0;0;0;0;-1.09568;-6.49088;-17.6195;-7.31422;113.578;-41.3861;
1.07303;0;0;-10.6958;0;0;0;4.76265;11.0544;35.8647;-1.88408;0.649624;0.0499649;0;0;0;0;0;0;-4.76265;-11.0544;-35.8647;-15.0558;230.991;-69.1981;
1.07406;0;0;-10.6958;0;0;0;-9.34503;-9.72882;25.9153;1.48332;-1.14331;0.0809487;0;0;0;0;0;0;9.34503;9.72882;-25.9153;-15.5065;169.81;58.1812;
1.07503;0;0;-10.6958;0;0;0;0;0;0;0;0;0;0;0;0;0;0;0;0;-0;-0;0;0;0;
1.07601;0;0;-10.6958;0;0;0;0;0;0;0;0;0;0;0;0;0;0;0;0;-0;-0;0;0;0;
1.07704;0;0;-10.6958;0;0;0;-1.61634;-2.68104;7.4771;0.430473;-0.35778;-0.0286313;0;0;0;0;0;0;1.61634;2.68104;-7.4771;-4.46378;48.9129;16.567;
1.078;0;0;-10.6958;0;0;0;0.532412;-0.0296626;2.07369;0.130277;-0.126475;-0.0352572;0;0;0;0;0;0;-0.532412;0.0296626;-2.07369;-1.17704;13.4941;0.495222;
1.07904;0;0;-10.6958;0;0;0;0;0;0;0;0;0;0;0;0;0;0;0;0;-0;-0;0;0;0;
1.08001;0;0;-10.6958;0;0;0;0;0;0;0;0;0;0;0;0;0;0;0;0;-0;-0;0;0;0;
1.08105;0;0;-10.6958;0;0;0;7.04703;2.89918;28.7623;-0.56793;1.04405;0.0266332;0;0;0;0;0;0;-7.04703;-2.89918;-28.7623;-13.6176;184.399;-15.2434;
1.08202;0;0;-10.6958;0;0;0;-10.0681;8.62577;91.3878;-1.85276;-0.35074;0.0893379;0;0;0;0;0;0;10.0681;-8.62577;-91.3878;-43.2786;592.835;-60.9839;
1.08305;0;0;-10.6958;0;0;0;3.03411;1.87369;15.75;-0.00143523;-0.509736;-0.126255;0;0;0;0;0;0;-3.03411;-1.87369;-15.75;-7.73769;102.14;-10.4733;
1.08402;0;0;-10.6958;0;0;0;-1.08096;-2.62218;14.0401;0.583957;-0.779332;-0.0379231;0;0;0;0;0;0;1.08096;2.62218;-14.0401;-7.9148;91.7572;16.4649;
1.08506;0;0;-10.6958;0;0;0;0;0;0;0;0;0;0;0;0;0;0;0;0;-0;-0;0;0;0;
1.08603;0;0;-10.6958;0;0;0;-2.08347;-1.85032;23.2754;0.564289;-0.662456;-0.114729;0;0;0;0;0;0;2.08347;1.85032;-23.2754;-12.466;151.513;11.0415;
1.08701;0;0;-10.6958;0;0;0;-2.6713;2.75787;20.3703;-0.30211;-0.0772332;-0.0532448;0;0;0;0;0;0;2.6713;-2.75787;-20.3703;-9.67361;132.184;-19.1406;
1.08804;0;0;-10.6958;0;0;0;0.0655276;-0.172048;1.22691;0.0755871;-0.0724221;-0.0141927;0;0;0;0;0;0;-0.0655276;0.172048;-1.22691;-0.710455;8.0065;1.16069;
1.08902;0;0;-10.6958;0;0;0;0;0;0;0;0;0;0;0;0;0;0;0;0;-0;-0;0;0;0;
1.09005;0;0;-10.6958;0;0;0;1.06678;8.63472;22.8087;-1.16141;0.458144;-0.11912;0;0;0;0;0;0;-1.06678;-8.63472;-22.8087;-9.45034;147.055;-55.2286;
1.09103;0;0;-10.6958;0;0;0;1.70944;9.44099;25.8238;-1.32262;0.507211;-0.0978801;0;0;0;0;0;0;-1.70944;-9.44099;-25.8238;-10.7256;166.455;-60.1447;
1.092;0;0;-10.6958;0;0;0;1.91793;13.7595;38.2457;-1.70462;0.539592;-0.245156;0;0;0;0;0;0;-1.91793;-13.7595;-38.2457;-16.1616;246.797;-87.842;
1.09304;0;0;-10.6958;0;0;0;4.66968;5.23668;23.6957;-1.27983;0.383728;0.163007;0;0;0;0;0;0;-4.66968;-5.23668;-23.6957;-10.1203;152.507;-31.7048;
1.09401;0;0;-10.6958;0;0;0;0;0;0;0;0;0;0;0;0;0;0;0;0;-0;-0;0;0;0;
1.09505;0;0;-10.6958;0;0;0;0;0;0;0;0;0;0;0;0;0;0;0;0;-0;-0;0;0;0;
1.09602;0;0;-10.6958;0;0;0;0.17117;-0.809012;5.57201;0.343012;-0.327683;-0.0581141;0;0;0;0;0;0;-0.17117;0.809012;-5.57201;-3.22905;36.373;5.38027;
1.09706;0;0;-10.6958;0;0;0;0.483895;8.8106;32.6383;-1.09399;0.257042;-0.153614;0;0;0;0;0;0;-0.483895;-8.8106;-32.6383;-14.4477;210.932;-56.6258;
1.09803;0;0;-10.6958;0;0;0;0;0;0;0;0;0;0;0;0;0;0;0;0;-0;-0;0;0;0;
1.099;0;0;-10.6958;0;0;0;3.68365;12.2453;36.6461;-1.82162;0.640365;-0.062895;0;0;0;0;0;0;-3.68365;-12.2453;-36.6461;-15.3918;236.166;-77.3355;
1.10004;0;0;-10.6958;0;0;0;0.168846;-0.0590655;0.679822;0.0298734;-0.0512725;-0.0118743;0;0;0;0;0;0;-0.168846;0.0590655;-0.679822;-0.378;4.43415;0.479139;
1.10101;0;0;-10.6958;0;0;0;1.51417;-0.805272;6.35042;0.236201;0.458397;0.00180874;0;0;0;0;0;0;-1.51417;0.805272;-6.35042;-3.51367;40.4898;5.97214;
1.10204;0;0;-10.6958;0;0;0;-2.06511;-13.6596;41.6811;2.22015;-1.21121;-0.166428;0;0;0;0;0;0;2.06511;13.6596;-41.6811;-24.5745;271.183;87.5333;
1.10302;0;0;-10.6958;0;0;0;0;0;0;0;0;0;0;0;0;0;0;0;0;-0;-0;0;0;0;
1.10405;0;0;-10.6958;0;0;0;0;0;0;0;0;0;0;0;0;0;0;0;0;-0;-0;0;0;0;
1.10502;0;0;-10.6958;0;0;0;0;0;0;0;0;0;0;0;0;0;0;0;0;-0;-0;0;0;0;
1.10605;0;0;-10.6958;0;0;0;-4.28745;-3.05559;11.9727;0.510294;-0.835643;-0.0272358;0;0;0;0;0;0;4.28745;3.05559;-11.9727;-6.84412;78.7552;17.6452;
1.10703;0;0;-10.6958;0;0;0;0;0;0;0;0;0;0;0;0;0;0;0;0;-0;-0;0;0;0;
1.108;0;0;-10.6958;0;0;0;1.11735;-0.59708;4.68923;0.174332;0.338509;0.0015628;0;0;0;0;0;0;-1.11735;0.59708;-4.68923;-2.5947;29.8982;4.4252;
1.10904;0;0;-10.6958;0;0;0;-1.41578;1.9621;45.4666;-0.358296;0.151493;-0.0354159;0;0;0;0;0;0;1.41578;-1.9621;-45.4666;-22.3296;294.255;-13.3761;
1.11001;0;0;-10.6958;0;0;0;0;0;0;0;0;0;0;0;0;0;0;0;0;-0;-0;0;0;0;
1.11104;0;0;-10.6958;0;0;0;1.00744;-1.24867;5.31298;0.178792;0.392004;0.0582274;0;0;0;0;0;0;-1.00744;1.24867;-5.31298;-2.97869;33.8927;8.53036;
1.11201;0;0;-10.6958;0;0;0;0.110582;-0.0146424;0.432499;0.0191687;-0.0326423;-0.00600617;0;0;0;0;0;0;-0.110582;0.0146424;-0.432499;-0.238338;2.82069;0.156433;
1.11304;0;0;-10.6958;0;0;0;0.767305;4.25693;11.638;-0.596015;0.228657;-0.044342;0;0;0;0;0;0;-0.767305;-4.25693;-11.638;-4.83354;75.016;-27.1207;
1.11401;0;0;-10.6958;0;0;0;0.258008;5.75687;28.1173;-0.847267;0.00160133;-0.109746;0;0;0;0;0;0;-0.258008;-5.75687;-28.1173;-12.7261;181.95;-37.0194;
1.11504;0;0;-10.6958;0;0;0;1.6855;-0.787337;6.95705;0.261868;0.501309;-0.00670966;0;0;0;0;0;0;-1.6855;0.787337;-6.95705;-3.84288;44.3557;5.95081;
1.11601;0;0;-10.6958;0;0;0;0;0;0;0;0;0;0;0;0;0;0;0;0;-0;-0;0;0;0;
1.11704;0;0;-10.6958;0;0;0;0;0;0;0;0;0;0;0;0;0;0;0;0;-0;-0;0;0;0;
1.11802;0;0;-10.6958;0;0;0;0.117518;0.0173597;0.460193;-0.0270298;0.00704315;0.00663682;0;0;0;0;0;0;-0.117518;-0.0173597;-0.460193;-0.202859;2.95954;-0.0598384;
1.11905;0;0;-10.6958;0;0;0;2.10582;-2.07683;41.1476;-0.186221;-0.195585;0.0673611;0;0;0;0;0;0;-2.10582;2.07683;-41.1476;-20.7341;266.294;14.434;
1.12003;0;0;-10.6958;0;0;0;0;0;0;0;0;0;0;0;0;0;0;0;0;-0;-0;0;0;0;
1.121;0;0;-10.6958;0;0;0;0;0;0;0;0;0;0;0;0;0;0;0;0;-0;-0;0;0;0;
1.12204;0;0;-10.6958;0;0;0;-5.22231;3.00891;16.3305;-0.16823;-0.247334;-0.0938266;0;0;0;0;0;0;5.22231;-3.00891;-16.3305;-7.74887;106.465;-22.0087;
1.12301;0;0;-10.6958;0;0;0;0;0;0;0;0;0;0;0;0;0;0;0;0;-0;-0;0;0;0;
1.12405;0;0;-10.6958;0;0;0;-4.72175;-5.28202;13.5933;0.779809;-0.638408;0.0342512;0;0;0;0;0;0;4.72175;5.28202;-13.5933;-8.15342;89.0907;31.7748;
1.12502;0;0;-10.6958;0;0;0;0;0;0;0;0;0;0;0;0;0;0;0;0;-0;-0;0;0;0;
1.12606;0;0;-10.6958;0;0;0;2.26538;1.21486;27.6376;0.111627;-0.571787;-0.0808903;0;0;0;0;0;0;-2.26538;-1.21486;-27.6376;-13.9006;179.217;-6.64153;
1.12703;0;0;-10.6958;0;0;0;-6.07524;1.48588;55.228;-0.513282;-0.079911;0.0586976;0;0;0;0;0;0;6.07524;-1.48588;-55.228;-27.1359;358.132;-12.7334;
1.12801;0;0;-10.6958;0;0;0;3.09673;4.97511;18.5553;-0.991821;0.321615;0.0792943;0;0;0;0;0;0;-3.09673;-4.97511;-18.5553;-7.84729;119.458;-30.7199;
1.12904;0;0;-10.6958;0;0;0;3.3825;3.30737;16.2856;-0.511829;0.478309;0.00907721;0;0;0;0;0;0;-3.3825;-3.30737;-16.2856;-7.35266;104.583;-19.7121;
1.13002;0;0;-10.6958;0;0;0;0.696024;-10.9036;30.1494;1.35987;0.153275;0.115215;0;0;0;0;0;0;-0.696024;10.9036;-30.1494;-17.6325;194.906;70.804;
1.13106;0;0;-10.6958;0;0;0;-5.71919;-4.4828;12.263;0.717064;-0.606988;0.116477;0;0;0;0;0;0;5.71919;4.4828;-12.263;-7.34064;80.5496;26.0179;
1.13203;0;0;-10.6958;0;0;0;1.41249;-0.317106;5.57615;0.348019;-0.339907;-0.107486;0;0;0;0;0;0;-1.41249;0.317106;-5.57615;-3.18665;36.2871;2.87079;
1.13301;0;0;-10.6958;0;0;0;0.92699;-2.81638;13.0081;0.736615;-0.523901;-0.122465;0;0;0;0;0;0;-0.92699;2.81638;-13.0081;-7.56756;84.6202;18.8169;
1.13404;0;0;-10.6958;0;0;0;1.07893;0.631203;4.58954;-0.259065;0.0723752;0.0509486;0;0;0;0;0;0;-1.07893;-0.631203;-4.58954;-1.98754;29.5229;-3.59307;
1.13501;0;0;-10.6958;0;0;0;1.99468;-1.79938;9.77533;-0.388536;0.300316;0.178166;0;0;0;0;0;0;-1.99468;1.79938;-9.77533;-4.71288;62.7657;12.4716;
1.13605;0;0;-10.6958;0;0;0;0;0;0;0;0;0;0;0;0;0;0;0;0;-0;-0;0;0;0;
1.13702;0;0;-10.6958;0;0;0;-0.165848;-1.21254;7.36031;0.319345;-0.540915;-0.0819151;0;0;0;0;0;0;0.165848;1.21254;-7.36031;-4.14613;48.1941;7.84612;
1.13806;0;0;-10.6958;0;0;0;1.85615;-1.13532;7.95425;0.29171;0.575489;0.014069;0;0;0;0;0;0;-1.85615;1.13532;-7.95425;-4.40968;50.7183;8.26809;
1.13903;0;0;-10.6958;0;0;0;0;0;0;0;0;0;0;0;0;0;0;0;0;-0;-0;0;0;0;
1.14006;0;0;-10.6958;0;0;0;0;0;0;0;0;0;0;0;0;0;0;0;0;-0;-0;0;0;0;
1.14103;0;0;-10.6958;0;0;0;0.93287;-0.368191;3.78932;0.14462;0.27256;-0.0091196;0;0;0;0;0;0;-0.93287;0.368191;-3.78932;-2.089;24.1583;2.86164;
1.142;0;0;-10.6958;0;0;0;0;0;0;0;0;0;0;0;0;0;0;0;0;-0;-0;0;0;0;
1.14303;0;0;-10.6958;0;0;0;2.0744;2.00513;9.94834;-0.546946;0.162935;0.0812076;0;0;0;0;0;0;-2.0744;-2.00513;-9.94834;-4.25875;64.0148;-12.0144;
1.144;0;0;-10.6958;0;0;0;0;0;0;0;0;0;0;0;0;0;0;0;0;-0;-0;0;0;0;
1.14504;0;0;-10.6958;0;0;0;0;0;0;0;0;0;0;0;0;0;0;0;0;-0;-0;0;0;0;
1.14601;0;0;-10.6958;0;0;0;0.96727;4.8174;13.3422;-0.684732;0.260147;-0.044289;0;0;0;0;0;0;-0.96727;-4.8174;-13.3422;-5.54627;85.9941;-30.6475;
1.14705;0;0;-10.6958;0;0;0;1.45923;8.85215;23.9706;-1.22567;0.473759;-0.100342;0;0;0;0;0;0;-1.45923;-8.85215;-23.9706;-9.94915;154.519;-56.457;
1.14802;0;0;-10.6958;0;0;0;0;0;0;0;0;0;0;0;0;0;0;0;0;-0;-0;0;0;0;
1.14906;0;0;-10.6958;0;0;0;0;0;0;0;0;0;0;0;0;0;0;0;0;-0;-0;0;0;0;
1.15003;0;0;-10.6958;0;0;0;0;0;0;0;0;0;0;0;0;0;0;0;0;-0;-0;0;0;0;
1.15101;0;0;-10.6958;0;0;0;0;0;0;0;0;0;0;0;0;0;0;0;0;-0;-0;0;0;0;
1.15204;0;0;-10.6958;0;0;0;3.52425;6.49221;22.8866;-0.770868;0.648666;-0.0686015;0;0;0;0;0;0;-3.52425;-6.49221;-22.8866;-10.0958;147.121;-40.1756;
1.15302;0;0;-10.6958;0;0;0;0;0;0;0;0;0;0;0;0;0;0;0;0;-0;-0;0;0;0;
1.15405;0;0;-10.6958;0;0;0;-1.31466;-6.21438;33.1296;1.03655;-1.28651;-0.031156;0;0;0;0;0;0;1.31466;6.21438;-33.1296;-18.3375;215.836;39.5893;
1.15503;0;0;-10.6958;0;0;0;-8.43282;6.14389;43.4698;-0.412252;-0.804454;-0.217911;0;0;0;0;0;0;8.43282;-6.14389;-43.4698;-20.8499;282.993;-43.7905;
1.156;0;0;-10.6958;0;0;0;0;0;0;0;0;0;0;0;0;0;0;0;0;-0;-0;0;0;0;
1.15704;0;0;-10.6958;0;0;0;2.85784;-1.55345;12.8179;-0.0562339;0.534767;0.00894919;0;0;0;0;0;0;-2.85784;1.55345;-12.8179;-6.55192;82.1362;11.4836;
1.15801;0;0;-10.6958;0;0;0;3.86199;-1.69643;16.0928;0.748675;-0.0486779;-0.121642;0;0;0;0;0;0;-3.86199;1.69643;-16.0928;-9.0196;103.814;13.045;
1.15905;0;0;-10.6958;0;0;0;0;0;0;0;0;0;0;0;0;0;0;0;0;-0;-0;0;0;0;
1.16002;0;0;-10.6958;0;0;0;0;0;0;0;0;0;0;0;0;0;0;0;0;-0;-0;0;0;0;
1.16105;0;0;-10.6958;0;0;0;-1.67987;5.25851;48.8252;-1.02699;-0.102349;0.0496359;0;0;0;0;0;0;1.67987;-5.25851;-48.8252;-23.0199;316.272;-34.9287;
1.16203;0;0;-10.6958;0;0;0;0;0;0;0;0;0;0;0;0;0;0;0;0;-0;-0;0;0;0;
1.163;0;0;-10.6958;0;0;0;3.00255;-4.17344;16.6932;0.553569;1.23697;0.209684;0;0;0;0;0;0;-3.00255;4.17344;-16.6932;-9.37595;106.501;28.3124;
1.16404;0;0;-10.6958;0;0;0;1.73513;3.06879;10.9799;-0.584037;0.192547;0.038479;0;0;0;0;0;0;-1.73513;-3.06879;-10.9799;-4.63387;70.6956;-19.0265;
1.16501;0;0;-10.6958;0;0;0;3.83664;-4.25988;19.5479;0.848149;0.491143;-0.00749181;0;0;0;0;0;0;-3.83664;4.25988;-19.5479;-11.1161;125.638;29.5089;
1.16605;0;0;-10.6958;0;0;0;0;0;0;0;0;0;0;0;0;0;0;0;0;-0;-0;0;0;0;
1.16702;0;0;-10.6958;0;0;0;-3.50642;0.0287562;16.2563;0.229993;-0.683243;-0.0975817;0;0;0;0;0;0;3.50642;-0.0287562;-16.2563;-8.40967;106.248;-1.85348;
1.16805;0;0;-10.6958;0;0;0;-5.55809;-10.1649;39.3205;1.55422;-1.5089;0.0828316;0;0;0;0;0;0;5.55809;10.1649;-39.3205;-22.3688;256.553;62.9076;
1.16903;0;0;-10.6958;0;0;0;3.02541;-3.29199;15.3402;0.544886;0.67425;0.0848448;0;0;0;0;0;0;-3.02541;3.29199;-15.3402;-8.59757;98.3045;22.744;
1.17;0;0;-10.6958;0;0;0;-5.20317;-4.25238;11.5238;0.655681;-0.494886;0.130766;0;0;0;0;0;0;5.20317;4.25238;-11.5238;-6.88403;75.6015;24.7719;
1.17104;0;0;-10.6958;0;0;0;0;0;0;0;0;0;0;0;0;0;0;0;0;-0;-0;0;0;0;
1.17201;0;0;-10.6958;0;0;0;4.13794;-2.6466;17.8744;0.652402;1.29429;0.0406095;0;0;0;0;0;0;-4.13794;2.6466;-17.8744;-9.91573;113.974;19.1712;
1.17305;0;0;-10.6958;0;0;0;0;0;0;0;0;0;0;0;0;0;0;0;0;-0;-0;0;0;0;
1.17402;0;0;-10.6958;0;0;0;0;0;0;0;0;0;0;0;0;0;0;0;0;-0;-0;0;0;0;
1.17506;0;0;-10.6958;0;0;0;6.8772;5.01112;30.5228;-1.10741;0.817539;0.113754;0;0;0;0;0;0;-6.8772;-5.01112;-30.5228;-13.752;196.036;-29.0845;
1.17603;0;0;-10.6958;0;0;0;0;0;0;0;0;0;0;0;0;0;0;0;0;-0;-0;0;0;0;
1.17701;0;0;-10.6958;0;0;0;1.80851;-1.05783;7.69278;0.283439;0.556134;0.00983942;0;0;0;0;0;0;-1.80851;1.05783;-7.69278;-4.26201;49.0501;7.74682;
1.17804;0;0;-10.6958;0;0;0;0;0;0;0;0;0;0;0;0;0;0;0;0;-0;-0;0;0;0;
1.17902;0;0;-10.6958;0;0;0;0;0;0;0;0;0;0;0;0;0;0;0;0;-0;-0;0;0;0;
1.18005;0;0;-10.6958;0;0;0;0;0;0;0;0;0;0;0;0;0;0;0;0;-0;-0;0;0;0;
1.18103;0;0;-10.6958;0;0;0;0;0;0;0;0;0;0;0;0;0;0;0;0;-0;-0;0;0;0;
1.182;0;0;-10.6958;0;0;0;0.203006;-0.0425479;0.799959;-0.0486535;0.0122722;0.0129995;0;0;0;0;0;0;-0.203006;0.0425479;-0.799959;-0.358285;5.14469;0.364555;
1.18304;0;0;-10.6958;0;0;0;-16.1993;3.32929;72.9621;-0.795323;-0.837739;0.0683499;0;0;0;0;0;0;16.1993;-3.32929;-72.9621;-35.595;474.683;-29.7696;
1.18401;0;0;-10.6958;0;0;0;0;0;0;0;0;0;0;0;0;0;0;0;0;-0;-0;0;0;0;
1.18504;0;0;-10.6958;0;0;0;5.10779;-0.223915;20.228;-0.675127;-0.148829;0.126016;0;0;0;0;0;0;-5.10779;0.223915;-20.228;-9.52909;130.552;3.89417;
1.18602;0;0;-10.6958;0;0;0;-4.69175;0.752826;16.8902;-0.183985;-0.315106;0.0140751;0;0;0;0;0;0;4.69175;-0.752826;-16.8902;-8.24192;110.102;-7.248;
1.18705;0;0;-10.6958;0;0;0;-0.293152;-3.59978;15.6314;0.397804;0.0380926;0.0702737;0;0;0;0;0;0;0.293152;3.59978;-15.6314;-8.62802;101.159;23.0802;
1.18803;0;0;-10.6958;0;0;0;2.5235;1.26955;10.5542;-0.280736;0.341663;0.0224689;0;0;0;0;0;0;-2.5235;-1.26955;-10.5542;-4.90398;67.7122;-6.96886;
1.18906;0;0;-10.6958;0;0;0;-2.97041;-2.52295;12.2664;0.528618;-0.882259;-0.0534535;0;0;0;0;0;0;2.97041;2.52295;-12.2664;-6.95674;80.5702;14.887;
1.19003;0;0;-10.6958;0;0;0;-8.51163;1.47621;42.2731;-0.241067;-0.427947;0.0013911;0;0;0;0;0;0;8.51163;-1.47621;-42.2731;-20.8885;274.878;-13.8398;
1.19101;0;0;-10.6958;0;0;0;0;0;0;0;0;0;0;0;0;0;0;0;0;-0;-0;0;0;0;
1.19204;0;0;-10.6958;0;0;0;1.55199;-0.086686;6.05946;-0.122928;-0.0561207;0.026063;0;0;0;0;0;0;-1.55199;0.086686;-6.05946;-2.93581;39.1172;1.31616;
1.19302;0;0;-10.6958;0;0;0;0;0;0;0;0;0;0;0;0;0;0;0;0;-0;-0;0;0;0;
1.19405;0;0;-10.6958;0;0;0;6.67172;-7.00812;36.8888;1.18744;-0.47129;-0.0591118;0;0;0;0;0;0;-6.67172;7.00812;-36.8888;-20.4605;238.546;48.7743;
1.19503;0;0;-10.6958;0;0;0;0;0;0;0;0;0;0;0;0;0;0;0;0;-0;-0;0;0;0;
1.19606;0;0;-10.6958;0;0;0;-7.86813;3.90451;45.5703;-0.580318;-0.23781;-0.0683016;0;0;0;0;0;0;7.86813;-3.90451;-45.5703;-21.9646;295.963;-29.1623;
1.19703;0;0;-10.6958;0;0;0;0;0;0;0;0;0;0;0;0;0;0;0;0;-0;-0;0;0;0;
1.19801;0;0;-10.6958;0;0;0;0;0;0;0;0;0;0;0;0;0;0;0;0;-0;-0;0;0;0;
1.19905;0;0;-10.6958;0;0;0;0;0;0;0;0;0;0;0;0;0;0;0;0;-0;-0;0;0;0;
1.20002;0;0;-10.6958;0;0;0;-9.09417;4.47961;46.0104;-0.472917;-0.285116;-0.0940719;0;0;0;0;0;0;9.09417;-4.47961;-46.0104;-22.2356;298.982;-33.4757;
1.20105;0;0;-10.6958;0;0;0;0;0;0;0;0;0;0;0;0;0;0;0;0;-0;-0;0;0;0;
1.20203;0;0;-10.6958;0;0;0;0.897617;-6.12995;22.1303;0.633154;-0.113994;0.115121;0;0;0;0;0;0;-0.897617;6.12995;-22.1303;-12.3892;143.252;40.0101;
1.203;0;0;-10.6958;0;0;0;0;0;0;0;0;0;0;0;0;0;0;0;0;-0;-0;0;0;0;
1.20404;0;0;-10.6958;0;0;0;-2.87232;-1.15097;38.4478;0.125129;0.130165;0.0208238;0;0;0;0;0;0;2.87232;1.15097;-38.4478;-19.5936;248.995;5.98251;
1.20501;0;0;-10.6958;0;0;0;0;0;0;0;0;0;0;0;0;0;0;0;0;-0;-0;0;0;0;
1.20605;0;0;-10.6958;0;0;0;2.48051;-1.14646;10.2267;0.385314;0.736813;-0.010859;0;0;0;0;0;0;-2.48051;1.14646;-10.2267;-5.64826;65.2014;8.67935;
1.20703;0;0;-10.6958;0;0;0;1.62503;0.819648;7.33889;0.0137198;-0.150338;-0.0374789;0;0;0;0;0;0;-1.62503;-0.819648;-7.33889;-3.62527;47.4846;-4.44938;
1.208;0;0;-10.6958;0;0;0;0.636413;-0.179411;2.53276;0.111583;-0.191079;-0.0415732;0;0;0;0;0;0;-0.636413;0.179411;-2.53276;-1.40449;16.5192;1.52307;
1.20904;0;0;-10.6958;0;0;0;1.64745;-0.924151;6.9624;0.257621;0.502979;0.00580416;0;0;0;0;0;0;-1.64745;0.924151;-6.9624;-3.85512;44.3923;6.80459;
1.21001;0;0;-10.6958;0;0;0;2.35192;-2.66603;11.9509;0.406858;0.878942;0.116007;0;0;0;0;0;0;-2.35192;2.66603;-11.9509;-6.69057;76.2313;18.3226;
1.21105;0;0;-10.6958;0;0;0;0;0;0;0;0;0;0;0;0;0;0;0;0;-0;-0;0;0;0;
1.21202;0;0;-10.6958;0;0;0;0.946824;-0.910631;4.53327;0.157626;0.331611;0.0336912;0;0;0;0;0;0;-0.946824;0.910631;-4.53327;-2.53106;28.9127;6.33655;
1.21306;0;0;-10.6958;0;0;0;0;0;0;0;0;0;0;0;0;0;0;0;0;-0;-0;0;0;0;
1.21403;0;0;-10.6958;0;0;0;-10.2538;-5.04794;20.6368;0.589428;-0.687304;0.110634;0;0;0;0;0;0;10.2538;5.04794;-20.6368;-11.4848;135.281;27.3986;
1.21501;0;0;-10.6958;0;0;0;2.47512;1.18622;10.6309;-0.243772;-0.056651;0.0219869;0;0;0;0;0;0;-2.47512;-1.18622;-10.6309;-4.98792;68.6113;-6.45345;
1.21604;0;0;-10.6958;0;0;0;1.85836;-3.41316;12.0269;0.385535;0.901177;0.196177;0;0;0;0;0;0;-1.85836;3.41316;-12.0269;-6.78269;76.7507;22.8294;
1.21701;0;0;-10.6958;0;0;0;0.583126;-0.0418114;2.27256;0.142677;-0.138604;-0.0391602;0;0;0;0;0;0;-0.583126;0.0418114;-2.27256;-1.29077;14.7881;0.603282;
1.21805;0;0;-10.6958;0;0;0;-5.5115;-0.605902;19.2194;0.0674555;-0.3005;0.0170116;0;0;0;0;0;0;5.5115;0.605902;-19.2194;-9.8025;125.244;1.13021;
1.21902;0;0;-10.6958;0;0;0;0.058937;-0.0419919;0.260168;-0.016469;0.00415408;0.00440128;0;0;0;0;0;0;-0.058937;0.0419919;-0.260168;-0.118711;1.67374;0.297038;
1.22006;0;0;-10.6958;0;0;0;-2.93954;-2.91144;8.38393;0.499751;-0.462203;0.0147145;0;0;0;0;0;0;2.93954;2.91144;-8.38393;-5.01273;55.0192;17.3486;
1.22103;0;0;-10.6958;0;0;0;0;0;0;0;0;0;0;0;0;0;0;0;0;-0;-0;0;0;0;
1.222;0;0;-10.6958;0;0;0;0.494953;1.52923;9.72195;-0.224415;-0.0126995;-0.011317;0;0;0;0;0;0;-0.494953;-1.52923;-9.72195;-4.51526;62.8839;-9.63683;
1.22304;0;0;-10.6958;0;0;0;0.34086;1.46988;11.9967;-0.0352799;-0.329849;-0.090826;0;0;0;0;0;0;-0.34086;-1.46988;-11.9967;-5.85535;77.9387;-9.25072;
1.22402;0;0;-10.6958;0;0;0;0;0;0;0;0;0;0;0;0;0;0;0;0;-0;-0;0;0;0;
1.22505;0;0;-10.6958;0;0;0;-0.884861;3.44298;16.9443;-0.377192;0.0126481;-0.0681655;0;0;0;0;0;0;0.884861;-3.44298;-16.9443;-7.80533;109.741;-22.6604;
1.22603;0;0;-10.6958;0;0;0;0;0;0;0;0;0;0;0;0;0;0;0;0;-0;-0;0;0;0;
1.227;0;0;-10.6958;0;0;0;2.10966;2.2605;23.6172;-0.248762;0.315381;-0.0497133;0;0;0;0;0;0;-2.10966;-2.2605;-23.6172;-11.4115;152.324;-13.5185;
1.22804;0;0;-10.6958;0;0;0;0;0;0;0;0;0;0;0;0;0;0;0;0;-0;-0;0;0;0;
1.22901;0;0;-10.6958;0;0;0;2.62141;4.873;18.5907;-0.727053;0.101379;-0.0335228;0;0;0;0;0;0;-2.62141;-4.873;-18.5907;-8.1403;119.955;-30.1853;
1.23005;0;0;-10.6958;0;0;0;0;0;0;0;0;0;0;0;0;0;0;0;0;-0;-0;0;0;0;
1.23102;0;0;-10.6958;0;0;0;0;0;0;0;0;0;0;0;0;0;0;0;0;-0;-0;0;0;0;
1.23206;0;0;-10.6958;0;0;0;0.746558;-1.03432;4.47732;0.200791;0.0598359;0.0111252;0;0;0;0;0;0;-0.746558;1.03432;-4.47732;-2.55851;28.8425;7.05882;
1.23303;0;0;-10.6958;0;0;0;2.68718;2.93336;13.4558;-0.734703;0.223111;0.098085;0;0;0;0;0;0;-2.68718;-2.93336;-13.4558;-5.74314;86.5932;-17.7304;
1.23401;0;0;-10.6958;0;0;0;0;0;0;0;0;0;0;0;0;0;0;0;0;-0;-0;0;0;0;
1.23504;0;0;-10.6958;0;0;0;0.135241;-1.73658;13.8195;0.603428;-1.0188;-0.133929;0;0;0;0;0;0;-0.135241;1.73658;-13.8195;-7.73419;90.4455;11.4412;
1.23602;0;0;-10.6958;0;0;0;2.20956;-0.1112;8.60461;0.540676;-0.524808;-0.145622;0;0;0;0;0;0;-2.20956;0.1112;-8.60461;-4.88299;55.9919;1.9775;
1.23705;0;0;-10.6958;0;0;0;0;0;0;0;0;0;0;0;0;0;0;0;0;-0;-0;0;0;0;
1.23803;0;0;-10.6958;0;0;0;-11.3758;-3.15553;39.3936;-0.0802649;-1.1558;0.181774;0;0;0;0;0;0;11.3758;3.15553;-39.3936;-20.066;257.258;14.515;
1.239;0;0;-10.6958;0;0;0;0;0;0;0;0;0;0;0;0;0;0;0;0;-0;-0;0;0;0;
1.24004;0;0;-10.6958;0;0;0;1.65663;-0.479329;6.60064;0.257224;0.473746;-0.0301555;0;0;0;0;0;0;-1.65663;0.479329;-6.60064;-3.62788;42.0792;3.96626;
1.24101;0;0;-10.6958;0;0;0;2.23938;5.25347;17.0096;-0.743106;0.391496;-0.0251712;0;0;0;0;0;0;-2.23938;-5.25347;-17.0096;-7.29009;109.47;-32.8484;
1.24205;0;0;-10.6958;0;0;0;0;0;0;0;0;0;0;0;0;0;0;0;0;-0;-0;0;0;0;
1.24303;0;0;-10.6958;0;0;0;0;0;0;0;0;0;0;0;0;0;0;0;0;-0;-0;0;0;0;
1.244;0;0;-10.6958;0;0;0;0.300537;-0.0671069;1.18626;0.0740398;-0.0723134;-0.0228486;0;0;0;0;0;0;-0.300537;0.0671069;-1.18626;-0.677897;7.71962;0.608442;
1.24504;0;0;-10.6958;0;0;0;0;0;0;0;0;0;0;0;0;0;0;0;0;-0;-0;0;0;0;
1.24601;0;0;-10.6958;0;0;0;1.31206;7.33606;20.0384;-1.02606;0.393927;-0.077033;0;0;0;0;0;0;-1.31206;-7.33606;-20.0384;-8.32217;129.164;-46.7419;
1.24705;0;0;-10.6958;0;0;0;0.398906;-0.0468797;1.55851;0.0976719;-0.095043;-0.0278584;0;0;0;0;0;0;-0.398906;0.0468797;-1.55851;-0.886863;10.1416;0.532055;
1.24802;0;0;-10.6958;0;0;0;0.617541;-0.793161;3.30859;0.110835;0.244436;0.0379109;0;0;0;0;0;0;-0.617541;0.793161;-3.30859;-1.85602;21.1068;5.4063;
1.24906;0;0;-10.6958;0;0;0;-2.7865;-1.97926;5.68514;0.338834;-0.305762;0.0596253;0;0;0;0;0;0;2.7865;1.97926;-5.68514;-3.39958;37.3806;11.3477;
1.25003;0;0;-10.6958;0;0;0;-7.43414;-5.45582;83.5937;0.215055;-0.220197;0.113922;0;0;0;0;0;0;7.43414;5.45582;-83.5937;-42.8408;541.99;31.4544;
1.25101;0;0;-10.6958;0;0;0;2.05864;13.8435;37.6365;-1.73436;0.730352;-0.222597;0;0;0;0;0;0;-2.05864;-13.8435;-37.6365;-15.8171;242.648;-88.3371;
1.25204;0;0;-10.6958;0;0;0;0;0;0;0;0;0;0;0;0;0;0;0;0;-0;-0;0;0;0;
1.25302;0;0;-10.6958;0;0;0;4.64559;-13.8185;44.5649;1.92727;0.696967;0.233637;0;0;0;0;0;0;-4.64559;13.8185;-44.5649;-25.7493;287.261;91.5389;
1.25405;0;0;-10.6958;0;0;0;0;0;0;0;0;0;0;0;0;0;0;0;0;-0;-0;0;0;0;
1.25502;0;0;-10.6958;0;0;0;0;0;0;0;0;0;0;0;0;0;0;0;0;-0;-0;0;0;0;
1.25606;0;0;-10.6958;0;0;0;2.36628;-1.26378;9.92993;0.369198;0.716829;0.0032519;0;0;0;0;0;0;-2.36628;1.26378;-9.92993;-5.49458;63.312;9.36707;
1.25703;0;0;-10.6958;0;0;0;1.68305;-2.04027;8.79154;0.296711;0.648125;0.0936092;0;0;0;0;0;0;-1.68305;2.04027;-8.79154;-4.92721;56.0817;13.9583;
1.25801;0;0;-10.6958;0;0;0;0;0;0;0;0;0;0;0;0;0;0;0;0;-0;-0;0;0;0;
1.25905;0;0;-10.6958;0;0;0;-5.17788;-2.92662;13.2158;0.366387;-0.761422;0.0715039;0;0;0;0;0;0;5.17788;2.92662;-13.2158;-7.31304;86.8158;16.2634;
1.26002;0;0;-10.6958;0;0;0;-19.7533;7.58022;59.9491;-0.855652;-0.77306;-0.155273;0;0;0;0;0;0;19.7533;-7.58022;-59.9491;-28.5571;390.753;-58.847;
1.26106;0;0;-10.6958;0;0;0;1.61796;0.245175;6.61001;0.297292;-0.0347443;-0.118205;0;0;0;0;0;0;-1.61796;-0.245175;-6.61001;-3.59978;42.6522;-0.654176;
1.26203;0;0;-10.6958;0;0;0;2.20894;-1.21359;9.3126;0.349313;0.649201;0.00367053;0;0;0;0;0;0;-2.20894;1.21359;-9.3126;-5.15892;59.4001;8.96262;
1.26301;0;0;-10.6958;0;0;0;0;0;0;0;0;0;0;0;0;0;0;0;0;-0;-0;0;0;0;
1.26404;0;0;-10.6958;0;0;0;1.48451;-0.724271;6.15792;0.2309;0.443968;-0.00344584;0;0;0;0;0;0;-1.48451;0.724271;-6.15792;-3.40336;39.261;5.43818;
1.26502;0;0;-10.6958;0;0;0;0;0;0;0;0;0;0;0;0;0;0;0;0;-0;-0;0;0;0;
1.26605;0;0;-10.6958;0;0;0;-6.39335;-4.92778;13.5795;0.807403;-0.732867;0.114186;0;0;0;0;0;0;6.39335;4.92778;-13.5795;-8.13846;89.2633;28.5605;
1.26703;0;0;-10.6958;0;0;0;3.99015;-0.176284;15.5361;-0.929996;0.237252;0.241544;0;0;0;0;0;0;-3.99015;0.176284;-15.5361;-6.90784;99.9113;2.90782;
1.268;0;0;-10.6958;0;0;0;0.742231;-7.81861;24.5089;1.20592;-0.280495;-0.0208658;0;0;0;0;0;0;-0.742231;7.81861;-24.5089;-14.3291;158.828;50.9968;
1.26904;0;0;-10.6958;0;0;0;-3.92631;15.6484;57.6565;-1.49063;-0.161265;-0.387587;0;0;0;0;0;0;3.92631;-15.6484;-57.6565;-25.9564;373.711;-102.866;
1.27002;0;0;-10.6958;0;0;0;0;0;0;0;0;0;0;0;0;0;0;0;0;-0;-0;0;0;0;
1.27105;0;0;-10.6958;0;0;0;0;0;0;0;0;0;0;0;0;0;0;0;0;-0;-0;0;0;0;
1.27203;0;0;-10.6958;0;0;0;0;0;0;0;0;0;0;0;0;0;0;0;0;-0;-0;0;0;0;
1.273;0;0;-10.6958;0;0;0;3.05291;-3.55238;19.6575;0.440593;-0.307082;0.0130458;0;0;0;0;0;0;-3.05291;3.55238;-19.6575;-10.6926;127.224;24.5148;
1.27404;0;0;-10.6958;0;0;0;0;0;0;0;0;0;0;0;0;0;0;0;0;-0;-0;0;0;0;
1.27501;0;0;-10.6958;0;0;0;0;0;0;0;0;0;0;0;0;0;0;0;0;-0;-0;0;0;0;
1.27605;0;0;-10.6958;0;0;0;0;0;0;0;0;0;0;0;0;0;0;0;0;-0;-0;0;0;0;
1.27703;0;0;-10.6958;0;0;0;2.64915;8.93903;26.3762;-1.36705;0.49739;-0.0312659;0;0;0;0;0;0;-2.64915;-8.93903;-26.3762;-11.0101;169.944;-56.489;
1.278;0;0;-10.6958;0;0;0;-4.20538;-0.77136;31.2323;-0.13945;-0.403954;0.045647;0;0;0;0;0;0;4.20538;0.77136;-31.2323;-15.659;202.963;2.82983;
1.27904;0;0;-10.6958;0;0;0;0.858958;-0.18212;3.38577;0.134031;0.242702;-0.0209483;0;0;0;0;0;0;-0.858958;0.18212;-3.38577;-1.85659;21.5837;1.632;
1.28001;0;0;-10.6958;0;0;0;0;0;0;0;0;0;0;0;0;0;0;0;0;-0;-0;0;0;0;
1.28105;0;0;-10.6958;0;0;0;1.78142;-0.488094;7.08098;0.312053;-0.534228;-0.11533;0;0;0;0;0;0;-1.78142;0.488094;-7.08098;-3.92539;46.1833;4.17097;
1.28202;0;0;-10.6958;0;0;0;2.50534;0.304512;57.2737;-0.110961;0.520432;-0.0012464;0;0;0;0;0;0;-2.50534;-0.304512;-57.2737;-28.6872;369.905;-0.708496;
1.28306;0;0;-10.6958;0;0;0;0;0;0;0;0;0;0;0;0;0;0;0;0;-0;-0;0;0;0;
1.28403;0;0;-10.6958;0;0;0;0;0;0;0;0;0;0;0;0;0;0;0;0;-0;-0;0;0;0;
1.28501;0;0;-10.6958;0;0;0;-2.78861;2.89462;34.7336;-0.309945;0.0831834;-0.058655;0;0;0;0;0;0;2.78861;-2.89462;-34.7336;-16.882;224.994;-20.0791;
1.28604;0;0;-10.6958;0;0;0;0.165877;0.047139;0.660379;0.0288481;0.0473919;-0.0106291;0;0;0;0;0;0;-0.165877;-0.047139;-0.660379;-0.356508;4.20991;-0.210962;
1.28702;0;0;-10.6958;0;0;0;0.587674;-0.168865;2.34078;-0.143383;0.0360583;0.0385989;0;0;0;0;0;0;-0.587674;0.168865;-2.34078;-1.05184;15.0544;1.35011;
1.28806;0;0;-10.6958;0;0;0;4.42653;-4.05222;21.3354;0.783195;0.636833;0.0550414;0;0;0;0;0;0;-4.42653;4.05222;-21.3354;-11.9301;137.001;28.3991;
1.28903;0;0;-10.6958;0;0;0;7.9205;-4.36231;34.9452;0.339154;-0.294781;0.0969458;0;0;0;0;0;0;-7.9205;4.36231;-34.9452;-18.3678;225.664;32.1228;
1.29001;0;0;-10.6958;0;0;0;1.20632;-0.476601;4.90049;0.187021;0.352489;-0.0117563;0;0;0;0;0;0;-1.20632;0.476601;-4.90049;-2.70165;31.2423;3.70354;
1.29104;0;0;-10.6958;0;0;0;0;0;0;0;0;0;0;0;0;0;0;0;0;-0;-0;0;0;0;
1.29202;0;0;-10.6958;0;0;0;1.91461;5.42894;16.6582;-0.868336;0.308587;-0.000766852;0;0;0;0;0;0;-1.91461;-5.42894;-16.6582;-6.9704;107.311;-34.1717;
1.29305;0;0;-10.6958;0;0;0;0.77542;-0.365353;3.20367;0.120504;0.230872;-0.00283781;0;0;0;0;0;0;-0.77542;0.365353;-3.20367;-1.76984;20.4254;2.75772;
1.29403;0;0;-10.6958;0;0;0;1.97924;-0.798868;8.72407;-0.253227;-0.113475;0.0902857;0;0;0;0;0;0;-1.97924;0.798868;-8.72407;-4.21843;56.3768;6.07626;
1.29506;0;0;-10.6958;0;0;0;0;0;0;0;0;0;0;0;0;0;0;0;0;-0;-0;0;0;0;
1.29603;0;0;-10.6958;0;0;0;0;0;0;0;0;0;0;0;0;0;0;0;0;-0;-0;0;0;0;
1.29701;0;0;-10.6958;0;0;0;0.482271;-0.223991;1.98937;0.0749231;0.143339;-0.00202405;0;0;0;0;0;0;-0.482271;0.223991;-1.98937;-1.09881;12.6834;1.69445;
1.29804;0;0;-10.6958;0;0;0;0.572437;-0.281537;2.37682;0.0890588;0.171376;-0.00114939;0;0;0;0;0;0;-0.572437;0.281537;-2.37682;-1.31376;15.1538;2.1114;
1.29902;0;0;-10.6958;0;0;0;0;0;0;0;0;0;0;0;0;0;0;0;0;-0;-0;0;0;0;
1.30005;0;0;-10.6958;0;0;0;0.488326;-0.24157;2.029;0.125414;-0.12344;-0.0448805;0;0;0;0;0;0;-0.488326;0.24157;-2.029;-1.17102;13.2061;1.85413;
1.30103;0;0;-10.6958;0;0;0;-10.561;-5.60702;125.629;0.352481;0.426597;0.158699;0;0;0;0;0;0;10.561;5.60702;-125.629;-64.1523;813.709;30.8141;
1.302;0;0;-10.6958;0;0;0;1.0951;-0.179789;4.29463;0.19009;-0.324112;-0.06204;0;0;0;0;0;0;-1.0951;0.179789;-4.29463;-2.36989;28.0089;1.77686;
1.30304;0;0;-10.6958;0;0;0;2.22892;0.0487236;8.67965;-0.250398;0.280507;0.0603086;0;0;0;0;0;0;-2.22892;-0.0487236;-8.67965;-4.11362;55.6701;0.746284;
1.30401;0;0;-10.6958;0;0;0;-6.41017;1.52574;75.145;-0.942584;-0.593214;0.0871039;0;0;0;0;0;0;6.41017;-1.52574;-75.145;-36.7283;487.578;-13.1883;
1.30505;0;0;-10.6958;0;0;0;-3.01197;6.72773;41.3486;-0.90072;0.00465747;-0.107872;0;0;0;0;0;0;3.01197;-6.72773;-41.3486;-19.2353;267.907;-44.9502;
1.30602;0;0;-10.6958;0;0;0;2.55706;-0.670793;10.1465;0.632352;-0.61839;-0.200243;0;0;0;0;0;0;-2.55706;0.670793;-10.1465;-5.80713;66.0298;5.82873;
1.30706;0;0;-10.6958;0;0;0;0;0;0;0;0;0;0;0;0;0;0;0;0;-0;-0;0;0;0;
1.30804;0;0;-10.6958;0;0;0;-1.68433;8.77857;45.4581;-0.909682;-0.279096;-0.207844;0;0;0;0;0;0;1.68433;-8.77857;-45.4581;-21.0886;294.654;-57.4551;
1.30901;0;0;-10.6958;0;0;0;0;0;0;0;0;0;0;0;0;0;0;0;0;-0;-0;0;0;0;
1.31005;0;0;-10.6958;0;0;0;0.0232633;0.0204381;0.108302;-0.00598609;0.00175822;0.000954017;0;0;0;0;0;0;-0.0232633;-0.0204381;-0.108302;-0.0464716;0.696832;-0.12152;
1.31102;0;0;-10.6958;0;0;0;0.845472;-0.357281;3.49407;0.0804672;-0.201406;-0.0363542;0;0;0;0;0;0;-0.845472;0.357281;-3.49407;-1.87516;22.73;2.77425;
1.31206;0;0;-10.6958;0;0;0;0;0;0;0;0;0;0;0;0;0;0;0;0;-0;-0;0;0;0;
1.31303;0;0;-10.6958;0;0;0;5.41975;5.66697;29.43;-0.755811;-0.0384554;-0.0507795;0;0;0;0;0;0;-5.41975;-5.66697;-29.43;-13.4877;189.965;-33.8979;
1.31401;0;0;-10.6958;0;0;0;0;0;0;0;0;0;0;0;0;0;0;0;0;-0;-0;0;0;0;
1.31504;0;0;-10.6958;0;0;0;0;0;0;0;0;0;0;0;0;0;0;0;0;-0;-0;0;0;0;
1.31602;0;0;-10.6958;0;0;0;1.58357;7.97529;22.0569;-1.1317;0.430423;-0.0743814;0;0;0;0;0;0;-1.58357;-7.97529;-22.0569;-9.16831;142.163;-50.7447;
1.31705;0;0;-10.6958;0;0;0;-2.48792;-4.08108;9.46405;0.556464;-0.529768;-0.0821622;0;0;0;0;0;0;2.48792;4.08108;-9.46405;-5.73081;62.0315;25.2427;
1.31803;0;0;-10.6958;0;0;0;0.730307;-0.297898;2.97473;0.113246;0.214037;-0.00636809;0;0;0;0;0;0;-0.730307;0.297898;-2.97473;-1.64056;18.965;2.30197;
1.319;0;0;-10.6958;0;0;0;0;0;0;0;0;0;0;0;0;0;0;0;0;-0;-0;0;0;0;
1.32004;0;0;-10.6958;0;0;0;-5.9092;-4.28886;12.1803;0.725472;-0.655685;0.121082;0;0;0;0;0;0;5.9092;4.28886;-12.1803;-7.28798;80.0815;24.662;
1.32101;0;0;-10.6958;0;0;0;3.61265;-2.18273;15.4491;0.567331;1.11749;0.0252188;0;0;0;0;0;0;-3.61265;2.18273;-15.4491;-8.56331;98.5061;15.9199;
1.32205;0;0;-10.6958;0;0;0;-19.0584;-5.48874;52.8176;0.557514;-1.05992;0.124535;0;0;0;0;0;0;19.0584;5.48874;-52.8176;-27.6957;344.814;25.8056;
1.32302;0;0;-10.6958;0;0;0;0;0;0;0;0;0;0;0;0;0;0;0;0;-0;-0;0;0;0;
1.32406;0;0;-10.6958;0;0;0;3.37859;-2.56184;15.3257;0.56502;0.650561;0.0323147;0;0;0;0;0;0;-3.37859;2.56184;-15.3257;-8.53702;98.1978;18.2486;
1.32504;0;0;-10.6958;0;0;0;0.0458988;-0.0138023;0.183214;0.00712366;0.0131525;-0.000793785;0;0;0;0;0;0;-0.0458988;0.0138023;-0.183214;-0.100734;1.16799;0.113226;
1.32601;0;0;-10.6958;0;0;0;-7.97982;-1.46436;77.5626;0.0891475;0.0393566;0.0576032;0;0;0;0;0;0;7.97982;1.46436;-77.5626;-39.2779;502.75;5.40308;
1.32705;0;0;-10.6958;0;0;0;0.446032;1.49109;4.40811;-0.228531;0.0830498;-0.00496877;0;0;0;0;0;0;-0.446032;-1.49109;-4.40811;-1.84029;28.4014;-9.42088;
1.32802;0;0;-10.6958;0;0;0;0;0;0;0;0;0;0;0;0;0;0;0;0;-0;-0;0;0;0;
1.32906;0;0;-10.6958;0;0;0;-9.54299;-10.8814;30.8723;1.42578;-0.731484;0.159767;0;0;0;0;0;0;9.54299;10.8814;-30.8723;-18.0602;201.498;65.4612;
1.33003;0;0;-10.6958;0;0;0;0.843462;-0.118649;3.30102;0.132606;0.236433;-0.0253848;0;0;0;0;0;0;-0.843462;0.118649;-3.30102;-1.80613;21.043;1.21784;
1.33101;0;0;-10.6958;0;0;0;1.45228;-5.60226;18.3191;0.781406;0.0899282;0.092578;0;0;0;0;0;0;-1.45228;5.60226;-18.3191;-10.566;118.325;36.8963;
1.33204;0;0;-10.6958;0;0;0;0;0;0;0;0;0;0;0;0;0;0;0;0;-0;-0;0;0;0;
1.33302;0;0;-10.6958;0;0;0;-11.1314;10.948;53.7931;-1.15775;-0.343996;-0.225373;0;0;0;0;0;0;11.1314;-10.948;-53.7931;-24.8178;349.613;-76.2332;
1.33405;0;0;-10.6958;0;0;0;0;0;0;0;0;0;0;0;0;0;0;0;0;-0;-0;0;0;0;
1.33503;0;0;-10.6958;0;0;0;-2.96267;-7.02711;65.4733;0.52782;-0.308312;0.15584;0;0;0;0;0;0;2.96267;7.02711;-65.4733;-34.191;424.35;43.8324;
1.336;0;0;-10.6958;0;0;0;0;0;0;0;0;0;0;0;0;0;0;0;0;-0;-0;0;0;0;
1.33704;0;0;-10.6958;0;0;0;-1.66421;0.852701;12.0964;-0.0852529;-0.117443;-0.0154053;0;0;0;0;0;0;1.66421;-0.852701;-12.0964;-5.91774;78.573;-6.34097;
1.33802;0;0;-10.6958;0;0;0;0;0;0;0;0;0;0;0;0;0;0;0;0;-0;-0;0;0;0;
1.33905;0;0;-10.6958;0;0;0;-2.48176;3.45698;51.4313;-0.41034;0.443968;-0.107992;0;0;0;0;0;0;2.48176;-3.45698;-51.4313;-25.13;332.669;-23.5148;
1.34003;0;0;-10.6958;0;0;0;-2.37242;-4.11118;12.4233;0.742483;-0.704028;-0.0911919;0;0;0;0;0;0;2.37242;4.11118;-12.4233;-7.40941;81.3463;25.5046;
1.341;0;0;-10.6958;0;0;0;0;0;0;0;0;0;0;0;0;0;0;0;0;-0;-0;0;0;0;
1.34204;0;0;-10.6958;0;0;0;-6.15822;-2.61259;10.5703;0.452387;-0.734628;0.0819863;0;0;0;0;0;0;6.15822;2.61259;-10.5703;-6.03584;69.7653;13.727;
1.34301;0;0;-10.6958;0;0;0;1.28842;12.2109;46.3287;-1.44837;0.334622;-0.218173;0;0;0;0;0;0;-1.28842;-12.2109;-46.3287;-20.6429;299.375;-78.1624;
1.34405;0;0;-10.6958;0;0;0;0;0;0;0;0;0;0;0;0;0;0;0;0;-0;-0;0;0;0;
1.34502;0;0;-10.6958;0;0;0;5.26541;-3.98748;23.984;0.381566;0.641462;0.104976;0;0;0;0;0;0;-5.26541;3.98748;-23.984;-12.8552;154.053;28.3524;
1.34606;0;0;-10.6958;0;0;0;0;0;0;0;0;0;0;0;0;0;0;0;0;-0;-0;0;0;0;
1.34704;0;0;-10.6958;0;0;0;2.6074;0.906487;10.5025;-0.540007;0.198452;0.115936;0;0;0;0;0;0;-2.6074;-0.906487;-10.5025;-4.65526;67.5112;-4.67027;
1.34801;0;0;-10.6958;0;0;0;2.08413;-2.57813;11.2672;0.4723;0.341071;0.0357128;0;0;0;0;0;0;-2.08413;2.57813;-11.2672;-6.4031;72.3709;17.699;
1.34905;0;0;-10.6958;0;0;0;0.150953;-0.00389547;0.58753;0.036953;-0.0358357;-0.00973184;0;0;0;0;0;0;-0.150953;0.00389547;-0.58753;-0.333081;3.82315;0.110926;
1.35002;0;0;-10.6958;0;0;0;1.4587;-0.494501;5.86141;0.226171;0.42109;-0.0207604;0;0;0;0;0;0;-1.4587;0.494501;-5.86141;-3.22629;37.3672;3.95542;
1.35106;0;0;-10.6958;0;0;0;2.2602;-3.00792;14.3572;0.765771;-0.377848;-0.116792;0;0;0;0;0;0;-2.2602;3.00792;-14.3572;-8.29514;93.0701;20.7218;
1.35203;0;0;-10.6958;0;0;0;0;0;0;0;0;0;0;0;0;0;0;0;0;-0;-0;0;0;0;
1.35301;0;0;-10.6958;0;0;0;-3.99525;-4.33909;11.1182;0.658111;-0.612012;-0.00236194;0;0;0;0;0;0;3.99525;4.33909;-11.1182;-6.69105;72.9709;26.0739;
1.35404;0;0;-10.6958;0;0;0;4.79437;-0.606101;18.7433;-0.042003;0.762821;0.0365493;0;0;0;0;0;0;-4.79437;0.606101;-18.7433;-9.45349;120.061;6.2994;
1.35502;0;0;-10.6958;0;0;0;-0.899066;12.4352;59.158;-1.47704;-0.334507;-0.306067;0;0;0;0;0;0;0.899066;-12.4352;-59.158;-27.0494;383.296;-80.6271;
1.35606;0;0;-10.6958;0;0;0;0;0;0;0;0;0;0;0;0;0;0;0;0;-0;-0;0;0;0;
1.35703;0;0;-10.6958;0;0;0;4.3588;-1.05515;17.2476;0.46456;1.11682;-0.0478956;0;0;0;0;0;0;-4.3588;1.05515;-17.2476;-9.2524;110.071;9.07082;
1.35801;0;0;-10.6958;0;0;0;4.42539;2.43546;18.7908;-0.587362;0.559167;0.0598687;0;0;0;0;0;0;-4.42539;-2.43546;-18.7908;-8.62607;120.61;-13.5946;
1.35904;0;0;-10.6958;0;0;0;0;0;0;0;0;0;0;0;0;0;0;0;0;-0;-0;0;0;0;
1.36002;0;0;-10.6958;0;0;0;-2.08974;-2.62113;8.77367;0.527086;-0.493215;-0.0218049;0;0;0;0;0;0;2.08974;2.62113;-8.77367;-5.20706;57.4866;15.9339;
1.36105;0;0;-10.6958;0;0;0;0.557038;5.05114;13.2402;-0.673286;0.267399;-0.0736866;0;0;0;0;0;0;-0.557038;-5.05114;-13.2402;-5.48307;85.3671;-32.3369;
1.36203;0;0;-10.6958;0;0;0;2.83442;-7.74074;24.9325;1.06948;0.442753;0.115851;0;0;0;0;0;0;-2.83442;7.74074;-24.9325;-14.3982;160.635;51.409;
1.363;0;0;-10.6958;0;0;0;0;0;0;0;0;0;0;0;0;0;0;0;0;-0;-0;0;0;0;
1.36404;0;0;-10.6958;0;0;0;3.69577;-1.75327;15.2809;0.574444;1.1013;-0.0125738;0;0;0;0;0;0;-3.69577;1.75327;-15.2809;-8.44257;97.425;13.22;
1.36501;0;0;-10.6958;0;0;0;-0.436756;0.433267;11.3354;-0.0775559;-0.0142618;-0.0114673;0;0;0;0;0;0;0.436756;-0.433267;-11.3354;-5.58458;73.4207;-3.01248;
1.36605;0;0;-10.6958;0;0;0;0.0473958;-0.0652483;0.262283;0.00870893;0.0194278;0.00325933;0;0;0;0;0;0;-0.0473958;0.0652483;-0.262283;-0.147295;1.6733;0.442884;
1.36702;0;0;-10.6958;0;0;0;1.29953;-2.01481;7.67335;0.327562;-0.574417;-0.206301;0;0;0;0;0;0;-1.29953;2.01481;-7.67335;-4.39269;50.1056;13.9003;
1.36806;0;0;-10.6958;0;0;0;0;0;0;0;0;0;0;0;0;0;0;0;0;-0;-0;0;0;0;
1.36903;0;0;-10.6958;0;0;0;0;0;0;0;0;0;0;0;0;0;0;0;0;-0;-0;0;0;0;
1.37001;0;0;-10.6958;0;0;0;0;0;0;0;0;0;0;0;0;0;0;0;0;-0;-0;0;0;0;
1.37104;0;0;-10.6958;0;0;0;0;0;0;0;0;0;0;0;0;0;0;0;0;-0;-0;0;0;0;
1.37202;0;0;-10.6958;0;0;0;0;0;0;0;0;0;0;0;0;0;0;0;0;-0;-0;0;0;0;
1.37306;0;0;-10.6958;0;0;0;3.96487;-5.3768;22.5987;0.898711;0.504069;0.0810571;0;0;0;0;0;0;-3.96487;5.3768;-22.5987;-12.8149;145.356;36.7133;
1.37403;0;0;-10.6958;0;0;0;0;0;0;0;0;0;0;0;0;0;0;0;0;-0;-0;0;0;0;
1.37501;0;0;-10.6958;0;0;0;9.89279;6.79717;55.6412;-1.0586;-0.614036;-0.144605;0;0;0;0;0;0;-9.89279;-6.79717;-55.6412;-26.2649;359.728;-38.8671;
1.37604;0;0;-10.6958;0;0;0;0.926186;-1.03545;4.69462;0.161184;0.319508;0.0419544;0;0;0;0;0;0;-0.926186;1.03545;-4.69462;-2.62842;29.9709;7.12566;
1.37702;0;0;-10.6958;0;0;0;0.802401;4.09126;11.8418;-0.519107;0.151504;-0.0639765;0;0;0;0;0;0;-0.802401;-4.09126;-11.8418;-5.02995;76.408;-26.0108;
1.37805;0;0;-10.6958;0;0;0;0;0;0;0;0;0;0;0;0;0;0;0;0;-0;-0;0;0;0;
1.37903;0;0;-10.6958;0;0;0;0.774132;-0.413736;3.24891;0.120791;0.234531;0.00108511;0;0;0;0;0;0;-0.774132;0.413736;-3.24891;-1.79777;20.7145;3.06627;
1.38;0;0;-10.6958;0;0;0;0;0;0;0;0;0;0;0;0;0;0;0;0;-0;-0;0;0;0;
1.38104;0;0;-10.6958;0;0;0;0.279153;-0.10947;1.13333;0.0432775;0.0815141;-0.00278624;0;0;0;0;0;0;-0.279153;0.10947;-1.13333;-0.624759;7.2253;0.851788;
1.38201;0;0;-10.6958;0;0;0;0;0;0;0;0;0;0;0;0;0;0;0;0;-0;-0;0;0;0;
1.38305;0;0;-10.6958;0;0;0;1.94907;-1.42776;10.7003;0.46663;-0.802002;-0.19201;0;0;0;0;0;0;-1.94907;1.42776;-10.7003;-5.99633;69.8581;10.4135;
1.38403;0;0;-10.6958;0;0;0;2.80164;-1.72367;12.0638;0.472364;0.700228;0.00416656;0;0;0;0;0;0;-2.80164;1.72367;-12.0638;-6.71818;77.0949;12.5616;
1.385;0;0;-10.6958;0;0;0;-2.13769;-1.60032;16.8623;0.515722;-0.606;-0.0992316;0;0;0;0;0;0;2.13769;1.60032;-16.8623;-9.16448;109.954;9.38045;
1.38604;0;0;-10.6958;0;0;0;0;0;0;0;0;0;0;0;0;0;0;0;0;-0;-0;0;0;0;
1.38701;0;0;-10.6958;0;0;0;0;0;0;0;0;0;0;0;0;0;0;0;0;-0;-0;0;0;0;
1.38805;0;0;-10.6958;0;0;0;0;0;0;0;0;0;0;0;0;0;0;0;0;-0;-0;0;0;0;
1.38902;0;0;-10.6958;0;0;0;0;0;0;0;0;0;0;0;0;0;0;0;0;-0;-0;0;0;0;
1.39006;0;0;-10.6958;0;0;0;0.268756;-0.140226;1.12426;0.0418954;0.081129;0.000103874;0;0;0;0;0;0;-0.268756;0.140226;-1.12426;-0.621907;7.16803;1.04272;
1.39104;0;0;-10.6958;0;0;0;1.01805;9.25168;30.3679;-0.969598;0.218991;-0.209856;0;0;0;0;0;0;-1.01805;-9.25168;-30.3679;-13.3855;196.219;-59.1544;
1.39201;0;0;-10.6958;0;0;0;0;0;0;0;0;0;0;0;0;0;0;0;0;-0;-0;0;0;0;
1.39305;0;0;-10.6958;0;0;0;0;0;0;0;0;0;0;0;0;0;0;0;0;-0;-0;0;0;0;
1.39402;0;0;-10.6958;0;0;0;-17.1305;-2.02433;68.2405;0.280638;-1.1357;0.0918303;0;0;0;0;0;0;17.1305;2.02433;-68.2405;-34.8337;444.511;4.38685;
1.39506;0;0;-10.6958;0;0;0;0;0;0;0;0;0;0;0;0;0;0;0;0;-0;-0;0;0;0;
1.39603;0;0;-10.6958;0;0;0;0;0;0;0;0;0;0;0;0;0;0;0;0;-0;-0;0;0;0;
1.39701;0;0;-10.6958;0;0;0;1.06828;-0.7907;4.80289;0.231694;0.0275699;-0.0337345;0;0;0;0;0;0;-1.06828;0.7907;-4.80289;-2.72881;30.9492;5.68886;
1.39804;0;0;-10.6958;0;0;0;0;0;0;0;0;0;0;0;0;0;0;0;0;-0;-0;0;0;0;
1.39902;0;0;-10.6958;0;0;0;1.05221;-2.95111;9.08;0.278834;0.691846;0.192546;0;0;0;0;0;0;-1.05221;2.95111;-9.08;-5.14621;57.9679;19.4366;
1.40006;0;0;-10.6958;0;0;0;0.909071;-0.538528;3.88592;0.15035;0.238688;0.00134232;0;0;0;0;0;0;-0.909071;0.538528;-3.88592;-2.16053;24.8194;3.94159;
1.40103;0;0;-10.6958;0;0;0;0.0535083;-0.0132342;0.211874;-0.0129312;0.00325653;0.00346915;0;0;0;0;0;0;-0.0535083;0.0132342;-0.211874;-0.0950486;1.3626;0.109116;
1.40201;0;0;-10.6958;0;0;0;-0.834191;1.56245;18.3701;-0.308977;-0.285325;-0.0139172;0;0;0;0;0;0;0.834191;-1.56245;-18.3701;-8.78056;119.26;-10.5181;
1.40304;0;0;-10.6958;0;0;0;0;0;0;0;0;0;0;0;0;0;0;0;0;-0;-0;0;0;0;
1.40402;0;0;-10.6958;0;0;0;0.65095;1.2692;4.37042;-0.231372;0.0775601;0.0119375;0;0;0;0;0;0;-0.65095;-1.2692;-4.37042;-1.84083;28.1422;-7.89854;
1.40505;0;0;-10.6958;0;0;0;5.28467;-13.2143;65.5635;1.17354;1.0347;0.275782;0;0;0;0;0;0;-5.28467;13.2143;-65.5635;-35.5049;422.76;87.9071;
1.40603;0;0;-10.6958;0;0;0;0;0;0;0;0;0;0;0;0;0;0;0;0;-0;-0;0;0;0;
1.407;0;0;-10.6958;0;0;0;0.749972;1.98075;6.19042;-0.323526;0.1138;0.00278263;0;0;0;0;0;0;-0.749972;-1.98075;-6.19042;-2.5932;39.8751;-12.4447;
1.40804;0;0;-10.6958;0;0;0;0;0;0;0;0;0;0;0;0;0;0;0;0;-0;-0;0;0;0;
1.40901;0;0;-10.6958;0;0;0;1.41138;6.09003;17.2079;-0.885937;0.331769;-0.0447524;0;0;0;0;0;0;-1.41138;-6.09003;-17.2079;-7.16312;110.895;-38.6594;
1.41005;0;0;-10.6958;0;0;0;0;0;0;0;0;0;0;0;0;0;0;0;0;-0;-0;0;0;0;
1.41103;0;0;-10.6958;0;0;0;0;0;0;0;0;0;0;0;0;0;0;0;0;-0;-0;0;0;0;
1.412;0;0;-10.6958;0;0;0;0;0;0;0;0;0;0;0;0;0;0;0;0;-0;-0;0;0;0;
1.41304;0;0;-10.6958;0;0;0;0;0;0;0;0;0;0;0;0;0;0;0;0;-0;-0;0;0;0;
1.41401;0;0;-10.6958;0;0;0;0;0;0;0;0;0;0;0;0;0;0;0;0;-0;-0;0;0;0;
1.41505;0;0;-10.6958;0;0;0;0;0;0;0;0;0;0;0;0;0;0;0;0;-0;-0;0;0;0;
1.41602;0;0;-10.6958;0;0;0;-3.25376;-4.64882;12.7923;0.625956;-0.837541;-0.137878;0;0;0;0;0;0;3.25376;4.64882;-12.7923;-7.53276;83.9566;28.5871;
1.41706;0;0;-10.6958;0;0;0;-1.80032;-4.78299;12.8766;0.764535;-0.736088;-0.166526;0;0;0;0;0;0;1.80032;4.78299;-12.8766;-7.72726;84.2542;30.2157;
1.41803;0;0;-10.6958;0;0;0;1.82563;-0.410454;7.20744;0.449817;-0.43936;-0.138959;0;0;0;0;0;0;-1.82563;0.410454;-7.20744;-4.11903;46.9021;3.71436;
1.41901;0;0;-10.6958;0;0;0;3.54556;-1.43899;14.5581;0.135793;0.365123;0.0365157;0;0;0;0;0;0;-3.54556;1.43899;-14.5581;-7.60848;93.4977;11.0613;
1.42005;0;0;-10.6958;0;0;0;2.20217;8.78265;25.129;-1.29629;0.481266;-0.0546034;0;0;0;0;0;0;-2.20217;-8.78265;-25.129;-10.4691;161.932;-55.6781;
1.42102;0;0;-10.6958;0;0;0;6.96384;9.99707;39.3464;-1.71442;0.894385;0.0753283;0;0;0;0;0;0;-6.96384;-9.99707;-39.3464;-17.0852;253.054;-61.2708;
1.42206;0;0;-10.6958;0;0;0;0.772238;-0.549538;3.40802;-0.215719;0.0544112;0.0576546;0;0;0;0;0;0;-0.772238;0.549538;-3.40802;-1.55502;21.9245;3.88766;
1.42303;0;0;-10.6958;0;0;0;-2.38715;-3.2917;11.9409;0.720023;-0.675665;-0.0423147;0;0;0;0;0;0;2.38715;3.2917;-11.9409;-7.06173;78.1971;20.1445;
1.42401;0;0;-10.6958;0;0;0;3.88661;0.887249;15.3718;-0.0297964;0.716307;-0.0396382;0;0;0;0;0;0;-3.88661;-0.887249;-15.3718;-7.61845;98.3783;-3.74626;
1.42504;0;0;-10.6958;0;0;0;3.52946;4.39112;18.6442;-1.0105;0.313591;0.117436;0;0;0;0;0;0;-3.52946;-4.39112;-18.6442;-7.93246;119.996;-26.7601;
1.42602;0;0;-10.6958;0;0;0;3.60439;0.456659;14.6326;-0.158609;0.615576;-0.0119298;0;0;0;0;0;0;-3.60439;-0.456659;-14.6326;-7.1609;93.7236;-1.12925;
1.42706;0;0;-10.6958;0;0;0;0;0;0;0;0;0;0;0;0;0;0;0;0;-0;-0;0;0;0;
1.42803;0;0;-10.6958;0;0;0;2.13826;-1.47302;9.37172;0.339282;0.679622;0.0294105;0;0;0;0;0;0;-2.13826;1.47302;-9.37172;-5.20481;59.7588;10.5803;
1.42901;0;0;-10.6958;0;0;0;3.9172;10.7975;33.3686;-1.74116;0.616282;0.00498;0;0;0;0;0;0;-3.9172;-10.7975;-33.3686;-13.9689;214.95;-67.9145;
1.43004;0;0;-10.6958;0;0;0;1.01601;-0.795482;4.7984;0.235297;-0.00486268;-0.0232219;0;0;0;0;0;0;-1.01601;0.795482;-4.7984;-2.73064;30.9578;5.68297;
1.43102;0;0;-10.6958;0;0;0;5.78395;1.04117;22.7484;-0.46485;0.829652;0.0716672;0;0;0;0;0;0;-5.78395;-1.04117;-22.7484;-10.881;145.815;-3.8987;
1.43205;0;0;-10.6958;0;0;0;-5.89385;-7.17046;17.9696;0.829689;-0.669349;0.10056;0;0;0;0;0;0;5.89385;7.17046;-17.9696;-10.5962;117.561;43.3397;
1.43303;0;0;-10.6958;0;0;0;0.431348;0.325728;1.99035;-0.0676132;0.00517647;0.00722202;0;0;0;0;0;0;-0.431348;-0.325728;-1.99035;-0.90148;12.8329;-1.8982;
1.434;0;0;-10.6958;0;0;0;0;0;0;0;0;0;0;0;0;0;0;0;0;-0;-0;0;0;0;
1.43504;0;0;-10.6958;0;0;0;0;0;0;0;0;0;0;0;0;0;0;0;0;-0;-0;0;0;0;
1.43601;0;0;-10.6958;0;0;0;0;0;0;0;0;0;0;0;0;0;0;0;0;-0;-0;0;0;0;
1.43705;0;0;-10.6958;0;0;0;0;0;0;0;0;0;0;0;0;0;0;0;0;-0;-0;0;0;0;
1.43803;0;0;-10.6958;0;0;0;0;0;0;0;0;0;0;0;0;0;0;0;0;-0;-0;0;0;0;
1.439;0;0;-10.6958;0;0;0;1.4847;-1.74786;7.66071;0.259541;0.564159;0.0784172;0;0;0;0;0;0;-1.4847;1.74786;-7.66071;-4.29147;48.8664;11.981;
1.44004;0;0;-10.6958;0;0;0;0;0;0;0;0;0;0;0;0;0;0;0;0;-0;-0;0;0;0;
1.44101;0;0;-10.6958;0;0;0;1.52958;-0.367791;6.05444;0.311778;0.00613416;-0.0739227;0;0;0;0;0;0;-1.52958;0.367791;-6.05444;-3.39634;39.0241;3.22418;
1.44205;0;0;-10.6958;0;0;0;0.0498361;-12.8549;36.9369;1.75993;-0.203364;0.0601826;0;0;0;0;0;0;-0.0498361;12.8549;-36.9369;-21.6457;239.253;83.1617;
1.44302;0;0;-10.6958;0;0;0;2.32156;2.36661;11.3373;-0.621429;0.186689;0.0882808;0;0;0;0;0;0;-2.32156;-2.36661;-11.3373;-4.84722;72.9543;-14.2363;
1.44406;0;0;-10.6958;0;0;0;-0.0888393;9.67045;48.673;-0.649028;-0.271945;-0.356163;0;0;0;0;0;0;0.0888393;-9.67045;-48.673;-22.8781;315.291;-62.2754;
1.44503;0;0;-10.6958;0;0;0;0.479577;-6.23962;16.5275;0.714571;0.209412;0.0934936;0;0;0;0;0;0;-0.479577;6.23962;-16.5275;-9.66158;106.708;40.5305;
1.44601;0;0;-10.6958;0;0;0;0.377755;0.0105744;1.47033;0.092673;-0.0896816;-0.0231644;0;0;0;0;0;0;-0.377755;-0.0105744;-1.47033;-0.831715;9.56762;0.144874;
1.44705;0;0;-10.6958;0;0;0;0.777692;-0.48259;3.34107;0.12235;0.241785;0.00644469;0;0;0;0;0;0;-0.777692;0.48259;-3.34107;-1.85266;21.3033;3.50832;
1.44802;0;0;-10.6958;0;0;0;1.60911;-3.46868;11.6614;0.382367;0.802334;0.20131;0;0;0;0;0;0;-1.60911;3.46868;-11.6614;-6.60121;74.5082;23.0578;
1.44906;0;0;-10.6958;0;0;0;0;0;0;0;0;0;0;0;0;0;0;0;0;-0;-0;0;0;0;
1.45003;0;0;-10.6958;0;0;0;7.11692;5.03626;45.2485;-0.787188;-0.329965;-0.0708295;0;0;0;0;0;0;-7.11692;-5.03626;-45.2485;-21.4824;292.461;-28.9413;
1.45101;0;0;-10.6958;0;0;0;0;0;0;0;0;0;0;0;0;0;0;0;0;-0;-0;0;0;0;
1.45204;0;0;-10.6958;0;0;0;2.6627;-1.70481;11.7454;0.51449;0.357618;-0.0184466;0;0;0;0;0;0;-2.6627;1.70481;-11.7454;-6.59817;75.3905;12.3922;
1.45302;0;0;-10.6958;0;0;0;2.93613;-1.56471;12.3228;0.365287;0.8371;0.0218346;0;0;0;0;0;0;-2.93613;1.56471;-12.3228;-6.72548;78.62;11.5828;
1.45406;0;0;-10.6958;0;0;0;0;0;0;0;0;0;0;0;0;0;0;0;0;-0;-0;0;0;0;
1.45503;0;0;-10.6958;0;0;0;0;0;0;0;0;0;0;0;0;0;0;0;0;-0;-0;0;0;0;
1.45601;0;0;-10.6958;0;0;0;0;0;0;0;0;0;0;0;0;0;0;0;0;-0;-0;0;0;0;
1.45704;0;0;-10.6958;0;0;0;0.863942;-0.0762682;3.36954;0.211407;-0.205507;-0.0588559;0;0;0;0;0;0;-0.863942;0.0762682;-3.36954;-1.91517;21.9261;0.987335;
1.45802;0;0;-10.6958;0;0;0;-5.15288;-5.94171;14.145;0.833205;-0.777951;-0.023256;0;0;0;0;0;0;5.15288;5.94171;-14.145;-8.55098;92.8423;35.884;
1.45905;0;0;-10.6958;0;0;0;0;0;0;0;0;0;0;0;0;0;0;0;0;-0;-0;0;0;0;
1.46003;0;0;-10.6958;0;0;0;0;0;0;0;0;0;0;0;0;0;0;0;0;-0;-0;0;0;0;
1.461;0;0;-10.6958;0;0;0;-6.0431;-9.88783;24.8504;1.28053;-0.556553;0.147746;0;0;0;0;0;0;6.0431;9.88783;-24.8504;-14.784;161.996;60.8041;
1.46204;0;0;-10.6958;0;0;0;-2.12829;-3.5185;11.462;0.687676;-0.65015;-0.0718876;0;0;0;0;0;0;2.12829;3.5185;-11.462;-6.81117;75.046;21.7722;
1.46302;0;0;-10.6958;0;0;0;0.169589;-0.00228149;0.659973;0.0415293;-0.0402554;-0.0108107;0;0;0;0;0;0;-0.169589;0.00228149;-0.659973;-0.373963;4.29451;0.110941;
1.46405;0;0;-10.6958;0;0;0;2.61396;-1.85926;11.6153;0.352631;0.457839;0.0208712;0;0;0;0;0;0;-2.61396;1.85926;-11.6153;-6.38635;74.4529;13.328;
1.46503;0;0;-10.6958;0;0;0;0.998598;-0.133684;3.90609;0.244634;-0.238203;-0.0706934;0;0;0;0;0;0;-0.998598;0.133684;-3.90609;-2.22425;25.4178;1.43854;
1.466;0;0;-10.6958;0;0;0;-4.89587;-9.17302;22.2538;1.101;-0.311201;0.157222;0;0;0;0;0;0;4.89587;9.17302;-22.2538;-13.2255;144.829;56.7458;
1.46704;0;0;-10.6958;0;0;0;2.01841;-2.93075;11.6941;0.476789;0.398779;0.0563078;0;0;0;0;0;0;-2.01841;2.93075;-11.6941;-6.65796;75.0818;19.9274;
1.46801;0;0;-10.6958;0;0;0;3.7876;9.57381;30.2854;-1.58546;0.554027;0.0231445;0;0;0;0;0;0;-3.7876;-9.57381;-30.2854;-12.6959;195.071;-60.0779;
1.46905;0;0;-10.6958;0;0;0;3.29971;-1.61848;13.7045;0.384879;0.915642;0.0191575;0;0;0;0;0;0;-3.29971;1.61848;-13.7045;-7.446;87.4473;12.1165;
1.47002;0;0;-10.6958;0;0;0;0.108888;-0.0036726;0.423866;0.0266507;-0.0258536;-0.00707038;0;0;0;0;0;0;-0.108888;0.0036726;-0.423866;-0.240378;2.75814;0.0856492;
1.471;0;0;-10.6958;0;0;0;0;0;0;0;0;0;0;0;0;0;0;0;0;-0;-0;0;0;0;
1.47204;0;0;-10.6958;0;0;0;-11.8776;-1.57131;59.3079;-0.177943;-0.50845;0.141048;0;0;0;0;0;0;11.8776;1.57131;-59.3079;-29.8335;385.542;4.04968;
1.47301;0;0;-10.6958;0;0;0;1.071;-0.577362;4.50023;0.196412;-0.339089;-0.0902475;0;0;0;0;0;0;-1.071;0.577362;-4.50023;-2.51974;29.3567;4.36601;
1.47405;0;0;-10.6958;0;0;0;-5.04319;-11.3619;25.5283;1.19536;-0.104337;0.210757;0;0;0;0;0;0;5.04319;11.3619;-25.5283;-15.1883;165.83;70.7845;
1.47502;0;0;-10.6958;0;0;0;2.14932;0.784814;8.68153;-0.491064;0.12715;0.109394;0;0;0;0;0;0;-2.14932;-0.784814;-8.68153;-3.79993;55.8431;-4.10679;
1.47606;0;0;-10.6958;0;0;0;4.5876;4.98713;24.2792;-0.558019;0.438995;-0.0766409;0;0;0;0;0;0;-4.5876;-4.98713;-24.2792;-11.1615;156.234;-29.8906;
1.47703;0;0;-10.6958;0;0;0;0.937219;-0.491995;3.92377;0.146138;0.283172;0.00060031;0;0;0;0;0;0;-0.937219;0.491995;-3.92377;-2.17071;25.017;3.65533;
1.47801;0;0;-10.6958;0;0;0;-4.91088;-1.97664;8.33601;0.357355;-0.578963;0.0732393;0;0;0;0;0;0;4.91088;1.97664;-8.33601;-4.75223;55.0233;10.2475;
1.47905;0;0;-10.6958;0;0;0;0.263103;-0.183304;1.15587;0.0710028;-0.0701757;-0.0272908;0;0;0;0;0;0;-0.263103;0.183304;-1.15587;-0.671263;7.52444;1.34606;
1.48002;0;0;-10.6958;0;0;0;0;0;0;0;0;0;0;0;0;0;0;0;0;-0;-0;0;0;0;
1.48106;0;0;-10.6958;0;0;0;1.44903;0.491694;5.82291;-0.335768;0.0899936;0.0759566;0;0;0;0;0;0;-1.44903;-0.491694;-5.82291;-2.5458;37.4498;-2.52879;
1.48203;0;0;-10.6958;0;0;0;1.14752;-0.463746;4.67768;0.160809;-0.204876;-0.0616344;0;0;0;0;0;0;-1.14752;0.463746;-4.67768;-2.56202;30.3632;3.6406;
1.48301;0;0;-10.6958;0;0;0;3.53094;7.19623;27.3811;-1.09104;0.487449;-0.063913;0;0;0;0;0;0;-3.53094;-7.19623;-27.3811;-11.9676;176.366;-44.7324;
1.48404;0;0;-10.6958;0;0;0;0.308241;-0.232175;1.37795;0.0845137;-0.0836054;-0.0329921;0;0;0;0;0;0;-0.308241;0.232175;-1.37795;-0.80148;8.97065;1.69078;
1.48502;0;0;-10.6958;0;0;0;1.56242;-1.37484;24.7145;-0.505481;-0.3506;-0.00373779;0;0;0;0;0;0;-1.56242;1.37484;-24.7145;-12.0732;160.145;9.68812;
1.48606;0;0;-10.6958;0;0;0;1.08154;7.75407;20.6766;-1.0545;0.412761;-0.0996342;0;0;0;0;0;0;-1.08154;-7.75407;-20.6766;-8.57325;133.296;-49.54;
1.48703;0;0;-10.6958;0;0;0;-3.34821;-3.81967;9.63739;0.562538;-0.537346;-0.0104214;0;0;0;0;0;0;3.34821;3.81967;-9.63739;-5.79788;63.2469;23.0458;
1.48801;0;0;-10.6958;0;0;0;0;0;0;0;0;0;0;0;0;0;0;0;0;-0;-0;0;0;0;
1.48904;0;0;-10.6958;0;0;0;3.56004;-0.504848;14.1113;0.0695723;-0.357749;-0.00591043;0;0;0;0;0;0;-3.56004;0.504848;-14.1113;-7.22343;91.327;5.06525;
1.49002;0;0;-10.6958;0;0;0;0;0;0;0;0;0;0;0;0;0;0;0;0;-0;-0;0;0;0;
1.49105;0;0;-10.6958;0;0;0;0;0;0;0;0;0;0;0;0;0;0;0;0;-0;-0;0;0;0;
1.49203;0;0;-10.6958;0;0;0;3.693;3.79032;18.078;-0.990528;0.29786;0.139895;0;0;0;0;0;0;-3.693;-3.79032;-18.078;-7.72797;116.331;-22.8118;
1.493;0;0;-10.6958;0;0;0;2.17391;1.3393;9.32761;-0.525211;0.147539;0.101222;0;0;0;0;0;0;-2.17391;-1.3393;-9.32761;-4.03522;60.0016;-7.67485;
1.49404;0;0;-10.6958;0;0;0;0;0;0;0;0;0;0;0;0;0;0;0;0;-0;-0;0;0;0;
1.49502;0;0;-10.6958;0;0;0;1.26657;-1.98594;7.51605;0.210185;0.539514;0.111847;0;0;0;0;0;0;-1.26657;1.98594;-7.51605;-4.19326;47.9766;13.3786;
1.49605;0;0;-10.6958;0;0;0;-8.13475;0.581608;40.7994;0.130781;-0.647981;-0.121144;0;0;0;0;0;0;8.13475;-0.581608;-40.7994;-20.6092;265.518;-7.73772;
1.49703;0;0;-10.6958;0;0;0;1.60949;-0.478963;6.4213;0.282716;-0.484416;-0.106995;0;0;0;0;0;0;-1.60949;0.478963;-6.4213;-3.56314;41.8808;4.01698;
1.498;0;0;-10.6958;0;0;0;-3.78397;13.9902;52.8525;-1.38978;-0.133922;-0.331094;0;0;0;0;0;0;3.78397;-13.9902;-52.8525;-23.8068;342.573;-92.1173;
1.49904;0;0;-10.6958;0;0;0;0;0;0;0;0;0;0;0;0;0;0;0;0;-0;-0;0;0;0;
1.50001;0;0;-10.6958;0;0;0;2.0777;0.358391;8.15455;0.348915;0.584244;-0.114577;0;0;0;0;0;0;-2.0777;-0.358391;-8.15455;-4.41756;51.9826;-1.15908;
1.50105;0;0;-10.6958;0;0;0;0;0;0;0;0;0;0;0;0;0;0;0;0;-0;-0;0;0;0;
1.50202;0;0;-10.6958;0;0;0;0.696513;-0.209902;2.78056;0.173035;-0.169425;-0.056134;0;0;0;0;0;0;-0.696513;0.209902;-2.78056;-1.59378;18.095;1.76521;
1.50306;0;0;-10.6958;0;0;0;0.187704;-8.30422;24.3704;1.14015;-0.0329034;0.080559;0;0;0;0;0;0;-0.187704;8.30422;-24.3704;-14.2427;157.738;53.7584;
1.50404;0;0;-10.6958;0;0;0;0;0;0;0;0;0;0;0;0;0;0;0;0;-0;-0;0;0;0;
1.50501;0;0;-10.6958;0;0;0;0.327375;-0.0918751;1.30261;0.0508536;0.0934763;-0.00618761;0;0;0;0;0;0;-0.327375;0.0918751;-1.30261;-0.715782;8.30402;0.765587;
1.50605;0;0;-10.6958;0;0;0;-0.535387;-0.0668588;38.6264;0.282296;-0.831317;-0.216528;0;0;0;0;0;0;0.535387;0.0668588;-38.6264;-19.7321;250.873;0.379741;
1.50702;0;0;-10.6958;0;0;0;6.06908;-14.1649;47.8312;2.049;0.907509;0.218503;0;0;0;0;0;0;-6.06908;14.1649;-47.8312;-27.5504;308.043;94.5106;
1.50806;0;0;-10.6958;0;0;0;-11.0262;-2.79716;29.4022;0.261451;-0.827709;0.065089;0;0;0;0;0;0;11.0262;2.79716;-29.4022;-15.3428;192.226;12.4878;
1.50903;0;0;-10.6958;0;0;0;0;0;0;0;0;0;0;0;0;0;0;0;0;-0;-0;0;0;0;
1.51001;0;0;-10.6958;0;0;0;0.748292;-0.226966;2.98823;0.11613;0.214523;-0.0127868;0;0;0;0;0;0;-0.748292;0.226966;-2.98823;-1.64313;19.0499;1.85836;
1.51105;0;0;-10.6958;0;0;0;0;0;0;0;0;0;0;0;0;0;0;0;0;-0;-0;0;0;0;
1.51202;0;0;-10.6958;0;0;0;0;0;0;0;0;0;0;0;0;0;0;0;0;-0;-0;0;0;0;
1.51306;0;0;-10.6958;0;0;0;0;0;0;0;0;0;0;0;0;0;0;0;0;-0;-0;0;0;0;
1.51403;0;0;-10.6958;0;0;0;0.0543339;-0.0212925;0.220577;0.00967694;-0.0166334;-0.00398932;0;0;0;0;0;0;-0.0543339;0.0212925;-0.220577;-0.122849;1.43873;0.169143;
1.51501;0;0;-10.6958;0;0;0;0;0;0;0;0;0;0;0;0;0;0;0;0;-0;-0;0;0;0;
1.51604;0;0;-10.6958;0;0;0;0;0;0;0;0;0;0;0;0;0;0;0;0;-0;-0;0;0;0;
1.51702;0;0;-10.6958;0;0;0;0.0889077;-0.000718539;0.345982;0.0217757;-0.021103;-0.00563958;0;0;0;0;0;0;-0.0889077;0.000718539;-0.345982;-0.196003;2.25134;0.0550428;
1.51806;0;0;-10.6958;0;0;0;0;0;0;0;0;0;0;0;0;0;0;0;0;-0;-0;0;0;0;
1.51903;0;0;-10.6958;0;0;0;0;0;0;0;0;0;0;0;0;0;0;0;0;-0;-0;0;0;0;
1.52001;0;0;-10.6958;0;0;0;3.1004;11.1292;68.5057;-1.42456;0.710107;-0.179059;0;0;0;0;0;0;-3.1004;-11.1292;-68.5057;-31.9392;442.343;-70.2881;
1.52104;0;0;-10.6958;0;0;0;0;0;0;0;0;0;0;0;0;0;0;0;0;-0;-0;0;0;0;
1.52202;0;0;-10.6958;0;0;0;9.46762;2.94718;39.0694;-0.511618;1.57524;-0.0522671;0;0;0;0;0;0;-9.46762;-2.94718;-39.0694;-18.858;250.327;-14.2561;
1.52305;0;0;-10.6958;0;0;0;0;0;0;0;0;0;0;0;0;0;0;0;0;-0;-0;0;0;0;
1.52403;0;0;-10.6958;0;0;0;0.384193;-2.20723;10.1539;0.617978;-0.597859;-0.153343;0;0;0;0;0;0;-0.384193;2.20723;-10.1539;-5.95113;66.2748;14.6318;
1.525;0;0;-10.6958;0;0;0;0;0;0;0;0;0;0;0;0;0;0;0;0;-0;-0;0;0;0;
1.52604;0;0;-10.6958;0;0;0;1.37308;-3.96065;12.9909;0.500614;0.492353;0.171133;0;0;0;0;0;0;-1.37308;3.96065;-12.9909;-7.43818;83.4456;26.1531;
1.52701;0;0;-10.6958;0;0;0;0;0;0;0;0;0;0;0;0;0;0;0;0;-0;-0;0;0;0;
1.52805;0;0;-10.6958;0;0;0;-2.06374;-1.11804;4.65249;0.199342;-0.327955;0.00961296;0;0;0;0;0;0;2.06374;1.11804;-4.65249;-2.65371;30.6462;6.18744;
1.52903;0;0;-10.6958;0;0;0;2.05149;-0.119966;7.99107;0.355223;-0.603184;-0.100249;0;0;0;0;0;0;-2.05149;0.119966;-7.99107;-4.38971;52.1145;1.9093;
1.53;0;0;-10.6958;0;0;0;0.155382;-2.47488;8.61869;0.449637;-0.199305;-0.0269611;0;0;0;0;0;0;-0.155382;2.47488;-8.61869;-5.03694;55.9633;16.1224;
1.53104;0;0;-10.6958;0;0;0;0;0;0;0;0;0;0;0;0;0;0;0;0;-0;-0;0;0;0;
1.53201;0;0;-10.6958;0;0;0;0;0;0;0;0;0;0;0;0;0;0;0;0;-0;-0;0;0;0;
1.53305;0;0;-10.6958;0;0;0;5.29069;8.73098;46.4616;-1.26656;0.0474883;-0.166706;0;0;0;0;0;0;-5.29069;-8.73098;-46.4616;-21.2423;300.117;-53.6765;
1.53402;0;0;-10.6958;0;0;0;0;0;0;0;0;0;0;0;0;0;0;0;0;-0;-0;0;0;0;
1.53506;0;0;-10.6958;0;0;0;1.26972;5.07431;14.5137;-0.748649;0.278022;-0.0317076;0;0;0;0;0;0;-1.26972;-5.07431;-14.5137;-6.04658;93.526;-32.1698;
1.53603;0;0;-10.6958;0;0;0;1.22988;2.28321;8.01129;-0.425113;0.141329;0.0249839;0;0;0;0;0;0;-1.22988;-2.28321;-8.01129;-3.37781;51.5835;-14.1827;
1.53701;0;0;-10.6958;0;0;0;-1.63173;-2.94073;10.3481;0.583224;-0.402365;-0.00539487;0;0;0;0;0;0;1.63173;2.94073;-10.3481;-6.08791;67.5387;18.2163;
1.53805;0;0;-10.6958;0;0;0;0;0;0;0;0;0;0;0;0;0;0;0;0;-0;-0;0;0;0;
1.53902;0;0;-10.6958;0;0;0;0.26754;-0.175498;1.16119;-0.0732314;0.0184386;0.0196593;0;0;0;0;0;0;-0.26754;0.175498;-1.16119;-0.528927;7.46982;1.25082;
1.54006;0;0;-10.6958;0;0;0;-15.6357;-17.612;110.514;1.67565;-0.88797;0.348575;0;0;0;0;0;0;15.6357;17.612;-110.514;-59.0764;717.703;105.765;
1.54103;0;0;-10.6958;0;0;0;0.309731;0.307522;1.49881;0.072041;0.109749;-0.0374053;0;0;0;0;0;0;-0.309731;-0.307522;-1.49881;-0.795555;9.55932;-1.79695;
1.54201;0;0;-10.6958;0;0;0;-2.65445;-7.53166;27.2108;0.753867;-0.291257;0.240344;0;0;0;0;0;0;2.65445;7.53166;-27.2108;-15.2085;176.665;47.1679;
1.54304;0;0;-10.6958;0;0;0;0;0;0;0;0;0;0;0;0;0;0;0;0;-0;-0;0;0;0;
1.54402;0;0;-10.6958;0;0;0;0.0520462;-0.0187019;0.20993;0.00806802;0.015088;-0.000656101;0;0;0;0;0;0;-0.0520462;0.0187019;-0.20993;-0.115621;1.33833;0.147892;
1.54506;0;0;-10.6958;0;0;0;0.216446;-1.89314;6.06954;-0.126373;-0.0562732;0.0392839;0;0;0;0;0;0;-0.216446;1.89314;-6.06954;-3.11926;39.3162;12.3219;
1.54603;0;0;-10.6958;0;0;0;1.9296;-9.09952;31.9054;1.6647;-0.749069;-0.180689;0;0;0;0;0;0;-1.9296;9.09952;-31.9054;-18.6401;207.044;60.0435;
1.54701;0;0;-10.6958;0;0;0;0.259256;0.05781;1.02328;-0.0596618;0.0157092;0.0142283;0;0;0;0;0;0;-0.259256;-0.05781;-1.02328;-0.449608;6.58084;-0.25787;
1.54804;0;0;-10.6958;0;0;0;0;0;0;0;0;0;0;0;0;0;0;0;0;-0;-0;0;0;0;
1.54902;0;0;-10.6958;0;0;0;0.0427041;-0.019493;0.175828;0.0066321;0.012666;-0.000206572;0;0;0;0;0;0;-0.0427041;0.019493;-0.175828;-0.0970986;1.12098;0.147859;
1.55005;0;0;-10.6958;0;0;0;0;0;0;0;0;0;0;0;0;0;0;0;0;-0;-0;0;0;0;
1.55103;0;0;-10.6958;0;0;0;0.777737;4.41014;12.0275;-0.615707;0.236691;-0.046974;0;0;0;0;0;0;-0.777737;-4.41014;-12.0275;-4.9949;77.5264;-28.1036;
1.552;0;0;-10.6958;0;0;0;1.19573;-2.74515;11.9103;0.723364;-0.708474;-0.235915;0;0;0;0;0;0;-1.19573;2.74515;-11.9103;-6.99474;77.6707;18.6043;
1.55304;0;0;-10.6958;0;0;0;-0.786507;0.480875;7.94451;-0.0523155;-0.0858263;-0.00773219;0;0;0;0;0;0;0.786507;-0.480875;-7.94451;-3.89831;51.5813;-3.50036;
1.55402;0;0;-10.6958;0;0;0;0;0;0;0;0;0;0;0;0;0;0;0;0;-0;-0;0;0;0;
1.55505;0;0;-10.6958;0;0;0;-7.54685;-7.71607;49.0354;0.826691;-0.904283;0.0760215;0;0;0;0;0;0;7.54685;7.71607;-49.0354;-26.2856;319.017;46.063;
1.55603;0;0;-10.6958;0;0;0;0.227008;-0.421757;1.4794;0.0473651;0.110902;0.0243488;0;0;0;0;0;0;-0.227008;0.421757;-1.4794;-0.834473;9.44087;2.8195;
1.557;0;0;-10.6958;0;0;0;3.95918;-2.51849;17.0851;0.624002;1.23698;0.0377388;0;0;0;0;0;0;-3.95918;2.51849;-17.0851;-9.4774;108.938;18.2546;
1.55804;0;0;-10.6958;0;0;0;0;0;0;0;0;0;0;0;0;0;0;0;0;-0;-0;0;0;0;
1.55901;0;0;-10.6958;0;0;0;1.07374;1.45848;5.90392;-0.318427;0.100316;0.0331301;0;0;0;0;0;0;-1.07374;-1.45848;-5.90392;-2.50669;38.0014;-8.93186;
1.56005;0;0;-10.6958;0;0;0;1.54312;-1.18062;6.92438;0.243553;0.501008;0.0312834;0;0;0;0;0;0;-1.54312;1.18062;-6.92438;-3.84781;44.1578;8.38635;
1.56103;0;0;-10.6958;0;0;0;-9.00931;-0.152133;37.8795;-0.0378813;-0.496783;0.0168003;0;0;0;0;0;0;9.00931;0.152133;-37.8795;-19.0447;246.556;-3.56719;
1.562;0;0;-10.6958;0;0;0;0;0;0;0;0;0;0;0;0;0;0;0;0;-0;-0;0;0;0;
1.56304;0;0;-10.6958;0;0;0;0;0;0;0;0;0;0;0;0;0;0;0;0;-0;-0;0;0;0;
1.56401;0;0;-10.6958;0;0;0;0;0;0;0;0;0;0;0;0;0;0;0;0;-0;-0;0;0;0;
1.56505;0;0;-10.6958;0;0;0;1.29554;3.78887;13.4727;-0.422427;0.00196443;-0.0944546;0;0;0;0;0;0;-1.29554;-3.78887;-13.4727;-5.97814;87.062;-23.7747;
1.56602;0;0;-10.6958;0;0;0;1.50504;-11.0841;49.75;1.20744;0.293054;0.17655;0;0;0;0;0;0;-1.50504;11.0841;-49.75;-27.3649;321.534;72.3165;
1.56706;0;0;-10.6958;0;0;0;0;0;0;0;0;0;0;0;0;0;0;0;0;-0;-0;0;0;0;
1.56804;0;0;-10.6958;0;0;0;0;0;0;0;0;0;0;0;0;0;0;0;0;-0;-0;0;0;0;
1.56901;0;0;-10.6958;0;0;0;0;0;0;0;0;0;0;0;0;0;0;0;0;-0;-0;0;0;0;
1.57005;0;0;-10.6958;0;0;0;4.61532;1.7059;18.6913;-0.272904;0.733216;-0.00621431;0;0;0;0;0;0;-4.61532;-1.7059;-18.6913;-8.96409;119.771;-8.71101;
1.57102;0;0;-10.6958;0;0;0;0;0;0;0;0;0;0;0;0;0;0;0;0;-0;-0;0;0;0;
1.57206;0;0;-10.6958;0;0;0;7.93219;-1.35595;31.1276;0.0992444;1.58937;0.0435862;0;0;0;0;0;0;-7.93219;1.35595;-31.1276;-15.9042;199.068;12.7248;
1.57303;0;0;-10.6958;0;0;0;-6.34836;-5.71516;17.7733;0.47478;-0.660844;0.132685;0;0;0;0;0;0;6.34836;5.71516;-17.7733;-9.99617;116.327;33.6598;
1.57401;0;0;-10.6958;0;0;0;0;0;0;0;0;0;0;0;0;0;0;0;0;-0;-0;0;0;0;
1.57505;0;0;-10.6958;0;0;0;0;0;0;0;0;0;0;0;0;0;0;0;0;-0;-0;0;0;0;
1.57602;0;0;-10.6958;0;0;0;0.365725;0.0302108;1.426;0.0599526;0.102089;-0.0175389;0;0;0;0;0;0;-0.365725;-0.0302108;-1.426;-0.774712;9.09005;0.0061108;
1.57706;0;0;-10.6958;0;0;0;0.91363;-1.05533;4.67762;0.158869;0.344247;0.046636;0;0;0;0;0;0;-0.91363;1.05533;-4.67762;-2.61959;29.8371;7.24324;
1.57803;0;0;-10.6958;0;0;0;0;0;0;0;0;0;0;0;0;0;0;0;0;-0;-0;0;0;0;
1.57901;0;0;-10.6958;0;0;0;-6.44713;6.63114;50.5084;-0.726853;0.0160485;-0.131249;0;0;0;0;0;0;6.44713;-6.63114;-50.5084;-24.0304;327.519;-46.0303;
1.58004;0;0;-10.6958;0;0;0;0;0;0;0;0;0;0;0;0;0;0;0;0;-0;-0;0;0;0;
1.58102;0;0;-10.6958;0;0;0;0;0;0;0;0;0;0;0;0;0;0;0;0;-0;-0;0;0;0;
1.58205;0;0;-10.6958;0;0;0;1.56197;-0.636062;6.36137;0.242215;0.457694;-0.0137094;0;0;0;0;0;0;-1.56197;0.636062;-6.36137;-3.5083;40.5555;4.91649;
1.58303;0;0;-10.6958;0;0;0;1.6997;-0.802493;7.024;0.264167;0.50619;-0.00609215;0;0;0;0;0;0;-1.6997;0.802493;-7.024;-3.88054;44.7816;6.05534;
1.584;0;0;-10.6958;0;0;0;-17.2405;-4.87696;68.912;0.568859;-0.944471;0.0277528;0;0;0;0;0;0;17.2405;4.87696;-68.912;-35.7475;448.671;22.8572;
1.58504;0;0;-10.6958;0;0;0;-0.919627;-1.65619;11.8395;0.515757;-0.865451;-0.0810037;0;0;0;0;0;0;0.919627;1.65619;-11.8395;-6.642;77.5825;10.3368;
1.58602;0;0;-10.6958;0;0;0;0.219632;-0.046368;0.865635;-0.0526549;0.0132818;0.0140713;0;0;0;0;0;0;-0.219632;0.046368;-0.865635;-0.387742;5.56694;0.396574;
1.58705;0;0;-10.6958;0;0;0;0;0;0;0;0;0;0;0;0;0;0;0;0;-0;-0;0;0;0;
1.58803;0;0;-10.6958;0;0;0;5.94643;8.1896;32.9133;-1.77382;0.560136;0.1811;0;0;0;0;0;0;-5.94643;-8.1896;-32.9133;-13.9699;211.854;-50.1902;
1.589;0;0;-10.6958;0;0;0;-1.10851;-2.9085;24.6637;-0.242372;-0.313577;0.175667;0;0;0;0;0;0;1.10851;2.9085;-24.6637;-12.4651;160.047;18.0899;
1.59004;0;0;-10.6958;0;0;0;0;0;0;0;0;0;0;0;0;0;0;0;0;-0;-0;0;0;0;
1.59101;0;0;-10.6958;0;0;0;0;0;0;0;0;0;0;0;0;0;0;0;0;-0;-0;0;0;0;
1.59205;0;0;-10.6958;0;0;0;0.670953;3.00975;8.45545;-0.434925;0.16355;-0.0237044;0;0;0;0;0;0;-0.670953;-3.00975;-8.45545;-3.51852;54.4919;-19.1174;
1.59302;0;0;-10.6958;0;0;0;0;0;0;0;0;0;0;0;0;0;0;0;0;-0;-0;0;0;0;
1.59406;0;0;-10.6958;0;0;0;3.71183;2.15227;15.7853;-0.328073;0.559986;-0.00181684;0;0;0;0;0;0;-3.71183;-2.15227;-15.7853;-7.40122;101.227;-12.0591;
1.59503;0;0;-10.6958;0;0;0;2.08978;11.2928;30.9664;-1.58663;0.607381;-0.114425;0;0;0;0;0;0;-2.08978;-11.2928;-30.9664;-12.8649;199.594;-71.9198;
1.59601;0;0;-10.6958;0;0;0;-6.54086;-2.50257;10.9942;0.472056;-0.763115;0.107138;0;0;0;0;0;0;6.54086;2.50257;-10.9942;-6.25791;72.5745;12.7968;
1.59705;0;0;-10.6958;0;0;0;-3.04191;2.41345;35.7222;0.110142;-0.5987;-0.189153;0;0;0;0;0;0;3.04191;-2.41345;-35.7222;-17.8488;232.096;-16.9617;
1.59802;0;0;-10.6958;0;0;0;0.862981;2.9457;9.54328;-0.361842;0.0616148;-0.0526681;0;0;0;0;0;0;-0.862981;-2.9457;-9.54328;-4.14563;61.6149;-18.5772;
1.59906;0;0;-10.6958;0;0;0;0;0;0;0;0;0;0;0;0;0;0;0;0;-0;-0;0;0;0;
1.60003;0;0;-10.6958;0;0;0;0.291964;-0.141519;1.21641;-0.0115609;-0.0362553;-0.000182075;0;0;0;0;0;0;-0.291964;0.141519;-1.21641;-0.614977;7.87939;1.06304;
1.60101;0;0;-10.6958;0;0;0;0;0;0;0;0;0;0;0;0;0;0;0;0;-0;-0;0;0;0;
1.60204;0;0;-10.6958;0;0;0;2.99035;-1.40787;12.5879;-0.350235;-0.0709471;0.0947551;0;0;0;0;0;0;-2.99035;1.40787;-12.5879;-6.12772;81.2378;10.5221;
1.60302;0;0;-10.6958;0;0;0;0;0;0;0;0;0;0;0;0;0;0;0;0;-0;-0;0;0;0;
1.60405;0;0;-10.6958;0;0;0;1.64559;-0.887386;6.91488;0.256873;0.499236;0.00293663;0;0;0;0;0;0;-1.64559;0.887386;-6.91488;-3.82687;44.0877;6.56849;
1.60503;0;0;-10.6958;0;0;0;0.761299;1.05543;4.22724;-0.227739;0.0719986;0.0230383;0;0;0;0;0;0;-0.761299;-1.05543;-4.22724;-1.79395;27.2097;-6.47047;
1.606;0;0;-10.6958;0;0;0;5.54855;9.35571;34.1653;-1.66986;0.679558;0.0842861;0;0;0;0;0;0;-5.54855;-9.35571;-34.1653;-14.5868;219.877;-57.8407;
1.60704;0;0;-10.6958;0;0;0;0;0;0;0;0;0;0;0;0;0;0;0;0;-0;-0;0;0;0;
1.60801;0;0;-10.6958;0;0;0;0;0;0;0;0;0;0;0;0;0;0;0;0;-0;-0;0;0;0;
1.60905;0;0;-10.6958;0;0;0;0.802335;-0.453124;3.5925;0.207531;-0.152992;-0.0521964;0;0;0;0;0;0;-0.802335;0.453124;-3.5925;-2.06146;23.3226;3.38864;
1.61002;0;0;-10.6958;0;0;0;1.3086;-1.30795;6.34688;0.219618;0.464833;0.0505108;0;0;0;0;0;0;-1.3086;1.30795;-6.34688;-3.54601;40.48;9.07314;
1.61106;0;0;-10.6958;0;0;0;0;0;0;0;0;0;0;0;0;0;0;0;0;-0;-0;0;0;0;
1.61204;0;0;-10.6958;0;0;0;0;0;0;0;0;0;0;0;0;0;0;0;0;-0;-0;0;0;0;
1.61301;0;0;-10.6958;0;0;0;0;0;0;0;0;0;0;0;0;0;0;0;0;-0;-0;0;0;0;
1.61405;0;0;-10.6958;0;0;0;2.59662;-1.09855;10.6113;0.657473;-0.645974;-0.227762;0;0;0;0;0;0;-2.59662;1.09855;-10.6113;-6.10936;69.0599;8.64456;
1.61502;0;0;-10.6958;0;0;0;0;0;0;0;0;0;0;0;0;0;0;0;0;-0;-0;0;0;0;
1.61606;0;0;-10.6958;0;0;0;-1.61516;-0.880626;3.22416;0.13739;-0.225951;0.00711102;0;0;0;0;0;0;1.61516;0.880626;-3.22416;-1.84892;21.2549;4.8792;
1.61703;0;0;-10.6958;0;0;0;0;0;0;0;0;0;0;0;0;0;0;0;0;-0;-0;0;0;0;
1.61801;0;0;-10.6958;0;0;0;0;0;0;0;0;0;0;0;0;0;0;0;0;-0;-0;0;0;0;
1.61905;0;0;-10.6958;0;0;0;3.53447;-0.899946;14.0555;-0.205533;0.306211;0.0898982;0;0;0;0;0;0;-3.53447;0.899946;-14.0555;-6.96007;90.3039;7.51361;
1.62002;0;0;-10.6958;0;0;0;0.491801;-0.188205;1.99281;0.0762384;0.143299;-0.00528123;0;0;0;0;0;0;-0.491801;0.188205;-1.99281;-1.09829;12.7045;1.47088;
1.62106;0;0;-10.6958;0;0;0;2.48389;-2.70227;13.3005;0.495439;0.0524332;0.0264242;0;0;0;0;0;0;-2.48389;2.70227;-13.3005;-7.46233;85.7774;18.7127;
1.62203;0;0;-10.6958;0;0;0;2.6599;-1.35423;11.0983;0.437967;0.668841;-0.0186583;0;0;0;0;0;0;-2.6599;1.35423;-11.0983;-6.16075;70.891;10.122;
1.62301;0;0;-10.6958;0;0;0;0;0;0;0;0;0;0;0;0;0;0;0;0;-0;-0;0;0;0;
1.62404;0;0;-10.6958;0;0;0;0.498074;-1.34986;4.46854;0.230422;-0.0980642;-0.0405152;0;0;0;0;0;0;-0.498074;1.34986;-4.46854;-2.61553;28.9679;9.02739;
1.62502;0;0;-10.6958;0;0;0;0;0;0;0;0;0;0;0;0;0;0;0;0;-0;-0;0;0;0;
1.62605;0;0;-10.6958;0;0;0;-3.36632;3.7367;44.9404;-0.983435;-0.480905;0.0115682;0;0;0;0;0;0;3.36632;-3.7367;-44.9404;-21.2623;291.67;-25.8897;
1.62703;0;0;-10.6958;0;0;0;-8.33223;-3.97544;27.1192;0.466739;-0.527718;0.041168;0;0;0;0;0;0;8.33223;3.97544;-27.1192;-14.5176;176.879;21.4933;
1.628;0;0;-10.6958;0;0;0;0;0;0;0;0;0;0;0;0;0;0;0;0;-0;-0;0;0;0;
1.62904;0;0;-10.6958;0;0;0;1.09526;-0.629648;4.64613;0.171499;0.335778;0.00507662;0;0;0;0;0;0;-1.09526;0.629648;-4.64613;-2.57355;29.6233;4.62126;
1.63002;0;0;-10.6958;0;0;0;-22.3143;9.38031;75.1775;-0.764259;-1.27611;-0.265627;0;0;0;0;0;0;22.3143;-9.38031;-75.1775;-36.1342;490.062;-71.6751;
1.63105;0;0;-10.6958;0;0;0;0;0;0;0;0;0;0;0;0;0;0;0;0;-0;-0;0;0;0;
1.63203;0;0;-10.6958;0;0;0;2.57241;-1.67606;11.1506;0.406195;0.807693;0.0276976;0;0;0;0;0;0;-2.57241;1.67606;-11.1506;-6.18764;71.0988;12.1145;
1.633;0;0;-10.6958;0;0;0;-11.3025;-2.70921;41.3971;0.389855;-1.24678;-0.0153649;0;0;0;0;0;0;11.3025;2.70921;-41.3971;-21.5004;270.301;11.8598;
1.63404;0;0;-10.6958;0;0;0;-3.40458;-2.10303;6.54311;0.276566;-0.457645;-0.00318704;0;0;0;0;0;0;3.40458;2.10303;-6.54311;-3.78171;43.1465;11.9;
1.63501;0;0;-10.6958;0;0;0;-6.21097;-3.85009;14.2328;0.606757;-1.00401;-0.00681296;0;0;0;0;0;0;6.21097;3.85009;-14.2328;-8.15837;93.7417;21.7978;
1.63605;0;0;-10.6958;0;0;0;0;0;0;0;0;0;0;0;0;0;0;0;0;-0;-0;0;0;0;
1.63703;0;0;-10.6958;0;0;0;0;0;0;0;0;0;0;0;0;0;0;0;0;-0;-0;0;0;0;
1.638;0;0;-10.6958;0;0;0;1.42904;-0.293457;5.62846;0.223123;0.403425;-0.0356163;0;0;0;0;0;0;-1.42904;0.293457;-5.62846;-3.08584;35.8797;2.65418;
1.63904;0;0;-10.6958;0;0;0;0.904787;-0.11451;3.53721;0.221595;-0.215711;-0.0636652;0;0;0;0;0;0;-0.904787;0.11451;-3.53721;-2.01364;23.0171;1.26021;
1.64001;0;0;-10.6958;0;0;0;0;0;0;0;0;0;0;0;0;0;0;0;0;-0;-0;0;0;0;
1.64105;0;0;-10.6958;0;0;0;0;0;0;0;0;0;0;0;0;0;0;0;0;-0;-0;0;0;0;
1.64202;0;0;-10.6958;0;0;0;4.19693;-2.96719;43.3455;-0.401077;-0.166051;0.116305;0;0;0;0;0;0;-4.19693;2.96719;-43.3455;-21.7162;280.272;21.1996;
1.64306;0;0;-10.6958;0;0;0;0;0;0;0;0;0;0;0;0;0;0;0;0;-0;-0;0;0;0;
1.64403;0;0;-10.6958;0;0;0;0;0;0;0;0;0;0;0;0;0;0;0;0;-0;-0;0;0;0;
1.64501;0;0;-10.6958;0;0;0;1.01717;3.24755;10.9204;-0.414075;0.0683389;-0.0628684;0;0;0;0;0;0;-1.01717;-3.24755;-10.9204;-4.75626;70.5051;-20.4429;
1.64605;0;0;-10.6958;0;0;0;-11.6564;9.89096;69.264;-0.876525;-0.7663;-0.28865;0;0;0;0;0;0;11.6564;-9.89096;-69.264;-32.9939;450.208;-69.5921;
1.64702;0;0;-10.6958;0;0;0;-2.68099;-3.45239;8.02376;0.471849;-0.443628;-0.033221;0;0;0;0;0;0;2.68099;3.45239;-8.02376;-4.85804;52.6422;21.0272;
1.64806;0;0;-10.6958;0;0;0;0;0;0;0;0;0;0;0;0;0;0;0;0;-0;-0;0;0;0;
1.64903;0;0;-10.6958;0;0;0;0;0;0;0;0;0;0;0;0;0;0;0;0;-0;-0;0;0;0;
1.65001;0;0;-10.6958;0;0;0;0;0;0;0;0;0;0;0;0;0;0;0;0;-0;-0;0;0;0;
1.65105;0;0;-10.6958;0;0;0;0;0;0;0;0;0;0;0;0;0;0;0;0;-0;-0;0;0;0;
1.65202;0;0;-10.6958;0;0;0;2.25155;-0.866215;9.1272;0.349036;0.656365;-0.0238101;0;0;0;0;0;0;-2.25155;0.866215;-9.1272;-5.03052;58.1874;6.76322;
1.65306;0;0;-10.6958;0;0;0;4.28879;3.59884;27.0222;-0.374148;-0.248405;-0.0811722;0;0;0;0;0;0;-4.28879;-3.59884;-27.0222;-12.866;174.702;-21.0513;
1.65403;0;0;-10.6958;0;0;0;-5.49561;2.06005;63.9001;-0.0664807;-0.241988;-0.128244;0;0;0;0;0;0;5.49561;-2.06005;-63.9001;-31.8917;414.35;-15.9705;
1.65501;0;0;-10.6958;0;0;0;0;0;0;0;0;0;0;0;0;0;0;0;0;-0;-0;0;0;0;
1.65604;0;0;-10.6958;0;0;0;5.20194;4.52136;24.1422;-1.33519;0.391595;0.214357;0;0;0;0;0;0;-5.20194;-4.52136;-24.1422;-10.3625;155.331;-26.8576;
1.65702;0;0;-10.6958;0;0;0;2.0037;-0.906117;8.24187;0.311124;0.593661;-0.0103705;0;0;0;0;0;0;-2.0037;0.906117;-8.24187;-4.55098;52.5453;6.88327;
1.65806;0;0;-10.6958;0;0;0;0;0;0;0;0;0;0;0;0;0;0;0;0;-0;-0;0;0;0;
1.65903;0;0;-10.6958;0;0;0;-5.91195;-4.27667;12.1668;0.719088;-0.626081;0.128915;0;0;0;0;0;0;5.91195;4.27667;-12.1668;-7.27366;79.9628;24.5733;
1.66001;0;0;-10.6958;0;0;0;1.55408;-0.917257;6.62015;0.243702;0.478657;0.00911163;0;0;0;0;0;0;-1.55408;0.917257;-6.62015;-3.66835;42.2099;6.70955;
1.66104;0;0;-10.6958;0;0;0;0.224948;0.146759;0.975319;-0.0547636;0.0154814;0.0103012;0;0;0;0;0;0;-0.224948;-0.146759;-0.975319;-0.421421;6.27405;-0.846876;
1.66202;0;0;-10.6958;0;0;0;0;0;0;0;0;0;0;0;0;0;0;0;0;-0;-0;0;0;0;
1.66305;0;0;-10.6958;0;0;0;0;0;0;0;0;0;0;0;0;0;0;0;0;-0;-0;0;0;0;
1.66403;0;0;-10.6958;0;0;0;6.12411;-0.982781;24.0983;0.145604;-0.627324;-0.0402352;0;0;0;0;0;0;-6.12411;0.982781;-24.0983;-12.3748;155.973;9.48338;
1.665;0;0;-10.6958;0;0;0;1.1573;10.0795;26.4901;-1.34767;0.534035;-0.144324;0;0;0;0;0;0;-1.1573;-10.0795;-26.4901;-10.9728;170.791;-64.5067;
1.66604;0;0;-10.6958;0;0;0;0;0;0;0;0;0;0;0;0;0;0;0;0;-0;-0;0;0;0;
1.66702;0;0;-10.6958;0;0;0;0;0;0;0;0;0;0;0;0;0;0;0;0;-0;-0;0;0;0;
1.66805;0;0;-10.6958;0;0;0;0.278709;-0.105113;1.12809;0.0432032;0.0811114;-0.00311609;0;0;0;0;0;0;-0.278709;0.105113;-1.12809;-0.621625;7.19175;0.823689;
1.66903;0;0;-10.6958;0;0;0;0;0;0;0;0;0;0;0;0;0;0;0;0;-0;-0;0;0;0;
1.67;0;0;-10.6958;0;0;0;0.168777;0.46902;1.44645;-0.0754533;0.0267372;0.000134484;0;0;0;0;0;0;-0.168777;-0.46902;-1.44645;-0.60547;9.31756;-2.95062;
1.67104;0;0;-10.6958;0;0;0;0;0;0;0;0;0;0;0;0;0;0;0;0;-0;-0;0;0;0;
1.67201;0;0;-10.6958;0;0;0;0.831039;0.877796;4.11048;-0.224856;0.0679239;0.0309551;0;0;0;0;0;0;-0.831039;-0.877796;-4.11048;-1.75594;26.451;-5.29363;
1.67305;0;0;-10.6958;0;0;0;-9.17146;8.02388;55.0891;-0.878721;-0.12823;-0.156365;0;0;0;0;0;0;9.17146;-8.02388;-55.0891;-26.0444;357.581;-56.3899;
1.67403;0;0;-10.6958;0;0;0;0;0;0;0;0;0;0;0;0;0;0;0;0;-0;-0;0;0;0;
1.675;0;0;-10.6958;0;0;0;-22.6699;-11.4716;145.138;0.992818;-0.897756;0.220433;0;0;0;0;0;0;22.6699;11.4716;-145.138;-75.2051;942.497;62.6108;
1.67604;0;0;-10.6958;0;0;0;5.12027;4.93075;24.5253;-1.34862;0.401553;0.200828;0;0;0;0;0;0;-5.12027;-4.93075;-24.5253;-10.5007;157.808;-29.5347;
1.67701;0;0;-10.6958;0;0;0;0;0;0;0;0;0;0;0;0;0;0;0;0;-0;-0;0;0;0;
1.67805;0;0;-10.6958;0;0;0;0.691742;2.72052;7.80226;-0.402631;0.149238;-0.0163397;0;0;0;0;0;0;-0.691742;-2.72052;-7.80226;-3.25115;50.2765;-17.2423;
1.67902;0;0;-10.6958;0;0;0;0;0;0;0;0;0;0;0;0;0;0;0;0;-0;-0;0;0;0;
1.68;0;0;-10.6958;0;0;0;0.134041;-0.138818;0.658269;-0.0424162;0.0108563;0.0109265;0;0;0;0;0;0;-0.134041;0.138818;-0.658269;-0.3029;4.2359;0.954961;
1.68104;0;0;-10.6958;0;0;0;0;0;0;0;0;0;0;0;0;0;0;0;0;-0;-0;0;0;0;
1.68201;0;0;-10.6958;0;0;0;-2.64109;-6.39809;18.6323;0.972918;-0.450613;0.0473948;0;0;0;0;0;0;2.64109;6.39809;-18.6323;-10.9954;121.302;40.0308;
1.68305;0;0;-10.6958;0;0;0;0;0;0;0;0;0;0;0;0;0;0;0;0;-0;-0;0;0;0;
1.68402;0;0;-10.6958;0;0;0;3.0442;-3.00438;14.7011;0.509503;1.07625;0.114444;0;0;0;0;0;0;-3.0442;3.00438;-14.7011;-8.21179;93.7612;20.8619;
1.68506;0;0;-10.6958;0;0;0;2.37707;7.50437;22.4563;-1.16631;0.420701;-0.0171311;0;0;0;0;0;0;-2.37707;-7.50437;-22.4563;-9.38268;144.674;-47.3537;
1.68604;0;0;-10.6958;0;0;0;3.20011;12.4354;35.737;-1.84477;0.682828;-0.0724115;0;0;0;0;0;0;-3.20011;-12.4354;-35.737;-14.8934;230.281;-78.7971;
1.68701;0;0;-10.6958;0;0;0;0.120993;0.0238443;0.476098;-0.0278288;0.00730007;0.00670665;0;0;0;0;0;0;-0.120993;-0.0238443;-0.476098;-0.209427;3.06178;-0.10012;
1.68805;0;0;-10.6958;0;0;0;0;0;0;0;0;0;0;0;0;0;0;0;0;-0;-0;0;0;0;
1.68902;0;0;-10.6958;0;0;0;0;0;0;0;0;0;0;0;0;0;0;0;0;-0;-0;0;0;0;
1.69006;0;0;-10.6958;0;0;0;0;0;0;0;0;0;0;0;0;0;0;0;0;-0;-0;0;0;0;
1.69103;0;0;-10.6958;0;0;0;-4.95691;-11.0737;30.2002;1.60517;-0.879411;0.0138017;0;0;0;0;0;0;4.95691;11.0737;-30.2002;-17.921;196.83;69.1587;
1.69201;0;0;-10.6958;0;0;0;0;0;0;0;0;0;0;0;0;0;0;0;0;-0;-0;0;0;0;
1.69305;0;0;-10.6958;0;0;0;0;0;0;0;0;0;0;0;0;0;0;0;0;-0;-0;0;0;0;
1.69402;0;0;-10.6958;0;0;0;0;0;0;0;0;0;0;0;0;0;0;0;0;-0;-0;0;0;0;
1.69506;0;0;-10.6958;0;0;0;0;0;0;0;0;0;0;0;0;0;0;0;0;-0;-0;0;0;0;
1.69603;0;0;-10.6958;0;0;0;1.51527;-0.119832;5.9072;0.240324;0.4229;-0.0530671;0;0;0;0;0;0;-1.51527;0.119832;-5.9072;-3.22589;37.6554;1.59135;
1.69701;0;0;-10.6958;0;0;0;0.404516;-0.23991;1.74861;0.0745921;0.067116;-0.00268959;0;0;0;0;0;0;-0.404516;0.23991;-1.74861;-0.978925;11.209;1.75898;
1.69804;0;0;-10.6958;0;0;0;-2.88701;1.15332;11.5054;-0.125926;-0.202663;-0.0195463;0;0;0;0;0;0;2.88701;-1.15332;-11.5054;-5.54957;74.9549;-8.89786;
1.69902;0;0;-10.6958;0;0;0;2.3951;-1.29413;10.1506;0.420522;0.479041;-0.0163772;0;0;0;0;0;0;-2.3951;1.29413;-10.1506;-5.66019;64.9733;9.59743;
1.70006;0;0;-10.6958;0;0;0;1.69227;-0.530132;6.76922;0.421073;-0.412424;-0.137565;0;0;0;0;0;0;-1.69227;0.530132;-6.76922;-3.88183;44.0518;4.42036;
1.70103;0;0;-10.6958;0;0;0;0.784704;-1.30093;4.92196;-0.14324;0.193108;0.0958065;0;0;0;0;0;0;-0.784704;1.30093;-4.92196;-2.46519;31.5823;8.71864;
1.70201;0;0;-10.6958;0;0;0;-6.54262;-4.62557;13.3194;0.793941;-0.716209;0.141266;0;0;0;0;0;0;6.54262;4.62557;-13.3194;-7.96381;87.5758;26.5015;
1.70304;0;0;-10.6958;0;0;0;2.38805;-1.39151;10.1517;0.374195;0.733845;0.0125651;0;0;0;0;0;0;-2.38805;1.39151;-10.1517;-5.62426;64.7268;10.1952;
1.70402;0;0;-10.6958;0;0;0;1.35363;-5.82056;17.8537;0.754625;0.33882;0.146193;0;0;0;0;0;0;-1.35363;5.82056;-17.8537;-10.3271;115.072;38.2051;
1.70505;0;0;-10.6958;0;0;0;-2.52711;-3.36376;10.9131;0.468572;-0.499526;0.0203994;0;0;0;0;0;0;2.52711;3.36376;-10.9131;-6.30028;71.3822;20.4773;
1.70603;0;0;-10.6958;0;0;0;0;0;0;0;0;0;0;0;0;0;0;0;0;-0;-0;0;0;0;
1.707;0;0;-10.6958;0;0;0;-8.54793;-4.54513;15.5806;0.661879;-1.08659;0.0461468;0;0;0;0;0;0;8.54793;4.54513;-15.5806;-8.96187;102.782;25.0666;
1.70804;0;0;-10.6958;0;0;0;0;0;0;0;0;0;0;0;0;0;0;0;0;-0;-0;0;0;0;
1.70902;0;0;-10.6958;0;0;0;0.582096;1.91881;5.68907;-0.295069;0.107037;-0.00591049;0;0;0;0;0;0;-0.582096;-1.91881;-5.68907;-2.37565;36.6534;-12.1194;
1.71005;0;0;-10.6958;0;0;0;-0.27957;-3.84089;29.4553;0.145897;0.0153454;0.168046;0;0;0;0;0;0;0.27957;3.84089;-29.4553;-15.3592;190.644;24.549;
1.71103;0;0;-10.6958;0;0;0;0;0;0;0;0;0;0;0;0;0;0;0;0;-0;-0;0;0;0;
1.712;0;0;-10.6958;0;0;0;-3.55717;-2.72494;8.4216;0.341837;-0.351443;0.0494119;0;0;0;0;0;0;3.55717;2.72494;-8.4216;-4.85512;55.2128;15.7955;
1.71304;0;0;-10.6958;0;0;0;2.22209;4.57165;16.6659;-0.585128;0.113686;-0.0488725;0;0;0;0;0;0;-2.22209;-4.57165;-16.6659;-7.34419;107.522;-28.4198;
1.71402;0;0;-10.6958;0;0;0;0;0;0;0;0;0;0;0;0;0;0;0;0;-0;-0;0;0;0;
1.71505;0;0;-10.6958;0;0;0;3.52582;11.5162;34.3136;-1.4972;0.801942;-0.123255;0;0;0;0;0;0;-3.52582;-11.5162;-34.3136;-14.6169;220.916;-72.6331;
1.71603;0;0;-10.6958;0;0;0;1.12151;7.4514;20.5097;-0.976948;0.343768;-0.112941;0;0;0;0;0;0;-1.12151;-7.4514;-20.5097;-8.59758;132.28;-47.547;
1.717;0;0;-10.6958;0;0;0;0;0;0;0;0;0;0;0;0;0;0;0;0;-0;-0;0;0;0;
1.71804;0;0;-10.6958;0;0;0;0;0;0;0;0;0;0;0;0;0;0;0;0;-0;-0;0;0;0;
1.71901;0;0;-10.6958;0;0;0;6.64797;-6.54215;33.3007;0.887335;0.520528;0.109727;0;0;0;0;0;0;-6.64797;6.54215;-33.3007;-18.308;214.328;45.5766;
1.72005;0;0;-10.6958;0;0;0;1.31876;-0.481177;5.32492;0.233853;-0.40159;-0.0942044;0;0;0;0;0;0;-1.31876;0.481177;-5.32492;-2.96267;34.7312;3.87215;
1.72103;0;0;-10.6958;0;0;0;0;0;0;0;0;0;0;0;0;0;0;0;0;-0;-0;0;0;0;
1.722;0;0;-10.6958;0;0;0;5.86916;-8.05752;33.0537;1.28153;1.48482;0.235432;0;0;0;0;0;0;-5.86916;8.05752;-33.0537;-18.7303;211.844;54.8662;
1.72304;0;0;-10.6958;0;0;0;1.06353;11.3664;49.8372;-0.617101;-0.830363;-0.468564;0;0;0;0;0;0;-1.06353;-11.3664;-49.8372;-23.3262;323.263;-72.5581;
1.72401;0;0;-10.6958;0;0;0;0;0;0;0;0;0;0;0;0;0;0;0;0;-0;-0;0;0;0;
1.72505;0;0;-10.6958;0;0;0;2.0675;-0.272882;8.09973;-0.245575;0.260722;0.0762574;0;0;0;0;0;0;-2.0675;0.272882;-8.09973;-3.85905;51.9517;2.73052;
1.72602;0;0;-10.6958;0;0;0;0;0;0;0;0;0;0;0;0;0;0;0;0;-0;-0;0;0;0;
1.72706;0;0;-10.6958;0;0;0;4.89811;-1.27625;66.1186;-0.384738;-0.145795;0.0851611;0;0;0;0;0;0;-4.89811;1.27625;-66.1186;-33.0259;427.564;10.6401;
1.72804;0;0;-10.6958;0;0;0;0;0;0;0;0;0;0;0;0;0;0;0;0;-0;-0;0;0;0;
1.72901;0;0;-10.6958;0;0;0;-4.8667;6.16289;51.9793;-0.570912;-0.143693;-0.1602;0;0;0;0;0;0;4.8667;-6.16289;-51.9793;-24.9741;337.037;-42.175;
1.73005;0;0;-10.6958;0;0;0;1.72489;-2.89599;11.5848;0.559263;-0.0538269;-0.024932;0;0;0;0;0;0;-1.72489;2.89599;-11.5848;-6.68203;74.8557;19.6356;
1.73102;0;0;-10.6958;0;0;0;1.05391;1.18206;5.3329;-0.290736;0.0886828;0.0377994;0;0;0;0;0;0;-1.05391;-1.18206;-5.3329;-2.2748;34.3192;-7.15744;
1.73206;0;0;-10.6958;0;0;0;1.55107;-0.545889;6.34443;0.184044;-0.274272;-0.0612607;0;0;0;0;0;0;-1.55107;0.545889;-6.34443;-3.43256;41.1786;4.37495;
1.73303;0;0;-10.6958;0;0;0;0.676316;-0.65768;3.24993;-0.208777;0.0532618;0.0542254;0;0;0;0;0;0;-0.676316;0.65768;-3.24993;-1.4933;20.9118;4.54263;
1.73401;0;0;-10.6958;0;0;0;-0.00022802;5.50133;23.8257;-0.540412;-0.077658;-0.136484;0;0;0;0;0;0;0.00022802;-5.50133;-23.8257;-10.8995;154.275;-35.4675;
1.73505;0;0;-10.6958;0;0;0;0;0;0;0;0;0;0;0;0;0;0;0;0;-0;-0;0;0;0;
1.73602;0;0;-10.6958;0;0;0;0;0;0;0;0;0;0;0;0;0;0;0;0;-0;-0;0;0;0;
1.73706;0;0;-10.6958;0;0;0;0.635778;-2.16441;6.9502;0.320154;0.0166665;0.0104467;0;0;0;0;0;0;-0.635778;2.16441;-6.9502;-4.0364;44.9002;14.3174;
1.73803;0;0;-10.6958;0;0;0;0;0;0;0;0;0;0;0;0;0;0;0;0;-0;-0;0;0;0;
1.73901;0;0;-10.6958;0;0;0;-10.7888;3.32723;58.0817;-0.364738;-0.212939;-0.0625502;0;0;0;0;0;0;10.7888;-3.32723;-58.0817;-28.5373;377.195;-26.9016;
1.74004;0;0;-10.6958;0;0;0;0;0;0;0;0;0;0;0;0;0;0;0;0;-0;-0;0;0;0;
1.74102;0;0;-10.6958;0;0;0;0;0;0;0;0;0;0;0;0;0;0;0;0;-0;-0;0;0;0;
1.74206;0;0;-10.6958;0;0;0;1.4256;-1.4473;6.95183;0.240063;0.509392;0.056821;0;0;0;0;0;0;-1.4256;1.4473;-6.95183;-3.885;44.3385;10.0275;
1.74303;0;0;-10.6958;0;0;0;0.712637;-0.161405;2.81402;0.124244;-0.212338;-0.0436435;0;0;0;0;0;0;-0.712637;0.161405;-2.81402;-1.55698;18.3526;1.44696;
1.74401;0;0;-10.6958;0;0;0;-7.29857;-6.06971;16.1509;0.958275;-0.874605;0.104355;0;0;0;0;0;0;7.29857;6.06971;-16.1509;-9.69873;106.135;35.5041;
1.74504;0;0;-10.6958;0;0;0;0.313948;0.133581;1.28365;-0.0734423;0.0199634;0.0158847;0;0;0;0;0;0;-0.313948;-0.133581;-1.28365;-0.559275;8.25605;-0.72237;
1.74602;0;0;-10.6958;0;0;0;1.59454;-0.731363;6.56861;0.4065;-0.399746;-0.143187;0;0;0;0;0;0;-1.59454;0.731363;-6.56861;-3.78652;42.7505;5.67912;
1.74705;0;0;-10.6958;0;0;0;0;0;0;0;0;0;0;0;0;0;0;0;0;-0;-0;0;0;0;
1.74803;0;0;-10.6958;0;0;0;4.02411;0.403598;15.7097;0.0267477;0.770612;-0.029869;0;0;0;0;0;0;-4.02411;-0.403598;-15.7097;-7.89401;100.496;-0.556531;
1.749;0;0;-10.6958;0;0;0;1.38622;-0.371747;5.50531;0.215461;0.394979;-0.0275813;0;0;0;0;0;0;-1.38622;0.371747;-5.50531;-3.02407;35.0952;3.13126;
1.75004;0;0;-10.6958;0;0;0;0;0;0;0;0;0;0;0;0;0;0;0;0;-0;-0;0;0;0;
1.75102;0;0;-10.6958;0;0;0;3.29985;5.41779;20.0109;-1.06842;0.347787;0.0820242;0;0;0;0;0;0;-3.29985;-5.41779;-20.0109;-8.4596;128.828;-33.4841;
1.75205;0;0;-10.6958;0;0;0;0;0;0;0;0;0;0;0;0;0;0;0;0;-0;-0;0;0;0;
1.75303;0;0;-10.6958;0;0;0;0;0;0;0;0;0;0;0;0;0;0;0;0;-0;-0;0;0;0;
1.754;0;0;-10.6958;0;0;0;0;0;0;0;0;0;0;0;0;0;0;0;0;-0;-0;0;0;0;
1.75504;0;0;-10.6958;0;0;0;2.06805;-0.188731;8.06866;-0.0963848;0.340562;0.0309964;0;0;0;0;0;0;-2.06805;0.188731;-8.06866;-3.98414;51.6707;2.23144;
1.75601;0;0;-10.6958;0;0;0;0.369886;0.467261;1.96708;-0.106523;0.0331427;0.0121577;0;0;0;0;0;0;-0.369886;-0.467261;-1.96708;-0.83665;12.6603;-2.85001;
1.75705;0;0;-10.6958;0;0;0;0;0;0;0;0;0;0;0;0;0;0;0;0;-0;-0;0;0;0;
1.75803;0;0;-10.6958;0;0;0;2.85999;2.99647;15.1816;-0.522153;-0.0156086;0.0113842;0;0;0;0;0;0;-2.85999;-2.99647;-15.1816;-6.81847;97.9813;-17.9645;
1.759;0;0;-10.6958;0;0;0;1.25363;-0.395289;5.01638;0.312019;-0.305621;-0.102059;0;0;0;0;0;0;-1.25363;0.395289;-5.01638;-2.87689;32.6448;3.29136;
1.76004;0;0;-10.6958;0;0;0;1.85562;1.37154;8.25888;-0.460781;0.132205;0.081574;0;0;0;0;0;0;-1.85562;-1.37154;-8.25888;-3.55856;53.1314;-8.0239;
1.76101;0;0;-10.6958;0;0;0;-5.9252;-3.94315;12.6725;0.536591;-0.891102;-0.0263829;0;0;0;0;0;0;5.9252;3.94315;-12.6725;-7.31219;83.5016;22.5633;
1.76205;0;0;-10.6958;0;0;0;0.561333;1.89507;7.58848;-0.393631;0.156076;-0.0115033;0;0;0;0;0;0;-0.561333;-1.89507;-7.58848;-3.2356;48.899;-11.9706;
1.76303;0;0;-10.6958;0;0;0;0;0;0;0;0;0;0;0;0;0;0;0;0;-0;-0;0;0;0;
1.764;0;0;-10.6958;0;0;0;2.99226;-2.93671;14.5139;0.552933;0.794002;0.0692573;0;0;0;0;0;0;-2.99226;2.93671;-14.5139;-8.15425;92.8372;20.4429;
1.76504;0;0;-10.6958;0;0;0;0;0;0;0;0;0;0;0;0;0;0;0;0;-0;-0;0;0;0;
1.76601;0;0;-10.6958;0;0;0;1.96126;-0.556099;7.80728;-0.478069;0.120231;0.128659;0;0;0;0;0;0;-1.96126;0.556099;-7.80728;-3.50784;50.2101;4.45758;
1.76705;0;0;-10.6958;0;0;0;0;0;0;0;0;0;0;0;0;0;0;0;0;-0;-0;0;0;0;
1.76802;0;0;-10.6958;0;0;0;0;0;0;0;0;0;0;0;0;0;0;0;0;-0;-0;0;0;0;
1.76906;0;0;-10.6958;0;0;0;1.96687;11.1541;32.1122;-1.28237;0.40018;-0.211557;0;0;0;0;0;0;-1.96687;-11.1541;-32.1122;-13.7602;207.228;-70.9864;
1.77004;0;0;-10.6958;0;0;0;10.6043;-3.22694;42.4841;0.437622;0.999613;0.0245567;0;0;0;0;0;0;-10.6043;3.22694;-42.4841;-22.1476;272.885;26.1976;
1.77101;0;0;-10.6958;0;0;0;0;0;0;0;0;0;0;0;0;0;0;0;0;-0;-0;0;0;0;
1.77205;0;0;-10.6958;0;0;0;5.91786;6.46524;31.1128;-0.775584;0.60855;-0.0898983;0;0;0;0;0;0;-5.91786;-6.46524;-31.1128;-14.2355;200.154;-38.7733;
1.77302;0;0;-10.6958;0;0;0;1.70989;6.13269;52.709;-0.512309;0.232974;-0.214353;0;0;0;0;0;0;-1.70989;-6.13269;-52.709;-25.4032;340.72;-38.6148;
1.77406;0;0;-10.6958;0;0;0;0.728992;-0.930918;6.07713;0.245278;-0.271166;-0.0524963;0;0;0;0;0;0;-0.728992;0.930918;-6.07713;-3.39798;39.5281;6.44422;
1.77503;0;0;-10.6958;0;0;0;-13.7978;-1.55532;44.732;0.16877;-0.604836;0.0387091;0;0;0;0;0;0;13.7978;1.55532;-44.732;-22.8421;291.492;3.08162;
1.77601;0;0;-10.6958;0;0;0;0;0;0;0;0;0;0;0;0;0;0;0;0;-0;-0;0;0;0;
1.77705;0;0;-10.6958;0;0;0;6.23233;2.94874;49.7482;-0.276507;-0.000104265;-0.324554;0;0;0;0;0;0;-6.23233;-2.94874;-49.7482;-24.4689;321.337;-15.6221;
1.77802;0;0;-10.6958;0;0;0;0;0;0;0;0;0;0;0;0;0;0;0;0;-0;-0;0;0;0;
1.77906;0;0;-10.6958;0;0;0;0;0;0;0;0;0;0;0;0;0;0;0;0;-0;-0;0;0;0;
1.78003;0;0;-10.6958;0;0;0;-3.69396;-10.5558;26.5556;1.32522;-0.432135;0.0670963;0;0;0;0;0;0;3.69396;10.5558;-26.5556;-15.7543;172.668;66.389;
1.78101;0;0;-10.6958;0;0;0;0.82565;-0.456561;3.48194;0.129021;0.251487;0.0023817;0;0;0;0;0;0;-0.82565;0.456561;-3.48194;-1.92766;22.2001;3.36803;
1.78205;0;0;-10.6958;0;0;0;-0.924834;-11.1088;29.6278;1.40585;-0.162057;0.0589043;0;0;0;0;0;0;0.924834;11.1088;-29.6278;-17.4371;192.002;71.3704;
1.78302;0;0;-10.6958;0;0;0;0;0;0;0;0;0;0;0;0;0;0;0;0;-0;-0;0;0;0;
1.78406;0;0;-10.6958;0;0;0;0;0;0;0;0;0;0;0;0;0;0;0;0;-0;-0;0;0;0;
1.78503;0;0;-10.6958;0;0;0;-17.2392;4.14474;60.6144;-0.567743;-1.17149;-0.0318478;0;0;0;0;0;0;17.2392;-4.14474;-60.6144;-29.5271;395.193;-35.4701;
1.78601;0;0;-10.6958;0;0;0;0;0;0;0;0;0;0;0;0;0;0;0;0;-0;-0;0;0;0;
1.78704;0;0;-10.6958;0;0;0;1.78544;-2.22047;9.59503;0.402368;0.292299;0.0239889;0;0;0;0;0;0;-1.78544;2.22047;-9.59503;-5.4556;61.6257;15.2453;
1.78802;0;0;-10.6958;0;0;0;3.82357;6.80697;24.2893;-1.29155;0.426263;0.0838554;0;0;0;0;0;0;-3.82357;-6.80697;-24.2893;-10.2504;156.386;-42.2129;
1.78905;0;0;-10.6958;0;0;0;1.48082;-0.284293;5.82614;-0.0915618;-0.0732322;0.021445;0;0;0;0;0;0;-1.48082;0.284293;-5.82614;-2.86976;37.6302;2.56387;
1.79003;0;0;-10.6958;0;0;0;0;0;0;0;0;0;0;0;0;0;0;0;0;-0;-0;0;0;0;
1.79101;0;0;-10.6958;0;0;0;0.0586677;10.2382;49.9465;-1.22834;0.0604639;-0.110946;0;0;0;0;0;0;-0.0586677;-10.2382;-49.9465;-22.8837;323.18;-66.1197;
1.79204;0;0;-10.6958;0;0;0;0;0;0;0;0;0;0;0;0;0;0;0;0;-0;-0;0;0;0;
1.79302;0;0;-10.6958;0;0;0;0.309513;-1.83298;8.58057;0.522543;-0.505065;-0.126741;0;0;0;0;0;0;-0.309513;1.83298;-8.58057;-5.02614;56.0061;12.1453;
1.79405;0;0;-10.6958;0;0;0;-9.21065;4.84059;75.9946;-0.574515;-0.735885;-0.130996;0;0;0;0;0;0;9.21065;-4.84059;-75.9946;-37.1924;493.488;-35.833;
1.79503;0;0;-10.6958;0;0;0;1.00223;-0.0916479;3.90952;0.245259;-0.238436;-0.0684631;0;0;0;0;0;0;-1.00223;0.0916479;-3.90952;-2.22243;25.4394;1.16609;
1.796;0;0;-10.6958;0;0;0;0;0;0;0;0;0;0;0;0;0;0;0;0;-0;-0;0;0;0;
1.79704;0;0;-10.6958;0;0;0;0;0;0;0;0;0;0;0;0;0;0;0;0;-0;-0;0;0;0;
1.79802;0;0;-10.6958;0;0;0;0;0;0;0;0;0;0;0;0;0;0;0;0;-0;-0;0;0;0;
1.79905;0;0;-10.6958;0;0;0;0;0;0;0;0;0;0;0;0;0;0;0;0;-0;-0;0;0;0;
1.80003;0;0;-10.6958;0;0;0;-13.2981;-18.1311;41.7232;2.18292;-1.07917;0.234982;0;0;0;0;0;0;13.2981;18.1311;-41.7232;-25.009;272.443;110.413;
1.801;0;0;-10.6958;0;0;0;2.21453;11.9892;39.681;-1.29573;0.097363;-0.329584;0;0;0;0;0;0;-2.21453;-11.9892;-39.681;-17.4728;256.489;-76.148;
1.80204;0;0;-10.6958;0;0;0;0;0;0;0;0;0;0;0;0;0;0;0;0;-0;-0;0;0;0;
1.80301;0;0;-10.6958;0;0;0;-1.37124;-2.10029;4.85876;0.285638;-0.271065;-0.0365599;0;0;0;0;0;0;1.37124;2.10029;-4.85876;-2.94266;31.8541;12.9391;
1.80405;0;0;-10.6958;0;0;0;0.481923;-0.00942227;1.87556;0.117995;-0.114398;-0.0308934;0;0;0;0;0;0;-0.481923;0.00942227;-1.87556;-1.06305;12.2043;0.334461;
1.80503;0;0;-10.6958;0;0;0;0;0;0;0;0;0;0;0;0;0;0;0;0;-0;-0;0;0;0;
1.806;0;0;-10.6958;0;0;0;2.44944;5.38901;17.811;-0.74072;0.42959;-0.0304988;0;0;0;0;0;0;-2.44944;-5.38901;-17.811;-7.68288;114.594;-33.6133;
1.80704;0;0;-10.6958;0;0;0;0.450667;1.13899;10.667;-0.126546;-0.0960966;-0.0209534;0;0;0;0;0;0;-0.450667;-1.13899;-10.667;-5.12842;69.0862;-7.12359;
1.80801;0;0;-10.6958;0;0;0;-11.7339;-10.1295;58.2741;1.19715;-0.256088;0.253362;0;0;0;0;0;0;11.7339;10.1295;-58.2741;-31.5497;378.577;59.3964;
1.80905;0;0;-10.6958;0;0;0;0;0;0;0;0;0;0;0;0;0;0;0;0;-0;-0;0;0;0;
1.81002;0;0;-10.6958;0;0;0;0.186533;-0.825559;2.32385;0.0690581;0.179777;0.0583232;0;0;0;0;0;0;-0.186533;0.825559;-2.32385;-1.32186;14.8411;5.37846;
1.81106;0;0;-10.6958;0;0;0;0.432034;-0.000939267;1.68122;0.105842;-0.102544;-0.0272561;0;0;0;0;0;0;-0.432034;0.000939267;-1.68122;-0.95222;10.9397;0.25081;
1.81204;0;0;-10.6958;0;0;0;0;0;0;0;0;0;0;0;0;0;0;0;0;-0;-0;0;0;0;
1.81301;0;0;-10.6958;0;0;0;1.82301;-1.36064;8.13208;0.291694;0.590788;0.0334588;0;0;0;0;0;0;-1.82301;1.36064;-8.13208;-4.52204;51.8554;9.69005;
1.81405;0;0;-10.6958;0;0;0;0.897437;-0.139846;3.51678;0.14083;0.251923;-0.0259202;0;0;0;0;0;0;-0.897437;0.139846;-3.51678;-1.92516;22.4179;1.38273;
1.81502;0;0;-10.6958;0;0;0;0;0;0;0;0;0;0;0;0;0;0;0;0;-0;-0;0;0;0;
1.81606;0;0;-10.6958;0;0;0;2.30022;0.103724;9.84939;0.122906;-0.280461;-0.0850675;0;0;0;0;0;0;-2.30022;-0.103724;-9.84939;-5.07042;63.7928;0.571654;
1.81703;0;0;-10.6958;0;0;0;-15.2349;-1.42445;37.2125;0.177188;-1.21314;0.0458772;0;0;0;0;0;0;15.2349;1.42445;-37.2125;-19.0523;243.579;1.50408;
1.81801;0;0;-10.6958;0;0;0;0.534249;-0.566619;2.64647;0.0908745;0.194198;0.0232334;0;0;0;0;0;0;-0.534249;0.566619;-2.64647;-1.48003;16.8796;3.91276;
1.81905;0;0;-10.6958;0;0;0;0;0;0;0;0;0;0;0;0;0;0;0;0;-0;-0;0;0;0;
1.82002;0;0;-10.6958;0;0;0;3.4955;5.73087;23.3184;-0.828872;0.650206;-0.0502939;0;0;0;0;0;0;-3.4955;-5.73087;-23.3184;-10.3326;149.911;-35.2794;
1.82106;0;0;-10.6958;0;0;0;0;0;0;0;0;0;0;0;0;0;0;0;0;-0;-0;0;0;0;
1.82203;0;0;-10.6958;0;0;0;4.56273;7.03166;26.752;-1.06815;0.662861;0.00656716;0;0;0;0;0;0;-4.56273;-7.03166;-26.752;-11.6909;172.013;-43.2176;
1.82301;0;0;-10.6958;0;0;0;0;0;0;0;0;0;0;0;0;0;0;0;0;-0;-0;0;0;0;
1.82404;0;0;-10.6958;0;0;0;0;0;0;0;0;0;0;0;0;0;0;0;0;-0;-0;0;0;0;
1.82502;0;0;-10.6958;0;0;0;0;0;0;0;0;0;0;0;0;0;0;0;0;-0;-0;0;0;0;
1.82606;0;0;-10.6958;0;0;0;-2.52713;-4.78077;15.6589;0.939739;-0.89186;-0.120631;0;0;0;0;0;0;2.52713;4.78077;-15.6589;-9.30288;102.488;29.7889;
1.82703;0;0;-10.6958;0;0;0;-3.30166;-5.07589;14.1705;0.77625;-0.500363;0.0344546;0;0;0;0;0;0;3.30166;5.07589;-14.1705;-8.41989;92.5418;31.1539;
1.82801;0;0;-10.6958;0;0;0;0;0;0;0;0;0;0;0;0;0;0;0;0;-0;-0;0;0;0;
1.82904;0;0;-10.6958;0;0;0;-9.1675;-8.03293;21.0588;1.19951;-0.924177;0.194467;0;0;0;0;0;0;9.1675;8.03293;-21.0588;-12.608;138.135;47.1787;
1.83002;0;0;-10.6958;0;0;0;0;0;0;0;0;0;0;0;0;0;0;0;0;-0;-0;0;0;0;
1.83105;0;0;-10.6958;0;0;0;0;0;0;0;0;0;0;0;0;0;0;0;0;-0;-0;0;0;0;
1.83203;0;0;-10.6958;0;0;0;0.602643;-0.1116;2.36831;0.148031;-0.144396;-0.0444726;0;0;0;0;0;0;-0.602643;0.1116;-2.36831;-1.35141;15.4111;1.07009;
1.83301;0;0;-10.6958;0;0;0;0;0;0;0;0;0;0;0;0;0;0;0;0;-0;-0;0;0;0;
1.83404;0;0;-10.6958;0;0;0;-1.24419;-1.14528;2.92407;0.173045;-0.159087;0.0113204;0;0;0;0;0;0;1.24419;1.14528;-2.92407;-1.76014;19.2083;6.77446;
1.83502;0;0;-10.6958;0;0;0;-5.99039;-2.43082;10.1853;0.436532;-0.707464;0.0878994;0;0;0;0;0;0;5.99039;2.43082;-10.1853;-5.80806;67.2275;12.6285;
1.83605;0;0;-10.6958;0;0;0;-2.0914;8.07544;34.3811;-1.29485;0.241067;-0.187384;0;0;0;0;0;0;2.0914;-8.07544;-34.3811;-15.1996;222.478;-53.1283;
1.83703;0;0;-10.6958;0;0;0;-6.05285;2.45915;34.9105;-0.271065;-0.281259;-0.0441315;0;0;0;0;0;0;6.05285;-2.45915;-34.9105;-17.0547;226.825;-18.918;
1.838;0;0;-10.6958;0;0;0;0;0;0;0;0;0;0;0;0;0;0;0;0;-0;-0;0;0;0;
1.83904;0;0;-10.6958;0;0;0;2.54723;-1.51816;10.8682;0.399673;0.785936;0.0161127;0;0;0;0;0;0;-2.54723;1.51816;-10.8682;-6.02316;69.2949;11.0914;
1.84002;0;0;-10.6958;0;0;0;0;0;0;0;0;0;0;0;0;0;0;0;0;-0;-0;0;0;0;
1.84105;0;0;-10.6958;0;0;0;2.71266;2.23182;12.4206;-0.349499;0.374174;0.00653469;0;0;0;0;0;0;-2.71266;-2.23182;-12.4206;-5.6783;79.7373;-13.085;
1.84203;0;0;-10.6958;0;0;0;0.717634;-0.129826;2.81895;0.112308;0.201989;-0.0192882;0;0;0;0;0;0;-0.717634;0.129826;-2.81895;-1.54436;17.9696;1.22074;
1.843;0;0;-10.6958;0;0;0;-4.97984;-5.4756;13.2099;0.699407;-0.35653;0.124844;0;0;0;0;0;0;4.97984;5.4756;-13.2099;-7.89967;86.3494;32.8056;
1.84404;0;0;-10.6958;0;0;0;0;0;0;0;0;0;0;0;0;0;0;0;0;-0;-0;0;0;0;
1.84501;0;0;-10.6958;0;0;0;0;0;0;0;0;0;0;0;0;0;0;0;0;-0;-0;0;0;0;
1.84605;0;0;-10.6958;0;0;0;-4.5658;-3.49479;9.66318;0.574658;-0.521357;0.0829688;0;0;0;0;0;0;4.5658;3.49479;-9.66318;-5.79038;63.5191;20.2364;
1.84703;0;0;-10.6958;0;0;0;0;0;0;0;0;0;0;0;0;0;0;0;0;-0;-0;0;0;0;
1.848;0;0;-10.6958;0;0;0;-3.7519;-6.00416;16.3433;0.95378;-0.843634;-0.0832696;0;0;0;0;0;0;3.7519;6.00416;-16.3433;-9.7845;106.992;37.0526;
1.84904;0;0;-10.6958;0;0;0;-4.56859;-3.81326;10.1306;0.601011;-0.548672;0.0645116;0;0;0;0;0;0;4.56859;3.81326;-10.1306;-6.08405;66.5716;22.3145;
1.85001;0;0;-10.6958;0;0;0;0.255385;-0.0458803;1.00305;0.0443695;-0.0756979;-0.0147593;0;0;0;0;0;0;-0.255385;0.0458803;-1.00305;-0.553899;6.54161;0.440244;
1.85105;0;0;-10.6958;0;0;0;0;0;0;0;0;0;0;0;0;0;0;0;0;-0;-0;0;0;0;
1.85202;0;0;-10.6958;0;0;0;1.77482;-0.668243;7.18973;-0.0875875;-0.1957;0.00701735;0;0;0;0;0;0;-1.77482;0.668243;-7.18973;-3.59877;46.5479;5.21115;
1.85306;0;0;-10.6958;0;0;0;0;0;0;0;0;0;0;0;0;0;0;0;0;-0;-0;0;0;0;
1.85403;0;0;-10.6958;0;0;0;1.94113;-1.3352;8.50696;0.332743;0.0971946;-0.0565122;0;0;0;0;0;0;-1.94113;1.3352;-8.50696;-4.74925;54.7632;9.6748;
1.85501;0;0;-10.6958;0;0;0;0;0;0;0;0;0;0;0;0;0;0;0;0;-0;-0;0;0;0;
1.85605;0;0;-10.6958;0;0;0;0;0;0;0;0;0;0;0;0;0;0;0;0;-0;-0;0;0;0;
1.85702;0;0;-10.6958;0;0;0;2.07231;5.20042;25.2795;-0.55198;-0.041702;-0.115588;0;0;0;0;0;0;-2.07231;-5.20042;-25.2795;-11.6501;163.438;-32.4975;
1.85806;0;0;-10.6958;0;0;0;4.25997;4.345;21.5222;-1.02817;0.22492;0.107866;0;0;0;0;0;0;-4.25997;-4.345;-21.5222;-9.36864;138.635;-26.0836;
1.85903;0;0;-10.6958;0;0;0;0;0;0;0;0;0;0;0;0;0;0;0;0;-0;-0;0;0;0;
1.86001;0;0;-10.6958;0;0;0;1.76931;5.42865;25.7546;-0.833621;0.131357;-0.0273533;0;0;0;0;0;0;-1.76931;-5.42865;-25.7546;-11.5847;166.37;-34.2153;
1.86104;0;0;-10.6958;0;0;0;0;0;0;0;0;0;0;0;0;0;0;0;0;-0;-0;0;0;0;
1.86202;0;0;-10.6958;0;0;0;0.713303;8.89203;42.4979;-1.22593;-0.12672;-0.108522;0;0;0;0;0;0;-0.713303;-8.89203;-42.4979;-19.2722;275.094;-57.0801;
1.86306;0;0;-10.6958;0;0;0;0;0;0;0;0;0;0;0;0;0;0;0;0;-0;-0;0;0;0;
1.86403;0;0;-10.6958;0;0;0;0;0;0;0;0;0;0;0;0;0;0;0;0;-0;-0;0;0;0;
1.86501;0;0;-10.6958;0;0;0;0;0;0;0;0;0;0;0;0;0;0;0;0;-0;-0;0;0;0;
1.86604;0;0;-10.6958;0;0;0;0.156394;-0.0014548;0.608606;0.0383038;-0.0371213;-0.00993167;0;0;0;0;0;0;-0.156394;0.0014548;-0.608606;-0.344809;3.96019;0.0980721;
1.86702;0;0;-10.6958;0;0;0;1.96758;-7.95646;24.4344;1.0851;0.227933;0.099681;0;0;0;0;0;0;-1.96758;7.95646;-24.4344;-14.1851;157.71;52.3836;
1.86806;0;0;-10.6958;0;0;0;0;0;0;0;0;0;0;0;0;0;0;0;0;-0;-0;0;0;0;
1.86903;0;0;-10.6958;0;0;0;0.579871;0.0480915;2.26101;0.101094;-0.170661;-0.0222972;0;0;0;0;0;0;-0.579871;-0.0480915;-2.26101;-1.2344;14.7452;0.00295239;
1.87001;0;0;-10.6958;0;0;0;2.40868;-1.40719;10.2437;0.377492;0.740526;0.0129641;0;0;0;0;0;0;-2.40868;1.40719;-10.2437;-5.67549;65.3127;10.3066;
1.87104;0;0;-10.6958;0;0;0;1.20866;-0.601705;5.02587;0.310619;-0.30575;-0.111305;0;0;0;0;0;0;-1.20866;0.601705;-5.02587;-2.90105;32.7107;4.61385;
1.87202;0;0;-10.6958;0;0;0;-17.035;3.89024;86.7416;-0.612119;-0.795516;-0.0198151;0;0;0;0;0;0;17.035;-3.89024;-86.7416;-42.6605;563.885;-33.7322;
1.87305;0;0;-10.6958;0;0;0;0;0;0;0;0;0;0;0;0;0;0;0;0;-0;-0;0;0;0;
1.87403;0;0;-10.6958;0;0;0;-0.847184;-2.27922;6.92197;0.259409;-0.151635;0.0224168;0;0;0;0;0;0;0.847184;2.27922;-6.92197;-3.97302;45.0346;14.3018;
1.875;0;0;-10.6958;0;0;0;0;0;0;0;0;0;0;0;0;0;0;0;0;-0;-0;0;0;0;
1.87604;0;0;-10.6958;0;0;0;0;0;0;0;0;0;0;0;0;0;0;0;0;-0;-0;0;0;0;
1.87702;0;0;-10.6958;0;0;0;0;0;0;0;0;0;0;0;0;0;0;0;0;-0;-0;0;0;0;
1.87805;0;0;-10.6958;0;0;0;-5.48258;-2.52218;9.59232;0.409454;-0.667417;0.0585382;0;0;0;0;0;0;5.48258;2.52218;-9.59232;-5.4917;63.2986;13.5047;
1.87903;0;0;-10.6958;0;0;0;2.00092;10.1138;29.1293;-1.24878;0.411558;-0.160034;0;0;0;0;0;0;-2.00092;-10.1138;-29.1293;-12.3971;187.907;-64.2877;
1.88;0;0;-10.6958;0;0;0;0;0;0;0;0;0;0;0;0;0;0;0;0;-0;-0;0;0;0;
1.88104;0;0;-10.6958;0;0;0;0.787302;-0.299562;3.1888;0.122044;0.229288;-0.00859228;0;0;0;0;0;0;-0.787302;0.299562;-3.1888;-1.75735;20.3289;2.34362;
1.88202;0;0;-10.6958;0;0;0;-3.23578;-2.34365;6.66312;0.396884;-0.35866;0.0665833;0;0;0;0;0;0;3.23578;2.34365;-6.66312;-3.98668;43.8066;13.4723;
1.88305;0;0;-10.6958;0;0;0;5.1166;3.36043;22.2126;-1.24681;0.352701;0.23384;0;0;0;0;0;0;-5.1166;-3.36043;-22.2126;-9.59659;142.889;-19.4063;
1.88403;0;0;-10.6958;0;0;0;-7.40506;-2.98758;12.5758;0.521683;-0.856658;0.103646;0;0;0;0;0;0;7.40506;2.98758;-12.5758;-7.15255;82.9897;15.5039;
1.885;0;0;-10.6958;0;0;0;0.93654;0.085453;3.65324;0.163397;-0.275749;-0.0354382;0;0;0;0;0;0;-0.93654;-0.085453;-3.65324;-1.99377;23.8247;-0.046163;
1.88604;0;0;-10.6958;0;0;0;-2.51778;14.2062;45.3971;-1.56516;0.251759;-0.285605;0;0;0;0;0;0;2.51778;-14.2062;-45.3971;-19.858;293.804;-92.922;
1.88701;0;0;-10.6958;0;0;0;-2.80002;2.02685;49.3697;-1.11838;-0.0877442;0.169365;0;0;0;0;0;0;2.80002;-2.02685;-49.3697;-23.5295;319.881;-14.6963;
1.88805;0;0;-10.6958;0;0;0;-3.66869;-2.80827;7.76473;0.461756;-0.418939;0.0666533;0;0;0;0;0;0;3.66869;2.80827;-7.76473;-4.6528;51.0398;16.2612;
1.88903;0;0;-10.6958;0;0;0;1.79949;-1.62818;8.45124;0.296146;0.617091;0.055829;0;0;0;0;0;0;-1.79949;1.62818;-8.45124;-4.71408;53.8968;11.3873;
1.89;0;0;-10.6958;0;0;0;0.303611;0.284498;1.44148;-0.0793882;0.0235431;0.0120745;0;0;0;0;0;0;-0.303611;-0.284498;-1.44148;-0.617612;9.27494;-1.70046;
1.89104;0;0;-10.6958;0;0;0;0;0;0;0;0;0;0;0;0;0;0;0;0;-0;-0;0;0;0;
1.89201;0;0;-10.6958;0;0;0;0;0;0;0;0;0;0;0;0;0;0;0;0;-0;-0;0;0;0;
1.89305;0;0;-10.6958;0;0;0;0;0;0;0;0;0;0;0;0;0;0;0;0;-0;-0;0;0;0;
1.89403;0;0;-10.6958;0;0;0;3.41564;-3.11068;16.0893;0.570423;1.13581;0.102491;0;0;0;0;0;0;-3.41564;3.11068;-16.0893;-8.98231;102.648;21.7486;
1.895;0;0;-10.6958;0;0;0;-8.45969;-1.655;33.9939;0.353758;-0.70285;-0.0591644;0;0;0;0;0;0;8.45969;1.655;-33.9939;-17.6321;221.556;6.51155;
1.89604;0;0;-10.6958;0;0;0;-3.10696;5.27041;47.0125;-0.291333;-0.492716;-0.248504;0;0;0;0;0;0;3.10696;-5.27041;-47.0125;-22.8437;305.061;-35.4246;
1.89701;0;0;-10.6958;0;0;0;0;0;0;0;0;0;0;0;0;0;0;0;0;-0;-0;0;0;0;
1.89805;0;0;-10.6958;0;0;0;2.96087;3.94586;19.1738;-0.61128;-0.0455432;-0.0258335;0;0;0;0;0;0;-2.96087;-3.94586;-19.1738;-8.64359;123.837;-24.0206;
1.89902;0;0;-10.6958;0;0;0;1.66833;-0.0561639;6.49426;0.288981;-0.490212;-0.0784766;0;0;0;0;0;0;-1.66833;0.0561639;-6.49426;-3.56371;42.352;1.28176;
1.90006;0;0;-10.6958;0;0;0;1.46934;-0.788538;6.17013;-0.38582;0.0968754;0.104259;0;0;0;0;0;0;-1.46934;0.788538;-6.17013;-2.79941;39.6873;5.73865;
1.90104;0;0;-10.6958;0;0;0;0;0;0;0;0;0;0;0;0;0;0;0;0;-0;-0;0;0;0;
1.90201;0;0;-10.6958;0;0;0;0;0;0;0;0;0;0;0;0;0;0;0;0;-0;-0;0;0;0;
1.90305;0;0;-10.6958;0;0;0;-6.4904;-2.80116;11.1834;0.478353;-0.77741;0.0828953;0;0;0;0;0;0;6.4904;2.80116;-11.1834;-6.38957;73.8069;14.7786;
1.90402;0;0;-10.6958;0;0;0;1.32316;-0.784057;5.64013;0.207548;0.407819;0.00800222;0;0;0;0;0;0;-1.32316;0.784057;-5.64013;-3.12553;35.9609;5.73232;
1.90506;0;0;-10.6958;0;0;0;1.20972;4.97167;14.1552;-0.729639;0.271823;-0.0331153;0;0;0;0;0;0;-1.20972;-4.97167;-14.1552;-5.89581;91.2165;-31.5337;
1.90603;0;0;-10.6958;0;0;0;0;0;0;0;0;0;0;0;0;0;0;0;0;-0;-0;0;0;0;
1.90701;0;0;-10.6958;0;0;0;0.614926;0.0866367;2.40665;0.107856;-0.181641;-0.0210196;0;0;0;0;0;0;-0.614926;-0.0866367;-2.40665;-1.31061;15.6952;-0.230135;
1.90805;0;0;-10.6958;0;0;0;0.743139;-0.128991;2.91711;-0.082571;0.0975331;0.0256253;0;0;0;0;0;0;-0.743139;0.128991;-2.91711;-1.39882;18.7067;1.18326;
1.90902;0;0;-10.6958;0;0;0;0.175222;-0.0962276;0.738208;0.0273742;0.0533118;0.000451776;0;0;0;0;0;0;-0.175222;0.0962276;-0.738208;-0.408652;4.70661;0.710518;
1.91006;0;0;-10.6958;0;0;0;3.29783;1.32195;13.413;-0.769093;0.208221;0.168574;0;0;0;0;0;0;-3.29783;-1.32195;-13.413;-5.84979;86.2664;-7.0639;
1.91103;0;0;-10.6958;0;0;0;0;0;0;0;0;0;0;0;0;0;0;0;0;-0;-0;0;0;0;
1.91201;0;0;-10.6958;0;0;0;-8.60874;-3.80651;25.3138;0.284625;-0.550318;0.128691;0;0;0;0;0;0;8.60874;3.80651;-25.3138;-13.4099;165.242;20.1728;
1.91305;0;0;-10.6958;0;0;0;1.24764;0.21334;4.89602;-0.286909;0.0750012;0.0698441;0;0;0;0;0;0;-1.24764;-0.21334;-4.89602;-2.1562;31.4856;-0.822505;
1.91402;0;0;-10.6958;0;0;0;3.43065;0.731776;13.5307;-0.142597;0.566608;0.0025582;0;0;0;0;0;0;-3.43065;-0.731776;-13.5307;-6.59492;86.6567;-3.01154;
1.91506;0;0;-10.6958;0;0;0;0.406883;-0.389745;1.94552;0.118726;-0.11777;-0.0484229;0;0;0;0;0;0;-0.406883;0.389745;-1.94552;-1.13726;12.6679;2.77559;
1.91603;0;0;-10.6958;0;0;0;-5.65533;2.35167;67.8828;-0.595544;0.017597;-0.0340153;0;0;0;0;0;0;5.65533;-2.35167;-67.8828;-33.3389;439.876;-18.0324;
1.91701;0;0;-10.6958;0;0;0;-1.05692;-4.60874;11.9927;0.577304;-0.100408;0.0430203;0;0;0;0;0;0;1.05692;4.60874;-11.9927;-7.07771;77.821;29.2518;
1.91804;0;0;-10.6958;0;0;0;1.94532;0.308534;7.62501;-0.447373;0.116748;0.109411;0;0;0;0;0;0;-1.94532;-0.308534;-7.62501;-3.35988;49.0352;-1.12694;
1.91902;0;0;-10.6958;0;0;0;0;0;0;0;0;0;0;0;0;0;0;0;0;-0;-0;0;0;0;
1.92006;0;0;-10.6958;0;0;0;-8.66056;-11.4088;31.1579;1.74538;-1.24907;0.0554205;0;0;0;0;0;0;8.66056;11.4088;-31.1579;-18.5771;203.768;69.4208;
1.92103;0;0;-10.6958;0;0;0;1.10748;-0.45401;4.51301;0.171746;0.324727;-0.00947836;0;0;0;0;0;0;-1.10748;0.45401;-4.51301;-2.48917;28.7712;3.50523;
1.92201;0;0;-10.6958;0;0;0;0.807588;-5.22941;15.9808;0.817412;-0.329659;-0.101476;0;0;0;0;0;0;-0.807588;5.22941;-15.9808;-9.38777;103.673;34.3517;
1.92304;0;0;-10.6958;0;0;0;1.03801;-2.21546;7.38652;0.232902;0.556849;0.134288;0;0;0;0;0;0;-1.03801;2.21546;-7.38652;-4.17396;47.1429;14.7262;
1.92402;0;0;-10.6958;0;0;0;0.582232;1.91793;5.68728;-0.294978;0.107001;-0.0058859;0;0;0;0;0;0;-0.582232;-1.91793;-5.68728;-2.375;36.6414;-12.1135;
1.92506;0;0;-10.6958;0;0;0;0.451041;-3.47606;14.2404;0.863008;-0.837639;-0.2318;0;0;0;0;0;0;-0.451041;3.47606;-14.2404;-8.38098;92.9536;22.9552;
1.92603;0;0;-10.6958;0;0;0;0;0;0;0;0;0;0;0;0;0;0;0;0;-0;-0;0;0;0;
1.92701;0;0;-10.6958;0;0;0;0.208505;-0.023737;0.814421;0.0510457;-0.0496683;-0.0145161;0;0;0;0;0;0;-0.208505;0.023737;-0.814421;-0.463397;5.29947;0.273095;
1.92804;0;0;-10.6958;0;0;0;1.01614;-0.0112524;3.95433;0.163141;0.283031;-0.0411166;0;0;0;0;0;0;-1.01614;0.0112524;-3.95433;-2.15481;25.2064;0.625444;
1.92902;0;0;-10.6958;0;0;0;-13.5791;6.05506;47.3531;-0.474659;-0.81226;-0.178498;0;0;0;0;0;0;13.5791;-6.05506;-47.3531;-22.7531;308.638;-45.8441;
1.93005;0;0;-10.6958;0;0;0;0.714984;3.46542;21.7468;-0.415982;-0.0739945;-0.0556043;0;0;0;0;0;0;-0.714984;-3.46542;-21.7468;-10.1825;140.743;-22.012;
1.93103;0;0;-10.6958;0;0;0;1.99328;-1.185;8.63434;0.372022;0.309639;-0.0147844;0;0;0;0;0;0;-1.99328;1.185;-8.63434;-4.83757;55.3697;8.68726;
1.93201;0;0;-10.6958;0;0;0;-1.54439;-0.784347;2.8439;0.12113;-0.198451;0.0110476;0;0;0;0;0;0;1.54439;0.784347;-2.8439;-1.63158;18.7589;4.28767;
1.93304;0;0;-10.6958;0;0;0;0.681807;-0.149874;2.69003;0.106324;0.192849;-0.0162041;0;0;0;0;0;0;-0.681807;0.149874;-2.69003;-1.47551;17.1479;1.32937;
1.93402;0;0;-10.6958;0;0;0;0.281018;-0.0263087;1.09633;0.048664;-0.0827518;-0.0144597;0;0;0;0;0;0;-0.281018;0.0263087;-1.09633;-0.603183;7.14973;0.326184;
1.93505;0;0;-10.6958;0;0;0;1.5886;11.4433;30.7471;-1.57009;0.614251;-0.147487;0;0;0;0;0;0;-1.5886;-11.4433;-30.7471;-12.7565;198.215;-73.1113;
1.93603;0;0;-10.6958;0;0;0;-5.16616;-3.93038;10.8999;0.648308;-0.587943;0.0952687;0;0;0;0;0;0;5.16616;3.93038;-10.8999;-6.53043;71.6497;22.7408;
1.937;0;0;-10.6958;0;0;0;-4.4188;-7.23973;17.6746;0.89097;-0.303971;0.122407;0;0;0;0;0;0;4.4188;7.23973;-17.6746;-10.5162;115.135;44.5074;
1.93804;0;0;-10.6958;0;0;0;0;0;0;0;0;0;0;0;0;0;0;0;0;-0;-0;0;0;0;
1.93902;0;0;-10.6958;0;0;0;0.401157;-0.0388685;1.56531;-0.0941831;0.0239272;0.0247314;0;0;0;0;0;0;-0.401157;0.0388685;-1.56531;-0.697675;10.0661;0.428753;
1.94005;0;0;-10.6958;0;0;0;2.21497;-1.65792;10.0109;0.374274;0.32275;0.00423437;0;0;0;0;0;0;-2.21497;1.65792;-10.0109;-5.58031;64.2429;11.8405;
1.94103;0;0;-10.6958;0;0;0;0.863291;-1.95161;8.28531;0.196889;-0.303701;-0.0815185;0;0;0;0;0;0;-0.863291;1.95161;-8.28531;-4.56384;53.8377;13.1465;
1.942;0;0;-10.6958;0;0;0;0;0;0;0;0;0;0;0;0;0;0;0;0;-0;-0;0;0;0;
1.94304;0;0;-10.6958;0;0;0;0;0;0;0;0;0;0;0;0;0;0;0;0;-0;-0;0;0;0;
1.94402;0;0;-10.6958;0;0;0;0;0;0;0;0;0;0;0;0;0;0;0;0;-0;-0;0;0;0;
1.94505;0;0;-10.6958;0;0;0;0;0;0;0;0;0;0;0;0;0;0;0;0;-0;-0;0;0;0;
1.94603;0;0;-10.6958;0;0;0;0;0;0;0;0;0;0;0;0;0;0;0;0;-0;-0;0;0;0;
1.947;0;0;-10.6958;0;0;0;0;0;0;0;0;0;0;0;0;0;0;0;0;-0;-0;0;0;0;
1.94804;0;0;-10.6958;0;0;0;1.29624;0.309964;5.1354;-0.0379738;0.223586;-0.00600487;0;0;0;0;0;0;-1.29624;-0.309964;-5.1354;-2.51592;32.8813;-1.34752;
1.94901;0;0;-10.6958;0;0;0;0;0;0;0;0;0;0;0;0;0;0;0;0;-0;-0;0;0;0;
1.95005;0;0;-10.6958;0;0;0;0;0;0;0;0;0;0;0;0;0;0;0;0;-0;-0;0;0;0;
1.95103;0;0;-10.6958;0;0;0;0;0;0;0;0;0;0;0;0;0;0;0;0;-0;-0;0;0;0;
1.952;0;0;-10.6958;0;0;0;0;0;0;0;0;0;0;0;0;0;0;0;0;-0;-0;0;0;0;
1.95304;0;0;-10.6958;0;0;0;-7.42003;-4.60221;26.8991;0.311924;-0.624354;0.11738;0;0;0;0;0;0;7.42003;4.60221;-26.8991;-14.3153;175.456;25.932;
1.95401;0;0;-10.6958;0;0;0;0.866068;-0.0657097;3.37584;0.137438;0.241673;-0.0305556;0;0;0;0;0;0;-0.866068;0.0657097;-3.37584;-1.84339;21.519;0.891779;
1.95505;0;0;-10.6958;0;0;0;-2.74073;-7.2561;19.4639;0.971103;-0.294934;0.0883118;0;0;0;0;0;0;2.74073;7.2561;-19.4639;-11.4986;126.537;45.492;
1.95603;0;0;-10.6958;0;0;0;1.12442;1.75663;6.63603;-0.355223;0.114649;0.0298406;0;0;0;0;0;0;-1.12442;-1.75663;-6.63603;-2.80858;42.7193;-10.8324;
1.957;0;0;-10.6958;0;0;0;-3.24214;-2.72063;7.21106;0.427738;-0.390665;0.0449211;0;0;0;0;0;0;3.24214;2.72063;-7.21106;-4.33128;47.3852;15.9304;
1.95804;0;0;-10.6958;0;0;0;0;0;0;0;0;0;0;0;0;0;0;0;0;-0;-0;0;0;0;
1.95901;0;0;-10.6958;0;0;0;-7.88569;-6.02967;16.6806;0.991988;-0.899959;0.143643;0;0;0;0;0;0;7.88569;6.02967;-16.6806;-9.99513;109.646;34.9096;
1.96005;0;0;-10.6958;0;0;0;1.69646;5.05098;15.3169;-0.797057;0.285239;-0.00578163;0;0;0;0;0;0;-1.69646;-5.05098;-15.3169;-6.40525;98.6722;-31.8291;
1.96102;0;0;-10.6958;0;0;0;0.246891;-0.0159377;0.961911;0.0604069;-0.0586689;-0.0164765;0;0;0;0;0;0;-0.246891;0.0159377;-0.961911;-0.546219;6.25913;0.243902;
1.96206;0;0;-10.6958;0;0;0;1.21711;1.57767;6.54812;-0.354087;0.110666;0.0391515;0;0;0;0;0;0;-1.21711;-1.57767;-6.54812;-2.78346;42.145;-9.63686;
1.96304;0;0;-10.6958;0;0;0;2.15854;5.28355;16.8691;-0.884231;0.307498;0.0168333;0;0;0;0;0;0;-2.15854;-5.28355;-16.8691;-7.07602;108.649;-33.1243;
1.96401;0;0;-10.6958;0;0;0;0;0;0;0;0;0;0;0;0;0;0;0;0;-0;-0;0;0;0;
1.96505;0;0;-10.6958;0;0;0;0;0;0;0;0;0;0;0;0;0;0;0;0;-0;-0;0;0;0;
1.96602;0;0;-10.6958;0;0;0;0.837303;-0.254303;3.34392;-0.205128;0.0515629;0.0552846;0;0;0;0;0;0;-0.837303;0.254303;-3.34392;-1.50372;21.5054;2.012;
1.96706;0;0;-10.6958;0;0;0;0;0;0;0;0;0;0;0;0;0;0;0;0;-0;-0;0;0;0;
1.96804;0;0;-10.6958;0;0;0;2.43514;2.96982;14.5542;-0.507259;0.00220279;-0.0225704;0;0;0;0;0;0;-2.43514;-2.96982;-14.5542;-6.52038;93.9443;-17.9717;
1.96901;0;0;-10.6958;0;0;0;3.20675;4.69609;18.297;-0.982809;0.313656;0.0917451;0;0;0;0;0;0;-3.20675;-4.69609;-18.297;-7.75532;117.778;-28.8696;
1.97005;0;0;-10.6958;0;0;0;0;0;0;0;0;0;0;0;0;0;0;0;0;-0;-0;0;0;0;
1.97102;0;0;-10.6958;0;0;0;0;0;0;0;0;0;0;0;0;0;0;0;0;-0;-0;0;0;0;
1.97206;0;0;-10.6958;0;0;0;-5.69613;-2.69895;59.3757;0.196432;-0.00367935;0.0562067;0;0;0;0;0;0;5.69613;2.69895;-59.3757;-30.3566;384.844;14.5435;
1.97303;0;0;-10.6958;0;0;0;0;0;0;0;0;0;0;0;0;0;0;0;0;-0;-0;0;0;0;
1.97401;0;0;-10.6958;0;0;0;0;0;0;0;0;0;0;0;0;0;0;0;0;-0;-0;0;0;0;
1.97505;0;0;-10.6958;0;0;0;2.76864;-1.56306;11.712;0.43311;0.846175;0.0105447;0;0;0;0;0;0;-2.76864;1.56306;-11.712;-6.48595;74.6732;11.499;
1.97602;0;0;-10.6958;0;0;0;3.09755;3.10131;15.0323;-0.824804;0.247086;0.118982;0;0;0;0;0;0;-3.09755;-3.10131;-15.0323;-6.43032;96.7274;-18.6308;
1.97706;0;0;-10.6958;0;0;0;0.00464932;-0.00352604;0.020818;0.00127665;-0.00126304;-0.000499042;0;0;0;0;0;0;-0.00464932;0.00352604;-0.020818;-0.0121107;0.135525;0.0256592;
1.97803;0;0;-10.6958;0;0;0;2.42391;4.23139;15.8376;-0.733138;0.181682;0.0175996;0;0;0;0;0;0;-2.42391;-4.23139;-15.8376;-6.81368;102.072;-26.1821;
1.97901;0;0;-10.6958;0;0;0;0;0;0;0;0;0;0;0;0;0;0;0;0;-0;-0;0;0;0;
1.98005;0;0;-10.6958;0;0;0;0;0;0;0;0;0;0;0;0;0;0;0;0;-0;-0;0;0;0;
1.98102;0;0;-10.6958;0;0;0;1.18024;-0.591379;4.91162;0.18373;0.35423;-0.00149874;0;0;0;0;0;0;-1.18024;0.591379;-4.91162;-2.71563;31.314;4.42289;
1.98206;0;0;-10.6958;0;0;0;0.400174;-0.0237254;1.55883;0.0979127;-0.095078;-0.0265828;0;0;0;0;0;0;-0.400174;0.0237254;-1.55883;-0.884987;10.1432;0.38157;
1.98303;0;0;-10.6958;0;0;0;2.39258;-15.0831;42.0816;1.79344;0.68409;0.261857;0;0;0;0;0;0;-2.39258;15.0831;-42.0816;-24.4936;271.419;98.5569;
1.98401;0;0;-10.6958;0;0;0;0;0;0;0;0;0;0;0;0;0;0;0;0;-0;-0;0;0;0;
1.98504;0;0;-10.6958;0;0;0;0;0;0;0;0;0;0;0;0;0;0;0;0;-0;-0;0;0;0;
1.98602;0;0;-10.6958;0;0;0;0.603147;0.00379827;2.34711;0.0971755;0.167994;-0.0252434;0;0;0;0;0;0;-0.603147;-0.00379827;-2.34711;-1.27829;14.9613;0.304276;
1.98706;0;0;-10.6958;0;0;0;2.45757;-1.15746;10.1531;0.381932;0.731664;-0.00903707;0;0;0;0;0;0;-2.45757;1.15746;-10.1531;-5.60924;64.7298;8.73698;
1.98803;0;0;-10.6958;0;0;0;0;0;0;0;0;0;0;0;0;0;0;0;0;-0;-0;0;0;0;
1.98901;0;0;-10.6958;0;0;0;0;0;0;0;0;0;0;0;0;0;0;0;0;-0;-0;0;0;0;
1.99004;0;0;-10.6958;0;0;0;0.922475;-0.277463;3.68228;0.143176;0.264339;-0.01595;0;0;0;0;0;0;-0.922475;0.277463;-3.68228;-2.02468;23.4738;2.27599;
1.99102;0;0;-10.6958;0;0;0;3.47879;-2.32325;15.2369;0.597104;0.855662;0.0165238;0;0;0;0;0;0;-3.47879;2.32325;-15.2369;-8.50077;97.4044;16.7702;
1.99205;0;0;-10.6958;0;0;0;0;0;0;0;0;0;0;0;0;0;0;0;0;-0;-0;0;0;0;
1.99303;0;0;-10.6958;0;0;0;1.24006;-0.636239;5.17604;0.193199;0.373426;-0.000384473;0;0;0;0;0;0;-1.24006;0.636239;-5.17604;-2.86272;33.0001;4.74221;
1.99401;0;0;-10.6958;0;0;0;1.2582;11.7823;30.8221;-1.56679;0.623405;-0.174348;0;0;0;0;0;0;-1.2582;-11.7823;-30.8221;-12.7636;198.724;-75.4444;
1.99504;0;0;-10.6958;0;0;0;0;0;0;0;0;0;0;0;0;0;0;0;0;-0;-0;0;0;0;
1.99602;0;0;-10.6958;0;0;0;0;0;0;0;0;0;0;0;0;0;0;0;0;-0;-0;0;0;0;
1.99705;0;0;-10.6958;0;0;0;1.29092;-1.60496;7.07992;0.31443;0.122554;0.00553418;0;0;0;0;0;0;-1.29092;1.60496;-7.07992;-4.03976;45.5673;11.0313;
1.99803;0;0;-10.6958;0;0;0;6.10171;-6.53175;30.7697;1.16569;1.16653;0.106798;0;0;0;0;0;0;-6.10171;6.53175;-30.7697;-17.3116;197.355;45.2367;
1.999;0;0;-10.6958;0;0;0;0.207719;0.127942;0.891227;0.0410395;0.0644871;-0.0188227;0;0;0;0;0;0;-0.207719;-0.127942;-0.891227;-0.476802;5.68245;-0.704629;
2.00004;0;0;-10.6958;0;0;0;-3.09044;-2.22376;6.34393;0.377943;-0.341382;0.064449;0;0;0;0;0;0;3.09044;2.22376;-6.34393;-3.79502;41.7087;12.7715;
2.00102;0;0;-10.6958;0;0;0;0;0;0;0;0;0;0;0;0;0;0;0;0;-0;-0;0;0;0;
2.00205;0;0;-10.6958;0;0;0;-3.16729;-12.3566;36.8085;1.04225;-0.279517;0.311124;0;0;0;0;0;0;3.16729;12.3566;-36.8085;-20.8138;238.814;78.0637;
2.00303;0;0;-10.6958;0;0;0;-0.492563;-0.970131;2.38241;0.127971;-0.0784924;-0.00236998;0;0;0;0;0;0;0.492563;0.970131;-2.38241;-1.42481;15.5465;6.03289;
2.004;0;0;-10.6958;0;0;0;2.40253;-0.600853;9.51681;0.419781;-0.718065;-0.15131;0;0;0;0;0;0;-2.40253;0.600853;-9.51681;-5.27082;62.0671;5.2493;
2.00504;0;0;-10.6958;0;0;0;2.84479;-1.81289;12.3377;0.0478297;-0.511703;-0.076707;0;0;0;0;0;0;-2.84479;1.81289;-12.3377;-6.44077;80.0725;13.2413;
2.00602;0;0;-10.6958;0;0;0;-0.97836;-12.6251;41.0007;1.47693;-0.468812;0.213194;0;0;0;0;0;0;0.97836;12.6251;-41.0007;-23.3858;265.914;81.0011;
2.00705;0;0;-10.6958;0;0;0;0;0;0;0;0;0;0;0;0;0;0;0;0;-0;-0;0;0;0;
2.00803;0;0;-10.6958;0;0;0;-0.048806;-0.121846;1.36183;0.0598136;-0.0999554;-0.00679956;0;0;0;0;0;0;0.048806;0.121846;-1.36183;-0.757593;8.91833;0.770788;
2.009;0;0;-10.6958;0;0;0;0;0;0;0;0;0;0;0;0;0;0;0;0;-0;-0;0;0;0;
2.01004;0;0;-10.6958;0;0;0;0;0;0;0;0;0;0;0;0;0;0;0;0;-0;-0;0;0;0;
2.01102;0;0;-10.6958;0;0;0;0;0;0;0;0;0;0;0;0;0;0;0;0;-0;-0;0;0;0;
2.01205;0;0;-10.6958;0;0;0;0;0;0;0;0;0;0;0;0;0;0;0;0;-0;-0;0;0;0;
2.01303;0;0;-10.6958;0;0;0;5.94387;3.16357;24.9313;-1.41335;0.391297;0.287304;0;0;0;0;0;0;-5.94387;-3.16357;-24.9313;-10.8185;160.36;-17.7692;
2.014;0;0;-10.6958;0;0;0;3.09542;-1.90186;13.2753;0.486668;0.96052;0.0241297;0;0;0;0;0;0;-3.09542;1.90186;-13.2753;-7.36053;84.6429;13.8425;
2.01504;0;0;-10.6958;0;0;0;0;0;0;0;0;0;0;0;0;0;0;0;0;-0;-0;0;0;0;
2.01601;0;0;-10.6958;0;0;0;3.71443;-1.629;20.7329;-0.557363;-0.114112;0.278279;0;0;0;0;0;0;-3.71443;1.629;-20.7329;-10.0431;133.919;12.134;
2.01705;0;0;-10.6958;0;0;0;0;0;0;0;0;0;0;0;0;0;0;0;0;-0;-0;0;0;0;
2.01803;0;0;-10.6958;0;0;0;1.52566;-0.113383;5.94647;0.264159;-0.448853;-0.0763327;0;0;0;0;0;0;-1.52566;0.113383;-5.94647;-3.26893;38.7796;1.57812;
2.019;0;0;-10.6958;0;0;0;1.44728;-0.455501;5.79066;-0.355566;0.0893567;0.0958965;0;0;0;0;0;0;-1.44728;0.455501;-5.79066;-2.60518;37.2409;3.58054;
2.02004;0;0;-10.6958;0;0;0;0;0;0;0;0;0;0;0;0;0;0;0;0;-0;-0;0;0;0;
2.02101;0;0;-10.6958;0;0;0;0;0;0;0;0;0;0;0;0;0;0;0;0;-0;-0;0;0;0;
2.02205;0;0;-10.6958;0;0;0;1.04951;4.77742;13.4993;-0.68085;0.249449;-0.0432323;0;0;0;0;0;0;-1.04951;-4.77742;-13.4993;-5.63406;87.0094;-30.3468;
2.02302;0;0;-10.6958;0;0;0;0;0;0;0;0;0;0;0;0;0;0;0;0;-0;-0;0;0;0;
2.02406;0;0;-10.6958;0;0;0;0.954635;-0.397088;3.89516;0.241401;-0.237142;-0.0833382;0;0;0;0;0;0;-0.954635;0.397088;-3.89516;-2.24211;25.3497;3.13375;
2.02504;0;0;-10.6958;0;0;0;0;0;0;0;0;0;0;0;0;0;0;0;0;-0;-0;0;0;0;
2.02601;0;0;-10.6958;0;0;0;-3.19338;-3.83799;12.2244;0.732586;-0.684499;-0.0235329;0;0;0;0;0;0;3.19338;3.83799;-12.2244;-7.27217;80.1192;23.2546;
2.02705;0;0;-10.6958;0;0;0;-1.8388;-1.67445;4.32621;0.256209;-0.2354;0.0177874;0;0;0;0;0;0;1.8388;1.67445;-4.32621;-2.60236;28.4185;9.89323;
2.02802;0;0;-10.6958;0;0;0;5.41124;-1.99779;21.8681;1.3575;-1.33185;-0.457585;0;0;0;0;0;0;-5.41124;1.99779;-21.8681;-12.5665;142.313;16.1108;
2.02906;0;0;-10.6958;0;0;0;0;0;0;0;0;0;0;0;0;0;0;0;0;-0;-0;0;0;0;
2.03003;0;0;-10.6958;0;0;0;-3.33025;-5.18089;13.0102;0.769099;-0.729159;-0.093496;0;0;0;0;0;0;3.33025;5.18089;-13.0102;-7.8393;85.2633;31.9466;
2.03101;0;0;-10.6958;0;0;0;0;0;0;0;0;0;0;0;0;0;0;0;0;-0;-0;0;0;0;
2.03205;0;0;-10.6958;0;0;0;0.844968;-0.241039;3.36451;0.13123;0.241454;-0.0156592;0;0;0;0;0;0;-0.844968;0.241039;-3.36451;-1.84912;21.4479;2.00096;
2.03302;0;0;-10.6958;0;0;0;0;0;0;0;0;0;0;0;0;0;0;0;0;-0;-0;0;0;0;
2.03406;0;0;-10.6958;0;0;0;0;0;0;0;0;0;0;0;0;0;0;0;0;-0;-0;0;0;0;
2.03503;0;0;-10.6958;0;0;0;0.164658;10.0184;24.9702;-1.25847;0.524644;-0.202197;0;0;0;0;0;0;-0.164658;-10.0184;-24.9702;-10.3037;161.06;-64.5519;
2.03601;0;0;-10.6958;0;0;0;0;0;0;0;0;0;0;0;0;0;0;0;0;-0;-0;0;0;0;
2.03705;0;0;-10.6958;0;0;0;-0.647261;-2.38993;7.10708;0.37874;-0.446413;-0.0935672;0;0;0;0;0;0;0.647261;2.38993;-7.10708;-4.1967;46.5069;15.2348;
2.03802;0;0;-10.6958;0;0;0;8.75908;1.80327;37.3574;-0.572409;-0.407207;0.00826484;0;0;0;0;0;0;-8.75908;-1.80327;-37.3574;-18.0514;241.294;-7.26939;
2.03906;0;0;-10.6958;0;0;0;0.913208;0.669061;4.05629;-0.22641;0.0648966;0.0402683;0;0;0;0;0;0;-0.913208;-0.669061;-4.05629;-1.74819;26.0946;-3.91058;
2.04003;0;0;-10.6958;0;0;0;0;0;0;0;0;0;0;0;0;0;0;0;0;-0;-0;0;0;0;
2.04101;0;0;-10.6958;0;0;0;0.715206;-3.35487;13.1713;0.605161;-0.396275;-0.0729338;0;0;0;0;0;0;-0.715206;3.35487;-13.1713;-7.57282;85.566;22.1449;
2.04204;0;0;-10.6958;0;0;0;0;0;0;0;0;0;0;0;0;0;0;0;0;-0;-0;0;0;0;
2.04302;0;0;-10.6958;0;0;0;0;0;0;0;0;0;0;0;0;0;0;0;0;-0;-0;0;0;0;
2.04406;0;0;-10.6958;0;0;0;1.35168;-0.679779;5.62763;0.210447;0.40589;-0.00151779;0;0;0;0;0;0;-1.35168;0.679779;-5.62763;-3.11169;35.8789;5.0813;
2.04503;0;0;-10.6958;0;0;0;0;0;0;0;0;0;0;0;0;0;0;0;0;-0;-0;0;0;0;
2.04601;0;0;-10.6958;0;0;0;2.9987;9.34325;28.0403;-1.45692;0.524619;-0.0190008;0;0;0;0;0;0;-2.9987;-9.34325;-28.0403;-11.7186;180.644;-58.9388;
2.04704;0;0;-10.6958;0;0;0;-9.03926;-1.70261;62.468;0.349648;-1.19563;-0.0249584;0;0;0;0;0;0;9.03926;1.70261;-62.468;-31.9664;406.382;6.49361;
2.04802;0;0;-10.6958;0;0;0;0.825578;4.37678;12.0287;-0.616541;0.235627;-0.04342;0;0;0;0;0;0;-0.825578;-4.37678;-12.0287;-4.99841;77.5284;-27.8665;
2.04905;0;0;-10.6958;0;0;0;0;0;0;0;0;0;0;0;0;0;0;0;0;-0;-0;0;0;0;
2.05003;0;0;-10.6958;0;0;0;3.98028;0.527099;15.5752;0.165049;0.839209;-0.0743849;0;0;0;0;0;0;-3.98028;-0.527099;-15.5752;-7.95239;99.5593;-1.33325;
2.051;0;0;-10.6958;0;0;0;0.35368;-0.371818;1.74635;0.0600391;0.128107;0.015116;0;0;0;0;0;0;-0.35368;0.371818;-1.74635;-0.976521;11.1383;2.56924;
2.05204;0;0;-10.6958;0;0;0;3.46543;-1.38547;14.1107;0.200449;0.120632;-0.0218784;0;0;0;0;0;0;-3.46543;1.38547;-14.1107;-7.44293;90.852;10.7328;
2.05302;0;0;-10.6958;0;0;0;0;0;0;0;0;0;0;0;0;0;0;0;0;-0;-0;0;0;0;
2.05405;0;0;-10.6958;0;0;0;-8.16099;-0.788521;26.7999;0.097396;-0.412522;0.0222439;0;0;0;0;0;0;8.16099;0.788521;-26.7999;-13.6675;174.676;0.972732;
2.05503;0;0;-10.6958;0;0;0;1.79105;-0.336792;7.04682;0.0259343;-0.173255;-0.0117799;0;0;0;0;0;0;-1.79105;0.336792;-7.04682;-3.60708;45.5984;3.09301;
2.056;0;0;-10.6958;0;0;0;-1.84051;1.31719;27.2026;-0.179199;-0.312389;-0.0233367;0;0;0;0;0;0;1.84051;-1.31719;-27.2026;-13.3818;176.546;-9.42768;
2.05704;0;0;-10.6958;0;0;0;-1.04888;-1.99536;4.44815;0.26079;-0.25016;-0.0507228;0;0;0;0;0;0;1.04888;1.99536;-4.44815;-2.7006;29.143;12.4362;
2.05802;0;0;-10.6958;0;0;0;0.210634;-0.0678983;0.843873;0.0326712;0.0606037;-0.00327867;0;0;0;0;0;0;-0.210634;0.0678983;-0.843873;-0.464295;5.37955;0.54873;
2.05905;0;0;-10.6958;0;0;0;-7.78582;-5.25103;15.5158;0.926161;-0.832759;0.182916;0;0;0;0;0;0;7.78582;5.25103;-15.5158;-9.26469;102.03;29.8812;
2.06003;0;0;-10.6958;0;0;0;0;0;0;0;0;0;0;0;0;0;0;0;0;-0;-0;0;0;0;
2.061;0;0;-10.6958;0;0;0;1.45138;2.11282;8.25824;-0.363792;0.185587;0.0162663;0;0;0;0;0;0;-1.45138;-2.11282;-8.25824;-3.58083;53.1138;-12.9593;
2.06204;0;0;-10.6958;0;0;0;0.779254;1.14511;4.45406;-0.239201;0.0763904;0.0222096;0;0;0;0;0;0;-0.779254;-1.14511;-4.45406;-1.88776;28.6708;-7.04079;
2.06301;0;0;-10.6958;0;0;0;0.353122;-0.0842642;1.39659;0.0871141;-0.0851305;-0.0271628;0;0;0;0;0;0;-0.353122;0.0842642;-1.39659;-0.798614;9.088;0.750257;
2.06405;0;0;-10.6958;0;0;0;0;0;0;0;0;0;0;0;0;0;0;0;0;-0;-0;0;0;0;
2.06503;0;0;-10.6958;0;0;0;0;0;0;0;0;0;0;0;0;0;0;0;0;-0;-0;0;0;0;
2.066;0;0;-10.6958;0;0;0;1.54086;-1.47405;7.36455;0.256268;0.538625;0.0541903;0;0;0;0;0;0;-1.54086;1.47405;-7.36455;-4.11173;46.9679;10.2611;
2.06704;0;0;-10.6958;0;0;0;0.754841;4.09284;11.2187;-0.574775;0.220111;-0.0416283;0;0;0;0;0;0;-0.754841;-4.09284;-11.2187;-4.661;72.3087;-26.0663;
2.06801;0;0;-10.6958;0;0;0;-4.37901;-3.43245;9.38304;0.557614;-0.506798;0.0748413;0;0;0;0;0;0;4.37901;3.43245;-9.38304;-5.62611;61.6718;19.9348;
2.06905;0;0;-10.6958;0;0;0;-1.5935;6.00139;25.4931;-0.633486;0.0792211;-0.126546;0;0;0;0;0;0;1.5935;-6.00139;-25.4931;-11.5959;165.066;-39.5151;
2.07002;0;0;-10.6958;0;0;0;0;0;0;0;0;0;0;0;0;0;0;0;0;-0;-0;0;0;0;
2.071;0;0;-10.6958;0;0;0;1.56812;-0.704871;6.44617;0.39904;-0.392333;-0.139973;0;0;0;0;0;0;-1.56812;0.704871;-6.44617;-3.71485;41.9527;5.49109;
2.07204;0;0;-10.6958;0;0;0;5.12977;-5.26579;25.3241;0.909077;1.07423;0.101337;0;0;0;0;0;0;-5.12977;5.26579;-25.3241;-14.1865;162.301;36.5598;
2.07301;0;0;-10.6958;0;0;0;0.268003;-2.24591;10.9657;0.668708;-0.644245;-0.148293;0;0;0;0;0;0;-0.268003;2.24591;-10.9657;-6.41455;71.5843;14.8182;
2.07405;0;0;-10.6958;0;0;0;1.04136;8.43553;22.2813;-1.13452;0.447642;-0.11645;0;0;0;0;0;0;-1.04136;-8.43553;-22.2813;-9.23331;143.647;-53.952;
2.07502;0;0;-10.6958;0;0;0;0.232967;0.222324;1.11258;0.0532824;0.0813664;-0.0274161;0;0;0;0;0;0;-0.232967;-0.222324;-1.11258;-0.590986;7.09556;-1.29414;
2.07606;0;0;-10.6958;0;0;0;-10.4973;9.74675;55.5528;-1.02508;-0.438727;-0.242797;0;0;0;0;0;0;10.4973;-9.74675;-55.5528;-25.9594;361.018;-68.12;
2.07704;0;0;-10.6958;0;0;0;0;0;0;0;0;0;0;0;0;0;0;0;0;-0;-0;0;0;0;
2.07801;0;0;-10.6958;0;0;0;3.06131;-1.31941;12.532;0.474998;0.902188;-0.0210464;0;0;0;0;0;0;-3.06131;1.31941;-12.532;-6.91617;79.8942;10.101;
2.07905;0;0;-10.6958;0;0;0;0.683122;3.14931;8.81307;-0.453037;0.170841;-0.0259332;0;0;0;0;0;0;-0.683122;-3.14931;-8.81307;-3.66665;56.7964;-20.0117;
2.08002;0;0;-10.6958;0;0;0;-2.81333;-1.07015;18.2442;0.273455;-0.761185;-0.0950992;0;0;0;0;0;0;2.81333;1.07015;-18.2442;-9.56497;119.116;5.60467;
2.08106;0;0;-10.6958;0;0;0;0;0;0;0;0;0;0;0;0;0;0;0;0;-0;-0;0;0;0;
2.08203;0;0;-10.6958;0;0;0;-8.43606;9.4372;56.9071;-1.03371;-0.0505152;-0.185386;0;0;0;0;0;0;8.43606;-9.4372;-56.9071;-26.6636;369.187;-65.1364;
2.08301;0;0;-10.6958;0;0;0;5.26831;4.54422;24.3968;-1.34983;0.395481;0.217823;0;0;0;0;0;0;-5.26831;-4.54422;-24.3968;-10.4742;156.964;-26.9749;
2.08405;0;0;-10.6958;0;0;0;0;0;0;0;0;0;0;0;0;0;0;0;0;-0;-0;0;0;0;
2.08502;0;0;-10.6958;0;0;0;1.48241;0.792653;6.22186;-0.352644;0.0976781;0.0715766;0;0;0;0;0;0;-1.48241;-0.792653;-6.22186;-2.69966;40.0195;-4.4552;
2.08606;0;0;-10.6958;0;0;0;1.10748;1.48738;6.05732;-0.293246;0.12136;0.0237736;0;0;0;0;0;0;-1.10748;-1.48738;-6.05732;-2.60637;38.9687;-9.09222;
2.08703;0;0;-10.6958;0;0;0;0;0;0;0;0;0;0;0;0;0;0;0;0;-0;-0;0;0;0;
2.08801;0;0;-10.6958;0;0;0;-4.34172;-10.9128;72.1366;1.02802;0.256637;0.306843;0;0;0;0;0;0;4.34172;10.9128;-72.1366;-38.4382;467.03;68.1324;
2.08905;0;0;-10.6958;0;0;0;0;0;0;0;0;0;0;0;0;0;0;0;0;-0;-0;0;0;0;
2.09002;0;0;-10.6958;0;0;0;0;0;0;0;0;0;0;0;0;0;0;0;0;-0;-0;0;0;0;
2.09106;0;0;-10.6958;0;0;0;-10.5525;-8.73132;37.898;0.957833;-0.809853;0.188137;0;0;0;0;0;0;10.5525;8.73132;-37.898;-20.9133;247.137;51.0067;
2.09203;0;0;-10.6958;0;0;0;1.78802;-0.620559;7.19775;0.0680024;0.357943;0.0165392;0;0;0;0;0;0;-1.78802;0.620559;-7.19775;-3.75368;46.0442;4.89963;
2.09301;0;0;-10.6958;0;0;0;0;0;0;0;0;0;0;0;0;0;0;0;0;-0;-0;0;0;0;
2.09404;0;0;-10.6958;0;0;0;-1.95546;14.3347;53.3496;-1.56325;0.325634;-0.317578;0;0;0;0;0;0;1.95546;-14.3347;-53.3496;-23.8508;345.136;-93.4371;
2.09502;0;0;-10.6958;0;0;0;4.33009;-0.355188;16.883;0.158792;0.913718;-0.0216966;0;0;0;0;0;0;-4.33009;0.355188;-16.883;-8.69323;107.913;4.5001;
2.09606;0;0;-10.6958;0;0;0;0.938632;-0.896371;4.48365;0.156051;0.327905;0.0328862;0;0;0;0;0;0;-0.938632;0.896371;-4.48365;-2.50322;28.5947;6.24069;
2.09703;0;0;-10.6958;0;0;0;1.31727;1.77706;8.47247;-0.180866;-0.0960617;-0.0432928;0;0;0;0;0;0;-1.31727;-1.77706;-8.47247;-3.90537;54.7952;-10.7943;
2.09801;0;0;-10.6958;0;0;0;1.84727;-1.13968;7.92808;0.290513;0.573676;0.0147764;0;0;0;0;0;0;-1.84727;1.13968;-7.92808;-4.39603;50.549;8.29082;
2.09904;0;0;-10.6958;0;0;0;-4.85679;-2.64372;9.55561;0.40694;-0.669167;0.0216974;0;0;0;0;0;0;4.85679;2.64372;-9.55561;-5.48299;62.999;14.6429;
2.10002;0;0;-10.6958;0;0;0;-3.77817;-2.04811;7.55629;0.322098;-0.529605;0.0175021;0;0;0;0;0;0;3.77817;2.04811;-7.55629;-4.33182;49.8119;11.3355;
2.10105;0;0;-10.6958;0;0;0;-4.76221;-3.96239;10.5412;0.625412;-0.57086;0.0679596;0;0;0;0;0;0;4.76221;3.96239;-10.5412;-6.33023;69.2699;23.1783;
2.10203;0;0;-10.6958;0;0;0;0.898637;-0.151742;3.52573;0.156021;-0.266086;-0.0512184;0;0;0;0;0;0;-0.898637;0.151742;-3.52573;-1.9461;22.9933;1.48562;
2.103;0;0;-10.6958;0;0;0;1.98124;4.51559;14.7342;-0.774599;0.266391;0.022516;0;0;0;0;0;0;-1.98124;-4.51559;-14.7342;-6.18835;94.8905;-28.2489;
2.10404;0;0;-10.6958;0;0;0;3.11923;1.51368;12.9701;-0.053349;0.581325;-0.0598042;0;0;0;0;0;0;-3.11923;-1.51368;-12.9701;-6.32344;83.044;-8.16613;
2.10502;0;0;-10.6958;0;0;0;0.143611;-0.558555;3.74241;0.230226;-0.220372;-0.0417253;0;0;0;0;0;0;-0.143611;0.558555;-3.74241;-2.17028;24.4258;3.72884;
2.10605;0;0;-10.6958;0;0;0;4.39523;-11.8609;43.7417;1.3617;0.369378;0.187084;0;0;0;0;0;0;-4.39523;11.8609;-43.7417;-24.5736;282.274;78.7862;
2.10703;0;0;-10.6958;0;0;0;6.55346;1.55742;26.0855;-0.442524;0.997366;0.0317225;0;0;0;0;0;0;-6.55346;-1.55742;-26.0855;-12.532;167.162;-6.81201;
2.108;0;0;-10.6958;0;0;0;-4.81239;-3.51562;9.9508;0.592558;-0.535825;0.0972652;0;0;0;0;0;0;4.81239;3.51562;-9.9508;-5.95522;65.4187;20.2324;
2.10904;0;0;-10.6958;0;0;0;-6.27937;-9.54381;28.4754;1.65524;-1.38391;-0.0981988;0;0;0;0;0;0;6.27937;9.54381;-28.4754;-16.9492;186.301;58.7022;
2.11001;0;0;-10.6958;0;0;0;2.30031;-0.821396;9.27439;0.575976;-0.564888;-0.192888;0;0;0;0;0;0;-2.30031;0.821396;-9.27439;-5.32721;60.355;6.6667;
2.11105;0;0;-10.6958;0;0;0;1.59547;-0.985931;6.86353;0.369177;-0.460327;-0.153427;0;0;0;0;0;0;-1.59547;0.985931;-6.86353;-3.92336;44.7189;7.33726;
2.11203;0;0;-10.6958;0;0;0;-1.56859;3.70961;32.285;-0.000796463;-0.467789;-0.247191;0;0;0;0;0;0;1.56859;-3.70961;-32.285;-15.8781;209.566;-24.5501;
2.113;0;0;-10.6958;0;0;0;0.0564516;-0.182516;1.2287;0.0755958;-0.0724425;-0.0142341;0;0;0;0;0;0;-0.0564516;0.182516;-1.2287;-0.712465;8.01859;1.22385;
2.11404;0;0;-10.6958;0;0;0;0;0;0;0;0;0;0;0;0;0;0;0;0;-0;-0;0;0;0;
2.11501;0;0;-10.6958;0;0;0;0.868409;4.44687;12.2729;-0.629487;0.239798;-0.0423452;0;0;0;0;0;0;-0.868409;-4.44687;-12.2729;-5.10139;79.1;-28.2995;
2.11604;0;0;-10.6958;0;0;0;0;0;0;0;0;0;0;0;0;0;0;0;0;-0;-0;0;0;0;
2.11702;0;0;-10.6958;0;0;0;1.05037;-2.84945;9.28869;0.402045;0.148001;0.041832;0;0;0;0;0;0;-1.05037;2.84945;-9.28869;-5.36443;59.8603;18.9278;
2.11805;0;0;-10.6958;0;0;0;2.6403;-1.54874;11.2364;0.409864;0.810062;0.0154922;0;0;0;0;0;0;-2.6403;1.54874;-11.2364;-6.2219;71.6434;11.3367;
2.11903;0;0;-10.6958;0;0;0;1.53836;-0.262756;6.03678;0.377532;-0.368086;-0.112228;0;0;0;0;0;0;-1.53836;0.262756;-6.03678;-3.44281;39.2818;2.58711;
2.12001;0;0;-10.6958;0;0;0;0.9875;0.556569;4.17631;-0.236144;0.0657333;0.0470766;0;0;0;0;0;0;-0.9875;-0.556569;-4.17631;-1.8102;26.8629;-3.15194;
2.12104;0;0;-10.6958;0;0;0;0;0;0;0;0;0;0;0;0;0;0;0;0;-0;-0;0;0;0;
2.12202;0;0;-10.6958;0;0;0;0;0;0;0;0;0;0;0;0;0;0;0;0;-0;-0;0;0;0;
2.12305;0;0;-10.6958;0;0;0;0;0;0;0;0;0;0;0;0;0;0;0;0;-0;-0;0;0;0;
2.12403;0;0;-10.6958;0;0;0;0.612314;1.97786;5.88932;-0.305646;0.110588;-0.00536149;0;0;0;0;0;0;-0.612314;-1.97786;-5.88932;-2.46009;37.9419;-12.4866;
2.125;0;0;-10.6958;0;0;0;0;0;0;0;0;0;0;0;0;0;0;0;0;-0;-0;0;0;0;
2.12604;0;0;-10.6958;0;0;0;0.478594;-0.241907;1.99386;0.0745259;0.143817;-0.000439993;0;0;0;0;0;0;-0.478594;0.241907;-1.99386;-1.10254;12.7118;1.80692;
2.12702;0;0;-10.6958;0;0;0;0;0;0;0;0;0;0;0;0;0;0;0;0;-0;-0;0;0;0;
2.12805;0;0;-10.6958;0;0;0;1.71519;-0.262767;6.71973;0.420527;-0.409767;-0.123362;0;0;0;0;0;0;-1.71519;0.262767;-6.71973;-3.8296;43.7256;2.68733;
2.12903;0;0;-10.6958;0;0;0;1.84064;-1.60421;8.54914;0.300988;0.623566;0.0522065;0;0;0;0;0;0;-1.84064;1.60421;-8.54914;-4.76587;54.5191;11.2564;
2.13;0;0;-10.6958;0;0;0;0.307074;-0.110956;1.3022;0.0208999;-0.0416037;-0.0123784;0;0;0;0;0;0;-0.307074;0.110956;-1.3022;-0.687575;8.43823;0.885032;
2.13104;0;0;-10.6958;0;0;0;2.51386;-1.60475;10.8551;0.396324;0.785977;0.0244119;0;0;0;0;0;0;-2.51386;1.60475;-10.8551;-6.02206;69.2125;11.6265;
2.13202;0;0;-10.6958;0;0;0;0.29921;-0.126514;1.22268;0.0464159;0.0880042;-0.00225272;0;0;0;0;0;0;-0.29921;0.126514;-1.22268;-0.674622;7.79473;0.971638;
2.13305;0;0;-10.6958;0;0;0;-4.00405;-0.986791;17.5618;-0.137457;-0.430931;0.0863499;0;0;0;0;0;0;4.00405;0.986791;-17.5618;-8.80222;114.489;4.28429;
2.13403;0;0;-10.6958;0;0;0;2.64114;-1.56138;11.2538;0.414231;0.813698;0.0156793;0;0;0;0;0;0;-2.64114;1.56138;-11.2538;-6.23632;71.7524;11.4187;
2.135;0;0;-10.6958;0;0;0;0.52906;-0.125864;2.09222;-0.127581;0.032145;0.0341953;0;0;0;0;0;0;-0.52906;0.125864;-2.09222;-0.93828;13.4549;1.04669;
2.13604;0;0;-10.6958;0;0;0;2.12562;-1.27513;9.07909;0.333676;0.656616;0.0140989;0;0;0;0;0;0;-2.12562;1.27513;-9.07909;-5.03224;57.887;9.30824;
2.13702;0;0;-10.6958;0;0;0;0;0;0;0;0;0;0;0;0;0;0;0;0;-0;-0;0;0;0;
2.13805;0;0;-10.6958;0;0;0;0;0;0;0;0;0;0;0;0;0;0;0;0;-0;-0;0;0;0;
2.13903;0;0;-10.6958;0;0;0;5.90003;6.52646;29.6944;-1.6201;0.493128;0.213518;0;0;0;0;0;0;-5.90003;-6.52646;-29.6944;-12.6715;191.087;-39.481;
2.14;0;0;-10.6958;0;0;0;-3.63159;-2.54872;7.36801;0.439277;-0.396091;0.0794984;0;0;0;0;0;0;3.63159;2.54872;-7.36801;-4.40457;48.445;14.587;
2.14104;0;0;-10.6958;0;0;0;0.33392;-0.0954757;1.32975;0.058571;-0.100321;-0.0219111;0;0;0;0;0;0;-0.33392;0.0954757;-1.32975;-0.737556;8.6725;0.807896;
2.14202;0;0;-10.6958;0;0;0;0;0;0;0;0;0;0;0;0;0;0;0;0;-0;-0;0;0;0;
2.14305;0;0;-10.6958;0;0;0;0;0;0;0;0;0;0;0;0;0;0;0;0;-0;-0;0;0;0;
2.14403;0;0;-10.6958;0;0;0;-10.6331;-5.60115;19.3246;0.969375;-1.20883;0.183024;0;0;0;0;0;0;10.6331;5.60115;-19.3246;-11.2605;127.341;30.7134;
2.145;0;0;-10.6958;0;0;0;0;0;0;0;0;0;0;0;0;0;0;0;0;-0;-0;0;0;0;
2.14604;0;0;-10.6958;0;0;0;0;0;0;0;0;0;0;0;0;0;0;0;0;-0;-0;0;0;0;
2.14702;0;0;-10.6958;0;0;0;-10.2002;-7.02086;25.3609;1.07999;-1.79518;-0.0626023;0;0;0;0;0;0;10.2002;7.02086;-25.3609;-14.5525;166.949;40.3649;
2.14805;0;0;-10.6958;0;0;0;0.312147;0.0359331;1.21935;0.0771148;-0.0743638;-0.0175496;0;0;0;0;0;0;-0.312147;-0.0359331;-1.21935;-0.687311;7.93425;-0.0578674;
2.14903;0;0;-10.6958;0;0;0;0;0;0;0;0;0;0;0;0;0;0;0;0;-0;-0;0;0;0;
2.15;0;0;-10.6958;0;0;0;6.81124;-4.36809;33.4877;0.612163;0.273318;0.00967765;0;0;0;0;0;0;-6.81124;4.36809;-33.4877;-17.9089;215.765;31.6881;
2.15104;0;0;-10.6958;0;0;0;-1.97092;-2.69459;9.66846;0.582699;-0.546733;-0.0335903;0;0;0;0;0;0;1.97092;2.69459;-9.66846;-5.7207;63.3165;16.4801;
2.15201;0;0;-10.6958;0;0;0;0;0;0;0;0;0;0;0;0;0;0;0;0;-0;-0;0;0;0;
2.15305;0;0;-10.6958;0;0;0;0;0;0;0;0;0;0;0;0;0;0;0;0;-0;-0;0;0;0;
2.15403;0;0;-10.6958;0;0;0;2.79039;-0.180313;11.8714;0.0582388;-0.0262141;-0.0111364;0;0;0;0;0;0;-2.79039;0.180313;-11.8714;-6.05235;76.574;2.58274;
2.155;0;0;-10.6958;0;0;0;0.214726;0.284659;1.16724;-0.0630388;0.019778;0.00677334;0;0;0;0;0;0;-0.214726;-0.284659;-1.16724;-0.495914;7.51266;-1.74092;
2.15604;0;0;-10.6958;0;0;0;-6.00133;-3.0496;35.339;0.0362959;-0.593253;0.0794779;0;0;0;0;0;0;6.00133;3.0496;-35.339;-18.1324;229.901;16.6357;
2.15701;0;0;-10.6958;0;0;0;1.86294;-0.499172;7.39835;-0.452383;0.113855;0.121594;0;0;0;0;0;0;-1.86294;0.499172;-7.39835;-3.32208;47.5788;4.0467;
2.15805;0;0;-10.6958;0;0;0;1.49797;-0.200672;5.85945;0.366963;-0.35733;-0.106052;0;0;0;0;0;0;-1.49797;0.200672;-5.85945;-3.33674;38.1274;2.15881;
2.15903;0;0;-10.6958;0;0;0;0;0;0;0;0;0;0;0;0;0;0;0;0;-0;-0;0;0;0;
2.16;0;0;-10.6958;0;0;0;1.07671;-0.213673;4.23742;0.168223;0.303691;-0.0274311;0;0;0;0;0;0;-1.07671;0.213673;-4.23742;-2.3228;27.0114;1.95227;
2.16104;0;0;-10.6958;0;0;0;0;0;0;0;0;0;0;0;0;0;0;0;0;-0;-0;0;0;0;
2.16201;0;0;-10.6958;0;0;0;0.973195;3.12024;9.30575;-0.483064;0.174612;-0.00802894;0;0;0;0;0;0;-0.973195;-3.12024;-9.30575;-3.88762;59.9517;-19.6954;
2.16305;0;0;-10.6958;0;0;0;0;0;0;0;0;0;0;0;0;0;0;0;0;-0;-0;0;0;0;
2.16402;0;0;-10.6958;0;0;0;0;0;0;0;0;0;0;0;0;0;0;0;0;-0;-0;0;0;0;
2.16506;0;0;-10.6958;0;0;0;0;0;0;0;0;0;0;0;0;0;0;0;0;-0;-0;0;0;0;
2.16604;0;0;-10.6958;0;0;0;5.64891;3.88212;61.7494;-0.728569;0.38021;-0.0169786;0;0;0;0;0;0;-5.64891;-3.88212;-61.7494;-29.9652;398.676;-22.2634;
2.16701;0;0;-10.6958;0;0;0;0;0;0;0;0;0;0;0;0;0;0;0;0;-0;-0;0;0;0;
2.16805;0;0;-10.6958;0;0;0;0;0;0;0;0;0;0;0;0;0;0;0;0;-0;-0;0;0;0;
2.16902;0;0;-10.6958;0;0;0;-4.68199;-3.37994;9.63304;0.565931;-0.481;0.109422;0;0;0;0;0;0;4.68199;3.37994;-9.63304;-5.75502;63.2941;19.4077;
2.17006;0;0;-10.6958;0;0;0;0.0757115;-0.0122369;0.296846;0.0131397;-0.0224034;-0.00427487;0;0;0;0;0;0;-0.0757115;0.0122369;-0.296846;-0.1638;1.93589;0.121581;
2.17104;0;0;-10.6958;0;0;0;1.26504;0.31353;5.00947;0.217407;0.359277;-0.0773882;0;0;0;0;0;0;-1.26504;-0.31353;-5.00947;-2.70761;31.9333;-1.31488;
2.17201;0;0;-10.6958;0;0;0;0;0;0;0;0;0;0;0;0;0;0;0;0;-0;-0;0;0;0;
2.17305;0;0;-10.6958;0;0;0;1.18379;-0.689328;5.03183;0.185503;0.363729;0.00618692;0;0;0;0;0;0;-1.18379;0.689328;-5.03183;-2.78781;32.0818;5.05086;
2.17402;0;0;-10.6958;0;0;0;0;0;0;0;0;0;0;0;0;0;0;0;0;-0;-0;0;0;0;
2.17506;0;0;-10.6958;0;0;0;0;0;0;0;0;0;0;0;0;0;0;0;0;-0;-0;0;0;0;
2.17603;0;0;-10.6958;0;0;0;0;0;0;0;0;0;0;0;0;0;0;0;0;-0;-0;0;0;0;
2.17701;0;0;-10.6958;0;0;0;-5.13591;-3.4497;10.2167;0.609925;-0.548263;0.121485;0;0;0;0;0;0;5.13591;3.4497;-10.2167;-6.09982;67.184;19.6186;
2.17805;0;0;-10.6958;0;0;0;1.06746;2.66718;8.46506;-0.443349;0.154663;0.00717574;0;0;0;0;0;0;-1.06746;-2.66718;-8.46506;-3.5497;54.5214;-16.731;
2.17902;0;0;-10.6958;0;0;0;0;0;0;0;0;0;0;0;0;0;0;0;0;-0;-0;0;0;0;
2.18006;0;0;-10.6958;0;0;0;14.2202;12.643;101.767;-2.58447;1.21725;0.130289;0;0;0;0;0;0;-14.2202;-12.643;-101.767;-47.3729;655.958;-74.794;
2.18103;0;0;-10.6958;0;0;0;0;0;0;0;0;0;0;0;0;0;0;0;0;-0;-0;0;0;0;
2.18201;0;0;-10.6958;0;0;0;0;0;0;0;0;0;0;0;0;0;0;0;0;-0;-0;0;0;0;
2.18305;0;0;-10.6958;0;0;0;-0.902706;7.78565;37.8901;-0.567903;-0.547516;-0.258858;0;0;0;0;0;0;0.902706;-7.78565;-37.8901;-17.7229;245.852;-50.582;
2.18402;0;0;-10.6958;0;0;0;0;0;0;0;0;0;0;0;0;0;0;0;0;-0;-0;0;0;0;
2.18506;0;0;-10.6958;0;0;0;0;0;0;0;0;0;0;0;0;0;0;0;0;-0;-0;0;0;0;
2.18603;0;0;-10.6958;0;0;0;0.448088;-0.843179;2.94296;0.0940925;0.220729;0.0489142;0;0;0;0;0;0;-0.448088;0.843179;-2.94296;-1.66035;18.7802;5.63346;
2.18701;0;0;-10.6958;0;0;0;0;0;0;0;0;0;0;0;0;0;0;0;0;-0;-0;0;0;0;
2.18805;0;0;-10.6958;0;0;0;0;0;0;0;0;0;0;0;0;0;0;0;0;-0;-0;0;0;0;
2.18902;0;0;-10.6958;0;0;0;0;0;0;0;0;0;0;0;0;0;0;0;0;-0;-0;0;0;0;
2.19006;0;0;-10.6958;0;0;0;0;0;0;0;0;0;0;0;0;0;0;0;0;-0;-0;0;0;0;
2.19103;0;0;-10.6958;0;0;0;2.51476;0.587092;9.97934;-0.481972;0.208384;0.106316;0;0;0;0;0;0;-2.51476;-0.587092;-9.97934;-4.48254;64.1221;-2.63989;
2.19201;0;0;-10.6958;0;0;0;0;0;0;0;0;0;0;0;0;0;0;0;0;-0;-0;0;0;0;
2.19305;0;0;-10.6958;0;0;0;-5.45193;-8.09218;23.6159;0.842856;-0.981896;0.0586097;0;0;0;0;0;0;5.45193;8.09218;-23.6159;-13.5447;154.365;49.5671;
2.19402;0;0;-10.6958;0;0;0;1.79026;0.0230468;6.96695;-0.414696;0.106393;0.10621;0;0;0;0;0;0;-1.79026;-0.0230468;-6.96695;-3.09011;44.8017;0.645846;
2.19506;0;0;-10.6958;0;0;0;0.716916;0.16019;2.82983;-0.164982;0.0434499;0.0393373;0;0;0;0;0;0;-0.716916;-0.16019;-2.82983;-1.24343;18.1983;-0.715146;
2.19603;0;0;-10.6958;0;0;0;5.11487;0.368465;19.9857;-0.266094;0.814864;0.0406393;0;0;0;0;0;0;-5.11487;-0.368465;-19.9857;-9.75756;128.013;0.149562;
2.19701;0;0;-10.6958;0;0;0;0;0;0;0;0;0;0;0;0;0;0;0;0;-0;-0;0;0;0;
2.19805;0;0;-10.6958;0;0;0;-0.502761;-0.304839;0.959168;0.0405651;-0.0670631;-5.09851e-05;0;0;0;0;0;0;0.502761;0.304839;-0.959168;-0.554059;6.32507;1.71979;
2.19902;0;0;-10.6958;0;0;0;-6.68731;-7.34748;18.6695;1.10446;-1.02793;-0.00893386;0;0;0;0;0;0;6.68731;7.34748;-18.6695;-11.2414;122.524;44.1933;
2.20006;0;0;-10.6958;0;0;0;-7.19969;-5.37713;15.0497;0.895591;-0.81117;0.138622;0;0;0;0;0;0;7.19969;5.37713;-15.0497;-9.01222;98.9322;31.0363;
2.20103;0;0;-10.6958;0;0;0;1.92096;-0.00661541;7.47565;-0.258946;0.218259;0.0660986;0;0;0;0;0;0;-1.92096;0.00661541;-7.47565;-3.50492;47.9688;0.943716;
2.20201;0;0;-10.6958;0;0;0;0;0;0;0;0;0;0;0;0;0;0;0;0;-0;-0;0;0;0;
2.20304;0;0;-10.6958;0;0;0;3.80398;-3.01091;19.2517;1.08318;-0.719148;-0.232572;0;0;0;0;0;0;-3.80398;3.01091;-19.2517;-11.0771;124.928;21.6332;
2.20402;0;0;-10.6958;0;0;0;0;0;0;0;0;0;0;0;0;0;0;0;0;-0;-0;0;0;0;
2.20506;0;0;-10.6958;0;0;0;-6.77833;-0.917116;13.5442;0.104219;-0.469155;0.0265539;0;0;0;0;0;0;6.77833;0.917116;-13.5442;-7.01453;88.8048;2.49656;
2.20603;0;0;-10.6958;0;0;0;0;0;0;0;0;0;0;0;0;0;0;0;0;-0;-0;0;0;0;
2.20701;0;0;-10.6958;0;0;0;0.240196;-0.0133743;0.935537;0.0415896;-0.0706183;-0.0116875;0;0;0;0;0;0;-0.240196;0.0133743;-0.935537;-0.51388;6.10098;0.219156;
2.20804;0;0;-10.6958;0;0;0;0.718376;-0.545841;3.21808;0.115204;0.233884;0.0139535;0;0;0;0;0;0;-0.718376;0.545841;-3.21808;-1.79006;20.5204;3.8802;
2.20902;0;0;-10.6958;0;0;0;0.143702;-0.0125811;0.560446;0.0227635;0.0401234;-0.00493601;0;0;0;0;0;0;-0.143702;0.0125811;-0.560446;-0.306154;3.57246;0.158696;
2.21006;0;0;-10.6958;0;0;0;0;0;0;0;0;0;0;0;0;0;0;0;0;-0;-0;0;0;0;
2.21103;0;0;-10.6958;0;0;0;0.228828;-0.225721;1.38485;0.0521793;-0.00961707;0.0089077;0;0;0;0;0;0;-0.228828;0.225721;-1.38485;-0.772004;8.94893;1.56708;
2.21201;0;0;-10.6958;0;0;0;0.792354;-1.55913;33.1595;-0.574374;-0.624889;0.0785235;0;0;0;0;0;0;-0.792354;1.55913;-33.1595;-16.2747;215.143;10.4106;
2.21304;0;0;-10.6958;0;0;0;1.87865;-15.5718;43.4946;1.87471;0.605094;0.284758;0;0;0;0;0;0;-1.87865;15.5718;-43.4946;-25.3355;280.69;101.437;
2.21402;0;0;-10.6958;0;0;0;0;0;0;0;0;0;0;0;0;0;0;0;0;-0;-0;0;0;0;
2.21506;0;0;-10.6958;0;0;0;2.00929;1.18363;8.82685;-0.388352;0.045588;0.0583256;0;0;0;0;0;0;-2.00929;-1.18363;-8.82685;-3.93602;56.877;-6.70698;
2.21603;0;0;-10.6958;0;0;0;0.215494;10.3705;79.4721;-1.58809;0.559138;-0.0655387;0;0;0;0;0;0;-0.215494;-10.3705;-79.4721;-37.375;513.738;-66.9408;
2.21701;0;0;-10.6958;0;0;0;0;0;0;0;0;0;0;0;0;0;0;0;0;-0;-0;0;0;0;
2.21804;0;0;-10.6958;0;0;0;3.12551;0.449167;12.3381;-0.411144;0.131548;0.0836322;0;0;0;0;0;0;-3.12551;-0.449167;-12.3381;-5.75466;79.4029;-1.41714;
2.21902;0;0;-10.6958;0;0;0;4.24527;13.8075;41.1908;-1.69636;1.01842;-0.178319;0;0;0;0;0;0;-4.24527;-13.8075;-41.1908;-17.6505;265.129;-87.0425;
2.22005;0;0;-10.6958;0;0;0;0;0;0;0;0;0;0;0;0;0;0;0;0;-0;-0;0;0;0;
2.22103;0;0;-10.6958;0;0;0;0.583569;-0.0519476;2.27611;0.142797;-0.138823;-0.0397797;0;0;0;0;0;0;-0.583569;0.0519476;-2.27611;-1.29381;14.8105;0.669735;
2.22201;0;0;-10.6958;0;0;0;0;0;0;0;0;0;0;0;0;0;0;0;0;-0;-0;0;0;0;
2.22304;0;0;-10.6958;0;0;0;-5.61124;8.96643;45.3558;-1.01218;-0.317405;-0.169444;0;0;0;0;0;0;5.61124;-8.96643;-45.3558;-20.9182;294.411;-60.6832;
2.22402;0;0;-10.6958;0;0;0;0;0;0;0;0;0;0;0;0;0;0;0;0;-0;-0;0;0;0;
2.22505;0;0;-10.6958;0;0;0;0.301697;-0.663396;3.86561;0.236965;-0.229114;-0.0578136;0;0;0;0;0;0;-0.301697;0.663396;-3.86561;-2.2496;25.2158;4.50298;
2.22603;0;0;-10.6958;0;0;0;0;0;0;0;0;0;0;0;0;0;0;0;0;-0;-0;0;0;0;
2.227;0;0;-10.6958;0;0;0;1.7164;6.08856;17.7893;-0.920596;0.337123;-0.0265599;0;0;0;0;0;0;-1.7164;-6.08856;-17.7893;-7.42222;114.617;-38.5127;
2.22804;0;0;-10.6958;0;0;0;0;0;0;0;0;0;0;0;0;0;0;0;0;-0;-0;0;0;0;
2.22902;0;0;-10.6958;0;0;0;0;0;0;0;0;0;0;0;0;0;0;0;0;-0;-0;0;0;0;
2.23005;0;0;-10.6958;0;0;0;-3.42241;-2.88885;8.80042;0.495965;-0.510031;0.0227807;0;0;0;0;0;0;3.42241;2.88885;-8.80042;-5.21655;57.8078;16.9502;
2.23103;0;0;-10.6958;0;0;0;-4.74465;10.9709;43.9748;-1.20201;-0.0685421;-0.215453;0;0;0;0;0;0;4.74465;-10.9709;-43.9748;-19.8316;285.137;-73.1735;
2.232;0;0;-10.6958;0;0;0;4.93505;0.441395;19.3606;-0.0275371;0.916198;-0.0320032;0;0;0;0;0;0;-4.93505;-0.441395;-19.3606;-9.67413;123.883;-0.340284;
2.23304;0;0;-10.6958;0;0;0;0;0;0;0;0;0;0;0;0;0;0;0;0;-0;-0;0;0;0;
2.23402;0;0;-10.6958;0;0;0;4.66368;2.24083;19.311;-1.09952;0.301752;0.230525;0;0;0;0;0;0;-4.66368;-2.24083;-19.311;-8.39623;124.204;-12.3848;
2.23505;0;0;-10.6958;0;0;0;0;0;0;0;0;0;0;0;0;0;0;0;0;-0;-0;0;0;0;
2.23603;0;0;-10.6958;0;0;0;-11.2906;-5.03986;19.6082;0.83775;-1.36375;0.131863;0;0;0;0;0;0;11.2906;5.03986;-19.6082;-11.2152;129.397;26.8009;
2.237;0;0;-10.6958;0;0;0;0;0;0;0;0;0;0;0;0;0;0;0;0;-0;-0;0;0;0;
2.23804;0;0;-10.6958;0;0;0;-5.3056;-5.7429;13.9123;0.740137;-0.389162;0.130042;0;0;0;0;0;0;5.3056;5.7429;-13.9123;-8.32103;90.9589;34.3654;
2.23902;0;0;-10.6958;0;0;0;0;0;0;0;0;0;0;0;0;0;0;0;0;-0;-0;0;0;0;
2.24005;0;0;-10.6958;0;0;0;-9.06556;-1.47311;28.8445;0.375151;-0.74922;0.0241546;0;0;0;0;0;0;9.06556;1.47311;-28.8445;-15.0435;188.333;4.94578;
2.24103;0;0;-10.6958;0;0;0;0.861891;3.57142;10.4413;-0.48057;0.162249;-0.0403053;0;0;0;0;0;0;-0.861891;-3.57142;-10.4413;-4.41644;67.324;-22.639;
2.242;0;0;-10.6958;0;0;0;0;0;0;0;0;0;0;0;0;0;0;0;0;-0;-0;0;0;0;
2.24304;0;0;-10.6958;0;0;0;1.35806;14.2645;37.0706;-1.88225;0.753393;-0.220945;0;0;0;0;0;0;-1.35806;-14.2645;-37.0706;-15.3447;239.02;-91.4109;
2.24402;0;0;-10.6958;0;0;0;6.67719;-4.86582;33.0024;0.477889;0.636213;0.104062;0;0;0;0;0;0;-6.67719;4.86582;-33.0024;-17.5805;212.274;34.7473;
2.24505;0;0;-10.6958;0;0;0;1.77017;9.18973;36.425;-0.982774;0.114532;-0.270529;0;0;0;0;0;0;-1.77017;-9.18973;-36.425;-16.4294;235.439;-58.3115;
2.24603;0;0;-10.6958;0;0;0;-4.1561;-6.16456;24.3294;0.558815;-0.816256;0.145788;0;0;0;0;0;0;4.1561;6.16456;-24.3294;-13.426;158.686;37.6572;
2.247;0;0;-10.6958;0;0;0;0;0;0;0;0;0;0;0;0;0;0;0;0;-0;-0;0;0;0;
2.24804;0;0;-10.6958;0;0;0;0;0;0;0;0;0;0;0;0;0;0;0;0;-0;-0;0;0;0;
2.24901;0;0;-10.6958;0;0;0;3.08576;-0.447601;13.3973;0.0706089;-0.327649;-0.0952241;0;0;0;0;0;0;-3.08576;0.447601;-13.3973;-6.85977;86.7202;4.54532;
2.25005;0;0;-10.6958;0;0;0;1.01526;-0.408733;4.13079;0.157436;0.297168;-0.0092904;0;0;0;0;0;0;-1.01526;0.408733;-4.13079;-2.27797;26.3339;3.16556;
2.25103;0;0;-10.6958;0;0;0;0.486648;1.08962;3.57567;-0.188119;0.0645178;0.00594226;0;0;0;0;0;0;-0.486648;-1.08962;-3.57567;-1.5023;23.0272;-6.81266;
2.252;0;0;-10.6958;0;0;0;2.39071;-8.64059;27.0308;1.19571;0.281656;0.114256;0;0;0;0;0;0;-2.39071;8.64059;-27.0308;-15.6718;174.413;57.0084;
2.25304;0;0;-10.6958;0;0;0;-4.0147;-2.78567;8.10284;0.483244;-0.435403;0.089745;0;0;0;0;0;0;4.0147;2.78567;-8.10284;-4.8423;53.2781;15.9172;
2.25401;0;0;-10.6958;0;0;0;0.249538;-2.18231;9.1888;0.462321;-0.397013;-0.0714028;0;0;0;0;0;0;-0.249538;2.18231;-9.1888;-5.30738;59.8389;14.3202;
2.25505;0;0;-10.6958;0;0;0;-7.84441;-1.97553;42.4838;0.245067;-0.804877;0.0255362;0;0;0;0;0;0;7.84441;1.97553;-42.4838;-21.83;276.535;8.81058;
2.25603;0;0;-10.6958;0;0;0;-6.31361;-0.574503;40.7473;0.353697;-0.46995;-0.0148516;0;0;0;0;0;0;6.31361;0.574503;-40.7473;-20.9236;264.808;0.554596;
2.257;0;0;-10.6958;0;0;0;0.726653;-1.12108;4.4162;0.186767;0.112077;0.017988;0;0;0;0;0;0;-0.726653;1.12108;-4.4162;-2.5226;28.3951;7.60309;
2.25804;0;0;-10.6958;0;0;0;0;0;0;0;0;0;0;0;0;0;0;0;0;-0;-0;0;0;0;
2.25901;0;0;-10.6958;0;0;0;2.1516;-2.40864;11.0248;0.390185;0.492673;0.0647792;0;0;0;0;0;0;-2.1516;2.40864;-11.0248;-6.18226;70.6402;16.6063;
2.26005;0;0;-10.6958;0;0;0;0;0;0;0;0;0;0;0;0;0;0;0;0;-0;-0;0;0;0;
2.26103;0;0;-10.6958;0;0;0;0;0;0;0;0;0;0;0;0;0;0;0;0;-0;-0;0;0;0;
2.262;0;0;-10.6958;0;0;0;0.323662;0.00380072;1.25955;0.0793338;-0.0768283;-0.0201543;0;0;0;0;0;0;-0.323662;-0.00380072;-1.25955;-0.713007;8.19568;0.158488;
2.26304;0;0;-10.6958;0;0;0;0;0;0;0;0;0;0;0;0;0;0;0;0;-0;-0;0;0;0;
2.26401;0;0;-10.6958;0;0;0;0;0;0;0;0;0;0;0;0;0;0;0;0;-0;-0;0;0;0;
2.26505;0;0;-10.6958;0;0;0;0;0;0;0;0;0;0;0;0;0;0;0;0;-0;-0;0;0;0;
2.26602;0;0;-10.6958;0;0;0;0;0;0;0;0;0;0;0;0;0;0;0;0;-0;-0;0;0;0;
2.26706;0;0;-10.6958;0;0;0;-0.810308;2.7402;11.6997;-0.297353;-0.0487778;-0.0529667;0;0;0;0;0;0;0.810308;-2.7402;-11.6997;-5.31674;75.8471;-18.0887;
2.26804;0;0;-10.6958;0;0;0;-1.18109;10.6514;46.0613;-1.43319;0.0250223;-0.263906;0;0;0;0;0;0;1.18109;-10.6514;-46.0613;-20.683;298.188;-69.2631;
2.26901;0;0;-10.6958;0;0;0;0;0;0;0;0;0;0;0;0;0;0;0;0;-0;-0;0;0;0;
2.27005;0;0;-10.6958;0;0;0;2.27057;11.3182;35.6279;-1.38292;0.397039;-0.175662;0;0;0;0;0;0;-2.27057;-11.3182;-35.6279;-15.4141;229.947;-71.9288;
2.27102;0;0;-10.6958;0;0;0;4.28555;-6.10637;24.976;0.723247;0.743053;0.174509;0;0;0;0;0;0;-4.28555;6.10637;-24.976;-13.9101;160.463;41.5013;
2.27206;0;0;-10.6958;0;0;0;0;0;0;0;0;0;0;0;0;0;0;0;0;-0;-0;0;0;0;
2.27304;0;0;-10.6958;0;0;0;-2.92027;-11.5004;33.7458;1.07219;-0.386967;0.213794;0;0;0;0;0;0;2.92027;11.5004;-33.7458;-19.2162;219.072;72.7433;
2.27401;0;0;-10.6958;0;0;0;0;0;0;0;0;0;0;0;0;0;0;0;0;-0;-0;0;0;0;
2.27505;0;0;-10.6958;0;0;0;0.559787;-0.103025;2.19962;0.0972727;-0.166004;-0.0325304;0;0;0;0;0;0;-0.559787;0.103025;-2.19962;-1.21492;14.345;0.981074;
2.27602;0;0;-10.6958;0;0;0;1.69726;5.21175;48.0114;-0.834295;-0.255883;-0.0752676;0;0;0;0;0;0;-1.69726;-5.21175;-48.0114;-22.8106;310.8;-32.7991;
2.27706;0;0;-10.6958;0;0;0;2.95987;-0.117491;11.5233;-0.689467;0.176009;0.178891;0;0;0;0;0;0;-2.95987;0.117491;-11.5233;-5.12316;74.1013;2.07146;
2.27804;0;0;-10.6958;0;0;0;0.735227;-0.185487;2.91324;0.181617;-0.177573;-0.0571417;0;0;0;0;0;0;-0.735227;0.185487;-2.91324;-1.66679;18.9572;1.62767;
2.27901;0;0;-10.6958;0;0;0;0;0;0;0;0;0;0;0;0;0;0;0;0;-0;-0;0;0;0;
2.28005;0;0;-10.6958;0;0;0;4.62066;-4.13904;22.0942;0.485865;0.400501;0.0568253;0;0;0;0;0;0;-4.62066;4.13904;-22.0942;-12.0243;142.121;29.0558;
2.28102;0;0;-10.6958;0;0;0;0;0;0;0;0;0;0;0;0;0;0;0;0;-0;-0;0;0;0;
2.28206;0;0;-10.6958;0;0;0;2.08838;7.17223;24.6719;-0.859066;0.0906578;-0.180292;0;0;0;0;0;0;-2.08838;-7.17223;-24.6719;-10.8396;159.368;-45.1847;
2.28303;0;0;-10.6958;0;0;0;-0.399606;-1.83812;4.99688;-0.0469139;0.288194;0.0411292;0;0;0;0;0;0;0.399606;1.83812;-4.99688;-2.65334;32.0901;11.6534;
2.28401;0;0;-10.6958;0;0;0;6.14317;-10.2581;38.9233;1.60488;0.844998;0.149506;0;0;0;0;0;0;-6.14317;10.2581;-38.9233;-22.2303;250.436;69.3303;
2.28505;0;0;-10.6958;0;0;0;0;0;0;0;0;0;0;0;0;0;0;0;0;-0;-0;0;0;0;
2.28602;0;0;-10.6958;0;0;0;0;0;0;0;0;0;0;0;0;0;0;0;0;-0;-0;0;0;0;
2.28706;0;0;-10.6958;0;0;0;-2.15309;-3.85068;19.0958;0.225099;-0.861004;-0.09198;0;0;0;0;0;0;2.15309;3.85068;-19.0958;-10.2251;124.659;23.9285;
2.28803;0;0;-10.6958;0;0;0;0.877662;5.39926;15.4555;-0.63637;0.166287;-0.100424;0;0;0;0;0;0;-0.877662;-5.39926;-15.4555;-6.60103;99.7685;-34.4;
2.28901;0;0;-10.6958;0;0;0;1.08386;8.85471;23.3742;-1.19002;0.469809;-0.122794;0;0;0;0;0;0;-1.08386;-8.85471;-23.3742;-9.68619;150.691;-56.6364;
2.29004;0;0;-10.6958;0;0;0;0;0;0;0;0;0;0;0;0;0;0;0;0;-0;-0;0;0;0;
2.29102;0;0;-10.6958;0;0;0;1.90645;9.40271;26.0743;-1.33837;0.5081;-0.0853707;0;0;0;0;0;0;-1.90645;-9.40271;-26.0743;-10.842;168.044;-59.8061;
2.29206;0;0;-10.6958;0;0;0;2.06439;9.91847;27.5994;-1.41744;0.536777;-0.0868801;0;0;0;0;0;0;-2.06439;-9.91847;-27.5994;-11.4788;177.87;-63.063;
2.29303;0;0;-10.6958;0;0;0;0;0;0;0;0;0;0;0;0;0;0;0;0;-0;-0;0;0;0;
2.29401;0;0;-10.6958;0;0;0;0.164097;-1.23993;3.29232;0.095554;0.257967;0.0923911;0;0;0;0;0;0;-0.164097;1.23993;-3.29232;-1.87758;21.0323;8.01464;
2.29504;0;0;-10.6958;0;0;0;2.16099;-2.24692;10.9632;0.39336;0.398338;0.0600349;0;0;0;0;0;0;-2.16099;2.24692;-10.9632;-6.13818;70.3347;15.5691;
2.29602;0;0;-10.6958;0;0;0;-4.72156;-3.86458;10.356;0.614677;-0.560434;0.0711082;0;0;0;0;0;0;4.72156;3.86458;-10.356;-6.21648;68.0558;22.5623;
2.29705;0;0;-10.6958;0;0;0;0;0;0;0;0;0;0;0;0;0;0;0;0;-0;-0;0;0;0;
2.29803;0;0;-10.6958;0;0;0;0;0;0;0;0;0;0;0;0;0;0;0;0;-0;-0;0;0;0;
2.299;0;0;-10.6958;0;0;0;0;0;0;0;0;0;0;0;0;0;0;0;0;-0;-0;0;0;0;
2.30004;0;0;-10.6958;0;0;0;-9.55768;9.19479;62.3262;-0.900805;-0.213159;-0.218745;0;0;0;0;0;0;9.55768;-9.19479;-62.3262;-29.5497;404.529;-64.0983;
2.30102;0;0;-10.6958;0;0;0;0;0;0;0;0;0;0;0;0;0;0;0;0;-0;-0;0;0;0;
2.30205;0;0;-10.6958;0;0;0;-1.31064;-0.964425;5.02133;0.216854;-0.360503;-0.0126383;0;0;0;0;0;0;1.31064;0.964425;-5.02133;-2.84157;32.9887;5.5943;
2.30303;0;0;-10.6958;0;0;0;-4.3923;3.57362;23.5145;-0.383423;-0.294665;-0.067933;0;0;0;0;0;0;4.3923;-3.57362;-23.5145;-11.0945;152.914;-25.2704;
2.304;0;0;-10.6958;0;0;0;0;0;0;0;0;0;0;0;0;0;0;0;0;-0;-0;0;0;0;
2.30504;0;0;-10.6958;0;0;0;0;0;0;0;0;0;0;0;0;0;0;0;0;-0;-0;0;0;0;
2.30602;0;0;-10.6958;0;0;0;0.349682;-0.158885;2.30111;0.143335;-0.138033;-0.0313123;0;0;0;0;0;0;-0.349682;0.158885;-2.30111;-1.31769;14.9949;1.23559;
2.30705;0;0;-10.6958;0;0;0;1.2028;-4.17479;15.8671;0.559718;0.0973841;0.184468;0;0;0;0;0;0;-1.2028;4.17479;-15.8671;-8.96704;102.469;27.4389;
2.30802;0;0;-10.6958;0;0;0;0;0;0;0;0;0;0;0;0;0;0;0;0;-0;-0;0;0;0;
2.30905;0;0;-10.6958;0;0;0;0.28242;0.0055318;1.09913;0.0490118;-0.0829703;-0.0121759;0;0;0;0;0;0;-0.28242;-0.0055318;-1.09913;-0.60176;7.16778;0.118547;
2.31002;0;0;-10.6958;0;0;0;0;0;0;0;0;0;0;0;0;0;0;0;0;-0;-0;0;0;0;
2.31106;0;0;-10.6958;0;0;0;0;0;0;0;0;0;0;0;0;0;0;0;0;-0;-0;0;0;0;
2.31203;0;0;-10.6958;0;0;0;-0.904627;-1.28588;2.93999;0.172678;-0.16331;-0.0182955;0;0;0;0;0;0;0.904627;1.28588;-2.93999;-1.78197;19.2809;7.8847;
2.31301;0;0;-10.6958;0;0;0;0;0;0;0;0;0;0;0;0;0;0;0;0;-0;-0;0;0;0;
2.31404;0;0;-10.6958;0;0;0;6.01413;-1.65446;23.9097;0.176641;1.28963;0.0455038;0;0;0;0;0;0;-6.01413;1.65446;-23.9097;-12.3792;152.841;13.6891;
2.31502;0;0;-10.6958;0;0;0;0;0;0;0;0;0;0;0;0;0;0;0;0;-0;-0;0;0;0;
2.31605;0;0;-10.6958;0;0;0;-2.15304;-2.95658;10.5812;0.637611;-0.59841;-0.0374669;0;0;0;0;0;0;2.15304;2.95658;-10.5812;-6.26151;69.2931;18.0876;
2.31703;0;0;-10.6958;0;0;0;0;0;0;0;0;0;0;0;0;0;0;0;0;-0;-0;0;0;0;
2.31801;0;0;-10.6958;0;0;0;6.90193;-3.35749;30.4598;-0.0249612;0.975543;0.00841888;0;0;0;0;0;0;-6.90193;3.35749;-30.4598;-15.6461;195.456;25.1946;
2.31904;0;0;-10.6958;0;0;0;0;0;0;0;0;0;0;0;0;0;0;0;0;-0;-0;0;0;0;
2.32002;0;0;-10.6958;0;0;0;4.01077;1.87291;16.6479;-0.242846;0.567138;-0.0201579;0;0;0;0;0;0;-4.01077;-1.87291;-16.6479;-7.94941;106.769;-10.0817;
2.32105;0;0;-10.6958;0;0;0;-1.19335;-2.33656;9.01433;0.544953;-0.51598;-0.0616011;0;0;0;0;0;0;1.19335;2.33656;-9.01433;-5.31772;58.9736;14.5823;
2.32203;0;0;-10.6958;0;0;0;6.73522;3.98598;28.7036;-1.61928;0.45306;0.317044;0;0;0;0;0;0;-6.73522;-3.98598;-28.7036;-12.4294;184.63;-22.7224;
2.323;0;0;-10.6958;0;0;0;0.645679;-0.407752;2.78262;0.101725;0.201432;0.00591262;0;0;0;0;0;0;-0.645679;0.407752;-2.78262;-1.5435;17.7418;2.95795;
2.32404;0;0;-10.6958;0;0;0;0;0;0;0;0;0;0;0;0;0;0;0;0;-0;-0;0;0;0;
2.32502;0;0;-10.6958;0;0;0;-7.87065;-10.1012;65.3854;0.379472;-1.20966;0.229715;0;0;0;0;0;0;7.87065;10.1012;-65.3854;-34.3103;425.153;61.1796;
2.32605;0;0;-10.6958;0;0;0;0;0;0;0;0;0;0;0;0;0;0;0;0;-0;-0;0;0;0;
2.32703;0;0;-10.6958;0;0;0;0;0;0;0;0;0;0;0;0;0;0;0;0;-0;-0;0;0;0;
2.328;0;0;-10.6958;0;0;0;-1.44056;3.50826;37.3774;-0.322051;-0.371024;-0.0819708;0;0;0;0;0;0;1.44056;-3.50826;-37.3774;-18.1411;242.409;-23.3474;
2.32904;0;0;-10.6958;0;0;0;0;0;0;0;0;0;0;0;0;0;0;0;0;-0;-0;0;0;0;
2.33002;0;0;-10.6958;0;0;0;0;0;0;0;0;0;0;0;0;0;0;0;0;-0;-0;0;0;0;
2.33105;0;0;-10.6958;0;0;0;0.202475;-0.068648;0.8136;0.0505579;-0.0495646;-0.016764;0;0;0;0;0;0;-0.202475;0.068648;-0.8136;-0.467029;5.29455;0.562957;
2.33203;0;0;-10.6958;0;0;0;0.220079;-0.111641;0.91728;0.0566702;-0.0558021;-0.0203882;0;0;0;0;0;0;-0.220079;0.111641;-0.91728;-0.529657;5.96999;0.853676;
2.333;0;0;-10.6958;0;0;0;2.54631;1.6894;11.0859;-0.173039;0.423998;-0.0262188;0;0;0;0;0;0;-2.54631;-1.6894;-11.0859;-5.23779;71.0643;-9.62517;
2.33404;0;0;-10.6958;0;0;0;0;0;0;0;0;0;0;0;0;0;0;0;0;-0;-0;0;0;0;
2.33502;0;0;-10.6958;0;0;0;2.01281;-1.13751;8.516;0.314937;0.615263;0.00774533;0;0;0;0;0;0;-2.01281;1.13751;-8.516;-4.7163;54.295;8.36709;
2.33605;0;0;-10.6958;0;0;0;-8.00004;-3.1978;22.3263;0.352385;-0.452057;0.0695405;0;0;0;0;0;0;8.00004;3.1978;-22.3263;-11.913;145.744;16.5983;
2.33703;0;0;-10.6958;0;0;0;0;0;0;0;0;0;0;0;0;0;0;0;0;-0;-0;0;0;0;
2.338;0;0;-10.6958;0;0;0;1.06297;-0.878748;4.86486;0.172417;0.354319;0.0263281;0;0;0;0;0;0;-1.06297;0.878748;-4.86486;-2.70976;31.0225;6.19573;
2.33904;0;0;-10.6958;0;0;0;0.122965;-0.010409;0.479502;0.0300868;-0.0292465;-0.00835048;0;0;0;0;0;0;-0.122965;0.010409;-0.479502;-0.272516;3.12005;0.137615;
2.34001;0;0;-10.6958;0;0;0;0;0;0;0;0;0;0;0;0;0;0;0;0;-0;-0;0;0;0;
2.34105;0;0;-10.6958;0;0;0;0;0;0;0;0;0;0;0;0;0;0;0;0;-0;-0;0;0;0;
2.34202;0;0;-10.6958;0;0;0;2.6362;-9.68693;29.1115;1.22975;0.565371;0.17706;0;0;0;0;0;0;-2.6362;9.68693;-29.1115;-16.8586;187.569;63.8404;
2.34305;0;0;-10.6958;0;0;0;1.00216;-5.81099;16.9497;0.729552;0.25011;0.114224;0;0;0;0;0;0;-1.00216;5.81099;-16.9497;-9.84639;109.342;37.997;
2.34403;0;0;-10.6958;0;0;0;0.386258;-1.3847;4.03763;0.240827;-0.240001;-0.105346;0;0;0;0;0;0;-0.386258;1.3847;-4.03763;-2.41262;26.3313;9.26108;
2.34501;0;0;-10.6958;0;0;0;0;0;0;0;0;0;0;0;0;0;0;0;0;-0;-0;0;0;0;
2.34604;0;0;-10.6958;0;0;0;0;0;0;0;0;0;0;0;0;0;0;0;0;-0;-0;0;0;0;
2.34702;0;0;-10.6958;0;0;0;1.52567;5.48076;20.0396;-0.416074;-0.177705;-0.204597;0;0;0;0;0;0;-1.52567;-5.48076;-20.0396;-9.12085;129.714;-34.4969;
2.34805;0;0;-10.6958;0;0;0;2.28835;13.348;37.0011;-1.78785;0.634228;-0.178113;0;0;0;0;0;0;-2.28835;-13.348;-37.0011;-15.4965;238.594;-85.0536;
2.34903;0;0;-10.6958;0;0;0;0;0;0;0;0;0;0;0;0;0;0;0;0;-0;-0;0;0;0;
2.35;0;0;-10.6958;0;0;0;-0.294278;1.75817;12.9332;-0.659458;0.321699;-0.0564427;0;0;0;0;0;0;0.294278;-1.75817;-12.9332;-5.67436;83.4068;-11.47;
2.35104;0;0;-10.6958;0;0;0;1.3907;4.46078;13.3025;-0.69051;0.249661;-0.011531;0;0;0;0;0;0;-1.3907;-4.46078;-13.3025;-5.5575;85.6996;-28.157;
2.35202;0;0;-10.6958;0;0;0;3.32468;-2.69271;15.1334;0.537676;1.10161;0.0778883;0;0;0;0;0;0;-3.32468;2.69271;-15.1334;-8.42664;96.5022;19.0221;
2.35305;0;0;-10.6958;0;0;0;-3.18599;4.91912;29.8862;-0.604361;-0.245207;-0.0988996;0;0;0;0;0;0;3.18599;-4.91912;-29.8862;-13.9459;193.979;-33.3398;
2.35403;0;0;-10.6958;0;0;0;0;0;0;0;0;0;0;0;0;0;0;0;0;-0;-0;0;0;0;
2.355;0;0;-10.6958;0;0;0;0;0;0;0;0;0;0;0;0;0;0;0;0;-0;-0;0;0;0;
2.35604;0;0;-10.6958;0;0;0;0;0;0;0;0;0;0;0;0;0;0;0;0;-0;-0;0;0;0;
2.35702;0;0;-10.6958;0;0;0;1.69408;10.8476;39.2018;-1.02257;-0.141875;-0.371595;0;0;0;0;0;0;-1.69408;-10.8476;-39.2018;-17.6211;253.672;-68.9778;
2.35805;0;0;-10.6958;0;0;0;0;0;0;0;0;0;0;0;0;0;0;0;0;-0;-0;0;0;0;
2.35903;0;0;-10.6958;0;0;0;0;0;0;0;0;0;0;0;0;0;0;0;0;-0;-0;0;0;0;
2.36;0;0;-10.6958;0;0;0;3.75879;-5.36749;21.574;0.766122;0.60103;0.10115;0;0;0;0;0;0;-3.75879;5.36749;-21.574;-12.1662;138.64;36.5275;
2.36104;0;0;-10.6958;0;0;0;3.69183;-10.3045;36.1716;1.12441;-0.0840515;0.15481;0;0;0;0;0;0;-3.69183;10.3045;-36.1716;-20.3694;233.803;68.3905;
2.36202;0;0;-10.6958;0;0;0;0;0;0;0;0;0;0;0;0;0;0;0;0;-0;-0;0;0;0;
2.36305;0;0;-10.6958;0;0;0;1.04064;-2.77662;9.19383;0.468967;-0.178758;-0.0753573;0;0;0;0;0;0;-1.04064;2.77662;-9.19383;-5.37636;59.5733;18.5685;
2.36403;0;0;-10.6958;0;0;0;0;0;0;0;0;0;0;0;0;0;0;0;0;-0;-0;0;0;0;
2.365;0;0;-10.6958;0;0;0;0;0;0;0;0;0;0;0;0;0;0;0;0;-0;-0;0;0;0;
2.36604;0;0;-10.6958;0;0;0;0;0;0;0;0;0;0;0;0;0;0;0;0;-0;-0;0;0;0;
2.36701;0;0;-10.6958;0;0;0;0;0;0;0;0;0;0;0;0;0;0;0;0;-0;-0;0;0;0;
2.36805;0;0;-10.6958;0;0;0;2.34702;1.1869;9.77846;-0.55556;0.153141;0.114757;0;0;0;0;0;0;-2.34702;-1.1869;-9.77846;-4.24762;62.8936;-6.61444;
2.36903;0;0;-10.6958;0;0;0;1.61221;-0.911676;6.85642;0.291229;0.303633;-0.0392707;0;0;0;0;0;0;-1.61221;0.911676;-6.85642;-3.83445;43.9066;6.75091;
2.37;0;0;-10.6958;0;0;0;1.5029;0.257764;5.89804;0.252346;0.422556;-0.0827685;0;0;0;0;0;0;-1.5029;-0.257764;-5.89804;-3.19553;37.5964;-0.82882;
2.37104;0;0;-10.6958;0;0;0;0;0;0;0;0;0;0;0;0;0;0;0;0;-0;-0;0;0;0;
2.37202;0;0;-10.6958;0;0;0;0;0;0;0;0;0;0;0;0;0;0;0;0;-0;-0;0;0;0;
2.37305;0;0;-10.6958;0;0;0;0;0;0;0;0;0;0;0;0;0;0;0;0;-0;-0;0;0;0;
2.37403;0;0;-10.6958;0;0;0;0;0;0;0;0;0;0;0;0;0;0;0;0;-0;-0;0;0;0;
2.375;0;0;-10.6958;0;0;0;0.0449948;0.00244711;0.175243;-0.010388;0.00267746;0.0026298;0;0;0;0;0;0;-0.0449948;-0.00244711;-0.175243;-0.0775841;1.12691;0.00418398;
2.37604;0;0;-10.6958;0;0;0;0;0;0;0;0;0;0;0;0;0;0;0;0;-0;-0;0;0;0;
2.37701;0;0;-10.6958;0;0;0;-3.09353;-10.3442;29.135;1.03796;-0.0744464;0.238211;0;0;0;0;0;0;3.09353;10.3442;-29.135;-16.7448;188.937;65.1485;
2.37805;0;0;-10.6958;0;0;0;0;0;0;0;0;0;0;0;0;0;0;0;0;-0;-0;0;0;0;
2.37903;0;0;-10.6958;0;0;0;0.525848;0.0375664;2.04931;0.0915747;-0.15469;-0.0206622;0;0;0;0;0;0;-0.525848;-0.0375664;-2.04931;-1.11943;13.3642;0.0422605;
2.38;0;0;-10.6958;0;0;0;0.826162;-0.291303;3.33473;0.134663;0.201776;-0.0131599;0;0;0;0;0;0;-0.826162;0.291303;-3.33473;-1.84267;21.2963;2.31426;
2.38104;0;0;-10.6958;0;0;0;0;0;0;0;0;0;0;0;0;0;0;0;0;-0;-0;0;0;0;
2.38201;0;0;-10.6958;0;0;0;0;0;0;0;0;0;0;0;0;0;0;0;0;-0;-0;0;0;0;
2.38305;0;0;-10.6958;0;0;0;0.327757;-0.166856;1.3667;0.051057;0.0985843;-0.000208468;0;0;0;0;0;0;-0.327757;0.166856;-1.3667;-0.755836;8.71323;1.24503;
2.38403;0;0;-10.6958;0;0;0;0;0;0;0;0;0;0;0;0;0;0;0;0;-0;-0;0;0;0;
2.385;0;0;-10.6958;0;0;0;1.62315;4.63707;23.6808;-0.513865;-0.242625;-0.0912281;0;0;0;0;0;0;-1.62315;-4.63707;-23.6808;-10.941;153.333;-29.1011;
2.38604;0;0;-10.6958;0;0;0;0;0;0;0;0;0;0;0;0;0;0;0;0;-0;-0;0;0;0;
2.38701;0;0;-10.6958;0;0;0;0;0;0;0;0;0;0;0;0;0;0;0;0;-0;-0;0;0;0;
2.38805;0;0;-10.6958;0;0;0;-0.509468;12.4914;45.4763;-1.39588;0.139154;-0.260833;0;0;0;0;0;0;0.509468;-12.4914;-45.4763;-20.2412;294.218;-80.8355;
2.38902;0;0;-10.6958;0;0;0;-3.24018;-2.31478;6.62864;0.394965;-0.356628;0.068527;0;0;0;0;0;0;3.24018;2.31478;-6.62864;-3.96461;43.5806;13.2808;
2.39;0;0;-10.6958;0;0;0;2.18134;0.572753;8.78606;-0.188851;-0.143785;0.0315178;0;0;0;0;0;0;-2.18134;-0.572753;-8.78606;-4.17652;56.7847;-2.64007;
2.39104;0;0;-10.6958;0;0;0;0.0271117;-0.0032724;0.105947;0.0046971;-0.00799689;-0.00144898;0;0;0;0;0;0;-0.0271117;0.0032724;-0.105947;-0.0583605;0.690923;0.0362749;
2.39201;0;0;-10.6958;0;0;0;0.709558;-0.890357;3.76229;0.126441;0.277697;0.0418715;0;0;0;0;0;0;-0.709558;0.890357;-3.76229;-2.10992;23.9991;6.0774;
2.39305;0;0;-10.6958;0;0;0;0;0;0;0;0;0;0;0;0;0;0;0;0;-0;-0;0;0;0;
2.39403;0;0;-10.6958;0;0;0;-0.0270772;-0.898207;2.18996;0.1292;-0.127894;-0.0508579;0;0;0;0;0;0;0.0270772;0.898207;-2.18996;-1.32195;14.3033;5.8501;
2.395;0;0;-10.6958;0;0;0;5.75239;4.58251;27.7371;-0.542726;0.0366301;-0.0424413;0;0;0;0;0;0;-5.75239;-4.58251;-27.7371;-12.9596;178.89;-26.7181;
2.39604;0;0;-10.6958;0;0;0;6.99336;2.90276;31.9212;0.0690177;-0.662912;-0.202016;0;0;0;0;0;0;-6.99336;-2.90276;-31.9212;-15.8465;206.542;-15.0631;
2.39701;0;0;-10.6958;0;0;0;-2.61151;-3.66532;11.7956;0.707215;-0.665054;-0.0500814;0;0;0;0;0;0;2.61151;3.66532;-11.7956;-7.0137;77.2641;22.456;
2.39805;0;0;-10.6958;0;0;0;0;0;0;0;0;0;0;0;0;0;0;0;0;-0;-0;0;0;0;
2.39903;0;0;-10.6958;0;0;0;0;0;0;0;0;0;0;0;0;0;0;0;0;-0;-0;0;0;0;
2.4;0;0;-10.6958;0;0;0;0;0;0;0;0;0;0;0;0;0;0;0;0;-0;-0;0;0;0;
2.40104;0;0;-10.6958;0;0;0;1.07055;-0.376764;4.31204;0.165988;0.309851;-0.0141365;0;0;0;0;0;0;-1.07055;0.376764;-4.31204;-2.37458;27.4885;2.99134;
2.40201;0;0;-10.6958;0;0;0;0;0;0;0;0;0;0;0;0;0;0;0;0;-0;-0;0;0;0;
2.40305;0;0;-10.6958;0;0;0;0;0;0;0;0;0;0;0;0;0;0;0;0;-0;-0;0;0;0;
2.40402;0;0;-10.6958;0;0;0;0;0;0;0;0;0;0;0;0;0;0;0;0;-0;-0;0;0;0;
2.40505;0;0;-10.6958;0;0;0;0;0;0;0;0;0;0;0;0;0;0;0;0;-0;-0;0;0;0;
2.40603;0;0;-10.6958;0;0;0;0;0;0;0;0;0;0;0;0;0;0;0;0;-0;-0;0;0;0;
2.40706;0;0;-10.6958;0;0;0;0;0;0;0;0;0;0;0;0;0;0;0;0;-0;-0;0;0;0;
2.40804;0;0;-10.6958;0;0;0;0;0;0;0;0;0;0;0;0;0;0;0;0;-0;-0;0;0;0;
2.40901;0;0;-10.6958;0;0;0;0;0;0;0;0;0;0;0;0;0;0;0;0;-0;-0;0;0;0;
2.41005;0;0;-10.6958;0;0;0;0;0;0;0;0;0;0;0;0;0;0;0;0;-0;-0;0;0;0;
2.41102;0;0;-10.6958;0;0;0;0.231449;-0.172228;1.03173;-0.0654383;0.0165307;0.0174394;0;0;0;0;0;0;-0.231449;0.172228;-1.03173;-0.471257;6.63716;1.21367;
2.41206;0;0;-10.6958;0;0;0;2.58204;-1.32104;10.7736;0.402301;0.777193;-0.00111919;0;0;0;0;0;0;-2.58204;1.32104;-10.7736;-5.95862;68.6858;9.8502;
2.41303;0;0;-10.6958;0;0;0;2.91325;-1.54724;20.5253;0.100135;0.338029;0.0320629;0;0;0;0;0;0;-2.91325;1.54724;-20.5253;-10.5883;132.201;11.4477;
2.41401;0;0;-10.6958;0;0;0;0;0;0;0;0;0;0;0;0;0;0;0;0;-0;-0;0;0;0;
2.41505;0;0;-10.6958;0;0;0;0;0;0;0;0;0;0;0;0;0;0;0;0;-0;-0;0;0;0;
2.41602;0;0;-10.6958;0;0;0;1.75213;10.7247;29.0151;-1.48329;0.573959;-0.122578;0;0;0;0;0;0;-1.75213;-10.7247;-29.0151;-12.0448;187.025;-68.4018;
2.41706;0;0;-10.6958;0;0;0;0.956589;2.54484;7.9379;-0.414723;0.146085;0.00314404;0;0;0;0;0;0;-0.956589;-2.54484;-7.9379;-3.32541;51.1289;-15.9908;
2.41803;0;0;-10.6958;0;0;0;-1.10334;-1.25809;36.6044;-0.229934;-0.149724;0.149601;0;0;0;0;0;0;1.10334;1.25809;-36.6044;-18.3235;237.151;7.43684;
2.41901;0;0;-10.6958;0;0;0;0;0;0;0;0;0;0;0;0;0;0;0;0;-0;-0;0;0;0;
2.42004;0;0;-10.6958;0;0;0;0.337433;-0.128729;1.36698;0.0523178;0.0982899;-0.00365842;0;0;0;0;0;0;-0.337433;0.128729;-1.36698;-0.753406;8.71434;1.00661;
2.42102;0;0;-10.6958;0;0;0;0;0;0;0;0;0;0;0;0;0;0;0;0;-0;-0;0;0;0;
2.42206;0;0;-10.6958;0;0;0;0;0;0;0;0;0;0;0;0;0;0;0;0;-0;-0;0;0;0;
2.42303;0;0;-10.6958;0;0;0;3.88335;-2.93043;17.901;0.456077;-0.121833;-0.046014;0;0;0;0;0;0;-3.88335;2.93043;-17.901;-9.7622;115.58;20.9656;
2.42401;0;0;-10.6958;0;0;0;4.69857;-1.79922;19.0626;0.325423;0.950881;0.0227644;0;0;0;0;0;0;-4.69857;1.79922;-19.0626;-10.1026;121.942;13.9864;
2.42504;0;0;-10.6958;0;0;0;-7.11571;-0.237575;25.1299;-0.173815;-0.587894;0.0604331;0;0;0;0;0;0;7.11571;0.237575;-25.1299;-12.5006;163.935;-2.10504;
2.42602;0;0;-10.6958;0;0;0;2.05816;-4.4577;14.8836;0.644025;0.27478;0.0185887;0;0;0;0;0;0;-2.05816;4.4577;-14.8836;-8.58471;95.8391;29.8661;
2.42706;0;0;-10.6958;0;0;0;0;0;0;0;0;0;0;0;0;0;0;0;0;-0;-0;0;0;0;
2.42803;0;0;-10.6958;0;0;0;7.24146;10.4991;41.1538;-1.35596;1.17711;-0.0642886;0;0;0;0;0;0;-7.24146;-10.4991;-41.1538;-18.3056;264.427;-64.2365;
2.42901;0;0;-10.6958;0;0;0;0.155451;-0.387081;8.89084;-0.0934311;-0.109139;0.0562362;0;0;0;0;0;0;-0.155451;0.387081;-8.89084;-4.42121;57.6317;2.52706;
2.43004;0;0;-10.6958;0;0;0;-0.963683;-8.42643;21.7833;0.979319;0.115058;0.140119;0;0;0;0;0;0;0.963683;8.42643;-21.7833;-12.7924;140.955;53.9074;
2.43102;0;0;-10.6958;0;0;0;1.7906;5.24081;17.7049;-0.71266;0.143065;-0.0818916;0;0;0;0;0;0;-1.7906;-5.24081;-17.7049;-7.67319;114.256;-32.9333;
2.43206;0;0;-10.6958;0;0;0;1.88045;-1.69066;9.15311;0.435955;0.0449374;-0.0337733;0;0;0;0;0;0;-1.88045;1.69066;-9.15311;-5.21369;59.0015;11.9218;
2.43303;0;0;-10.6958;0;0;0;0;0;0;0;0;0;0;0;0;0;0;0;0;-0;-0;0;0;0;
2.43401;0;0;-10.6958;0;0;0;0;0;0;0;0;0;0;0;0;0;0;0;0;-0;-0;0;0;0;
2.43504;0;0;-10.6958;0;0;0;1.27771;-5.72241;17.6643;0.799891;0.104589;0.0496599;0;0;0;0;0;0;-1.27771;5.72241;-17.6643;-10.2676;114.084;37.6269;
2.43602;0;0;-10.6958;0;0;0;0;0;0;0;0;0;0;0;0;0;0;0;0;-0;-0;0;0;0;
2.43706;0;0;-10.6958;0;0;0;0;0;0;0;0;0;0;0;0;0;0;0;0;-0;-0;0;0;0;
2.43803;0;0;-10.6958;0;0;0;4.17554;1.66032;16.982;-0.760017;0.381953;0.147576;0;0;0;0;0;0;-4.17554;-1.66032;-16.982;-7.62195;109.1;-8.79055;
2.43901;0;0;-10.6958;0;0;0;0;0;0;0;0;0;0;0;0;0;0;0;0;-0;-0;0;0;0;
2.44004;0;0;-10.6958;0;0;0;0;0;0;0;0;0;0;0;0;0;0;0;0;-0;-0;0;0;0;
2.44102;0;0;-10.6958;0;0;0;0;0;0;0;0;0;0;0;0;0;0;0;0;-0;-0;0;0;0;
2.44206;0;0;-10.6958;0;0;0;0.672675;-0.485874;2.97836;0.107268;0.216201;0.011043;0;0;0;0;0;0;-0.672675;0.485874;-2.97836;-1.65545;18.991;3.47198;
2.44303;0;0;-10.6958;0;0;0;2.79728;-1.38779;11.6268;0.435406;0.838374;-0.00468451;0;0;0;0;0;0;-2.79728;1.38779;-11.6268;-6.42798;74.1247;10.3941;
2.44401;0;0;-10.6958;0;0;0;0;0;0;0;0;0;0;0;0;0;0;0;0;-0;-0;0;0;0;
2.44504;0;0;-10.6958;0;0;0;1.18653;10.6848;28.9975;-1.29354;0.420281;-0.197335;0;0;0;0;0;0;-1.18653;-10.6848;-28.9975;-12.2298;187.121;-68.3535;
2.44602;0;0;-10.6958;0;0;0;0;0;0;0;0;0;0;0;0;0;0;0;0;-0;-0;0;0;0;
2.44706;0;0;-10.6958;0;0;0;3.64664;-5.93733;22.7098;0.966328;0.536774;0.0806726;0;0;0;0;0;0;-3.64664;5.93733;-22.7098;-12.9956;146.066;40.1792;
2.44803;0;0;-10.6958;0;0;0;0;0;0;0;0;0;0;0;0;0;0;0;0;-0;-0;0;0;0;
2.44901;0;0;-10.6958;0;0;0;0;0;0;0;0;0;0;0;0;0;0;0;0;-0;-0;0;0;0;
2.45004;0;0;-10.6958;0;0;0;-7.63477;-6.1087;16.5394;0.982263;-0.894208;0.123155;0;0;0;0;0;0;7.63477;6.1087;-16.5394;-9.92251;108.698;35.5666;
2.45102;0;0;-10.6958;0;0;0;0;0;0;0;0;0;0;0;0;0;0;0;0;-0;-0;0;0;0;
2.45206;0;0;-10.6958;0;0;0;5.84429;-11.4065;41.2782;1.79176;0.723258;0.155682;0;0;0;0;0;0;-5.84429;11.4065;-41.2782;-23.7184;265.826;76.6051;
2.45303;0;0;-10.6958;0;0;0;0.499604;-0.190785;2.0241;0.0888198;-0.152649;-0.0363114;0;0;0;0;0;0;-0.499604;0.190785;-2.0241;-1.12695;13.2016;1.5225;
2.45401;0;0;-10.6958;0;0;0;4.82827;16.4269;50.0968;-2.28568;0.749659;-0.153967;0;0;0;0;0;0;-4.82827;-16.4269;-50.0968;-21.2819;322.972;-103.724;
2.45504;0;0;-10.6958;0;0;0;0;0;0;0;0;0;0;0;0;0;0;0;0;-0;-0;0;0;0;
2.45602;0;0;-10.6958;0;0;0;2.47469;1.15823;10.487;-0.16166;0.326338;-0.0188131;0;0;0;0;0;0;-2.47469;-1.15823;-10.487;-5.00116;67.2929;-6.23101;
2.45706;0;0;-10.6958;0;0;0;-3.79837;-1.50302;6.42569;0.27557;-0.446222;0.0585208;0;0;0;0;0;0;3.79837;1.50302;-6.42569;-3.66144;42.4127;7.75631;
2.45803;0;0;-10.6958;0;0;0;0;0;0;0;0;0;0;0;0;0;0;0;0;-0;-0;0;0;0;
2.45901;0;0;-10.6958;0;0;0;0.630619;-0.195529;3.1077;0.193755;-0.187948;-0.0511423;0;0;0;0;0;0;-0.630619;0.195529;-3.1077;-1.77786;20.2364;1.63399;
2.46004;0;0;-10.6958;0;0;0;3.22625;-6.32863;23.9168;0.850183;0.240787;0.158873;0;0;0;0;0;0;-3.22625;6.32863;-23.9168;-13.5264;154.215;42.4217;
2.46102;0;0;-10.6958;0;0;0;7.32059;0.0567834;28.5749;0.480461;0.451828;-0.169656;0;0;0;0;0;0;-7.32059;-0.0567834;-28.5749;-14.8596;183.738;3.48743;
2.46206;0;0;-10.6958;0;0;0;0;0;0;0;0;0;0;0;0;0;0;0;0;-0;-0;0;0;0;
2.46303;0;0;-10.6958;0;0;0;0;0;0;0;0;0;0;0;0;0;0;0;0;-0;-0;0;0;0;
2.46401;0;0;-10.6958;0;0;0;0;0;0;0;0;0;0;0;0;0;0;0;0;-0;-0;0;0;0;
2.46504;0;0;-10.6958;0;0;0;0;0;0;0;0;0;0;0;0;0;0;0;0;-0;-0;0;0;0;
2.46602;0;0;-10.6958;0;0;0;1.05546;-0.523251;6.22389;0.386766;-0.374414;-0.0970659;0;0;0;0;0;0;-1.05546;0.523251;-6.22389;-3.57255;40.5469;4.01467;
2.46705;0;0;-10.6958;0;0;0;-6.51813;-3.16207;11.5644;0.49268;-0.80533;0.0574907;0;0;0;0;0;0;6.51813;3.16207;-11.5644;-6.63223;76.3009;17.1249;
2.46803;0;0;-10.6958;0;0;0;0;0;0;0;0;0;0;0;0;0;0;0;0;-0;-0;0;0;0;
2.46901;0;0;-10.6958;0;0;0;0.591373;2.0431;6.00015;-0.31074;0.113447;-0.00800328;0;0;0;0;0;0;-0.591373;-2.0431;-6.00015;-2.50438;38.6578;-12.9165;
2.47004;0;0;-10.6958;0;0;0;0.337865;0.0690564;1.88583;-0.110807;0.0321702;0.0186741;0;0;0;0;0;0;-0.337865;-0.0690564;-1.88583;-0.831598;12.1382;-0.295496;
2.47102;0;0;-10.6958;0;0;0;-1.76223;-4.75232;49.2599;0.159638;-0.0608226;0.148255;0;0;0;0;0;0;1.76223;4.75232;-49.2599;-25.4354;319.029;29.7198;
2.47205;0;0;-10.6958;0;0;0;-1.62429;-1.15295;28.3534;0.0729277;-0.513921;-0.183601;0;0;0;0;0;0;1.62429;1.15295;-28.3534;-14.4622;184.169;6.82739;
2.47303;0;0;-10.6958;0;0;0;0.460481;-0.212179;1.89786;0.0715439;0.136724;-0.00207318;0;0;0;0;0;0;-0.460481;0.212179;-1.89786;-1.04828;12.0992;1.60703;
2.47401;0;0;-10.6958;0;0;0;0;0;0;0;0;0;0;0;0;0;0;0;0;-0;-0;0;0;0;
2.47504;0;0;-10.6958;0;0;0;0;0;0;0;0;0;0;0;0;0;0;0;0;-0;-0;0;0;0;
2.47602;0;0;-10.6958;0;0;0;-15.7235;2.74034;59.9219;-0.303004;-0.55823;-0.0451425;0;0;0;0;0;0;15.7235;-2.74034;-59.9219;-29.5868;389.93;-25.6046;
2.47705;0;0;-10.6958;0;0;0;0;0;0;0;0;0;0;0;0;0;0;0;0;-0;-0;0;0;0;
2.47803;0;0;-10.6958;0;0;0;2.77512;5.03494;17.8285;-0.947064;0.313761;0.0588072;0;0;0;0;0;0;-2.77512;-5.03494;-17.8285;-7.52178;114.786;-31.246;
2.47901;0;0;-10.6958;0;0;0;0;0;0;0;0;0;0;0;0;0;0;0;0;-0;-0;0;0;0;
2.48004;0;0;-10.6958;0;0;0;0;0;0;0;0;0;0;0;0;0;0;0;0;-0;-0;0;0;0;
2.48102;0;0;-10.6958;0;0;0;6.92929;1.31865;27.7067;-0.36263;-0.353038;0.0377599;0;0;0;0;0;0;-6.92929;-1.31865;-27.7067;-13.4527;178.963;-5.08326;
2.48205;0;0;-10.6958;0;0;0;1.59089;5.59595;16.3765;-0.847666;0.310171;-0.0236414;0;0;0;0;0;0;-1.59089;-5.59595;-16.3765;-6.83382;105.512;-35.3903;
2.48303;0;0;-10.6958;0;0;0;3.23024;1.41166;13.2572;-0.25303;0.485449;0.00684182;0;0;0;0;0;0;-3.23024;-1.41166;-13.2572;-6.27887;84.9853;-7.51644;
2.48401;0;0;-10.6958;0;0;0;0;0;0;0;0;0;0;0;0;0;0;0;0;-0;-0;0;0;0;
2.48504;0;0;-10.6958;0;0;0;0;0;0;0;0;0;0;0;0;0;0;0;0;-0;-0;0;0;0;
2.48602;0;0;-10.6958;0;0;0;-5.09217;-3.45973;10.1808;0.607529;-0.546645;0.118104;0;0;0;0;0;0;5.09217;3.45973;-10.1808;-6.08052;66.945;19.7084;
2.48705;0;0;-10.6958;0;0;0;0.561693;-0.170478;2.24314;0.0871893;0.161028;-0.00959456;0;0;0;0;0;0;-0.561693;0.170478;-2.24314;-1.23355;14.2992;1.39562;
2.48803;0;0;-10.6958;0;0;0;0.262596;-0.133018;1.09429;0.0676055;-0.0665727;-0.0243155;0;0;0;0;0;0;-0.262596;0.133018;-1.09429;-0.631858;7.122;1.01735;
2.48901;0;0;-10.6958;0;0;0;0.399773;-0.181685;1.64525;-0.102219;0.0256577;0.0276712;0;0;0;0;0;0;-0.399773;0.181685;-1.64525;-0.744284;10.5815;1.34938;
2.49004;0;0;-10.6958;0;0;0;0.341292;-0.0344575;1.33202;0.0590991;-0.100545;-0.0177434;0;0;0;0;0;0;-0.341292;0.0344575;-1.33202;-0.733119;8.68656;0.412549;
2.49102;0;0;-10.6958;0;0;0;0.0389144;-0.0187923;0.161228;0.00704912;-0.0121531;-0.00311792;0;0;0;0;0;0;-0.0389144;0.0187923;-0.161228;-0.0901024;1.05164;0.144324;
2.49205;0;0;-10.6958;0;0;0;2.08925;5.93146;18.1946;-0.948325;0.337218;-0.00103891;0;0;0;0;0;0;-2.08925;-5.93146;-18.1946;-7.61469;117.201;-37.3332;
2.49303;0;0;-10.6958;0;0;0;0;0;0;0;0;0;0;0;0;0;0;0;0;-0;-0;0;0;0;
2.49401;0;0;-10.6958;0;0;0;0;0;0;0;0;0;0;0;0;0;0;0;0;-0;-0;0;0;0;
2.49504;0;0;-10.6958;0;0;0;0;0;0;0;0;0;0;0;0;0;0;0;0;-0;-0;0;0;0;
2.49602;0;0;-10.6958;0;0;0;1.40451;3.86562;11.9509;-0.623594;0.220755;0.00188205;0;0;0;0;0;0;-1.40451;-3.86562;-11.9509;-5.00398;76.9795;-24.3116;
2.49705;0;0;-10.6958;0;0;0;1.45418;-2.61737;10.326;0.210068;0.0363414;0.0707687;0;0;0;0;0;0;-1.45418;2.61737;-10.326;-5.67145;66.6433;17.5999;
2.49803;0;0;-10.6958;0;0;0;0;0;0;0;0;0;0;0;0;0;0;0;0;-0;-0;0;0;0;
2.49901;0;0;-10.6958;0;0;0;0;0;0;0;0;0;0;0;0;0;0;0;0;-0;-0;0;0;0;
2.50004;0;0;-10.6958;0;0;0;2.28283;-0.108212;18.6874;-0.15683;-0.508633;-0.00410191;0;0;0;0;0;0;-2.28283;0.108212;-18.6874;-9.26151;121.217;1.85361;
2.50102;0;0;-10.6958;0;0;0;0;0;0;0;0;0;0;0;0;0;0;0;0;-0;-0;0;0;0;
2.50205;0;0;-10.6958;0;0;0;0;0;0;0;0;0;0;0;0;0;0;0;0;-0;-0;0;0;0;
2.50303;0;0;-10.6958;0;0;0;-1.39699;4.75159;57.728;-0.691876;-0.472606;-0.0898695;0;0;0;0;0;0;1.39699;-4.75159;-57.728;-27.8914;374.206;-31.3638;
2.504;0;0;-10.6958;0;0;0;0;0;0;0;0;0;0;0;0;0;0;0;0;-0;-0;0;0;0;
2.50504;0;0;-10.6958;0;0;0;0;0;0;0;0;0;0;0;0;0;0;0;0;-0;-0;0;0;0;
2.50602;0;0;-10.6958;0;0;0;1.8773;4.59193;14.6639;-0.768626;0.267347;0.0146827;0;0;0;0;0;0;-1.8773;-4.59193;-14.6639;-6.15171;94.4431;-28.7868;
2.50705;0;0;-10.6958;0;0;0;0;0;0;0;0;0;0;0;0;0;0;0;0;-0;-0;0;0;0;
2.50803;0;0;-10.6958;0;0;0;0;0;0;0;0;0;0;0;0;0;0;0;0;-0;-0;0;0;0;
2.509;0;0;-10.6958;0;0;0;0;0;0;0;0;0;0;0;0;0;0;0;0;-0;-0;0;0;0;
2.51004;0;0;-10.6958;0;0;0;4.29925;-1.05493;17.0254;0.182158;0.947813;0.0176599;0;0;0;0;0;0;-4.29925;1.05493;-17.0254;-8.85901;108.801;8.97375;
2.51102;0;0;-10.6958;0;0;0;0;0;0;0;0;0;0;0;0;0;0;0;0;-0;-0;0;0;0;
2.51205;0;0;-10.6958;0;0;0;0;0;0;0;0;0;0;0;0;0;0;0;0;-0;-0;0;0;0;
2.51303;0;0;-10.6958;0;0;0;0;0;0;0;0;0;0;0;0;0;0;0;0;-0;-0;0;0;0;
2.51401;0;0;-10.6958;0;0;0;3.3267;-1.95502;14.2562;0.737139;-0.135956;-0.158363;0;0;0;0;0;0;-3.3267;1.95502;-14.2562;-8.11045;92.0619;14.4852;
2.51504;0;0;-10.6958;0;0;0;0;0;0;0;0;0;0;0;0;0;0;0;0;-0;-0;0;0;0;
2.51602;0;0;-10.6958;0;0;0;0.0213128;0.00308277;0.0834383;-0.00490199;0.00127746;0.00120493;0;0;0;0;0;0;-0.0213128;-0.00308277;-0.0834383;-0.036792;0.536559;-0.0104262;
2.51705;0;0;-10.6958;0;0;0;-5.96896;-1.54717;74.6886;0.607206;-1.37117;-0.566634;0;0;0;0;0;0;5.96896;1.54717;-74.6886;-38.362;485.326;7.57445;
2.51803;0;0;-10.6958;0;0;0;0;0;0;0;0;0;0;0;0;0;0;0;0;-0;-0;0;0;0;
2.51901;0;0;-10.6958;0;0;0;3.48749;-10.1755;34.4749;1.21436;0.243268;0.239043;0;0;0;0;0;0;-3.48749;10.1755;-34.4749;-19.5925;222.514;67.3683;
2.52004;0;0;-10.6958;0;0;0;1.0074;0.0746501;3.92645;-0.232294;0.0600123;0.0584582;0;0;0;0;0;0;-1.0074;-0.0746501;-3.92645;-1.73683;25.2491;-0.0344237;
2.52102;0;0;-10.6958;0;0;0;-2.11162;-6.2449;15.5255;0.732016;-0.0660879;0.108969;0;0;0;0;0;0;2.11162;6.2449;-15.5255;-9.17563;100.753;39.2424;
2.52205;0;0;-10.6958;0;0;0;1.32186;2.40924;8.51542;-0.452246;0.149937;0.0277817;0;0;0;0;0;0;-1.32186;-2.40924;-8.51542;-3.59231;54.8255;-14.9539;
2.52303;0;0;-10.6958;0;0;0;1.12615;-0.522029;4.6444;0.174992;0.334602;-0.00482193;0;0;0;0;0;0;-1.12615;0.522029;-4.6444;-2.56553;29.6088;3.9501;
2.52401;0;0;-10.6958;0;0;0;0;0;0;0;0;0;0;0;0;0;0;0;0;-0;-0;0;0;0;
2.52504;0;0;-10.6958;0;0;0;0;0;0;0;0;0;0;0;0;0;0;0;0;-0;-0;0;0;0;
2.52602;0;0;-10.6958;0;0;0;0.784025;1.71077;5.66163;-0.298186;0.101867;0.0105119;0;0;0;0;0;0;-0.784025;-1.71077;-5.66163;-2.37996;36.4591;-10.6872;
2.52705;0;0;-10.6958;0;0;0;0;0;0;0;0;0;0;0;0;0;0;0;0;-0;-0;0;0;0;
2.52803;0;0;-10.6958;0;0;0;0;0;0;0;0;0;0;0;0;0;0;0;0;-0;-0;0;0;0;
2.52901;0;0;-10.6958;0;0;0;-2.20377;-3.77152;10.4803;0.62337;-0.592048;-0.0819787;0;0;0;0;0;0;2.20377;3.77152;-10.4803;-6.27848;68.6378;23.3803;
2.53004;0;0;-10.6958;0;0;0;0.0635115;-0.0218264;0.255423;0.015869;-0.0155605;-0.00527554;0;0;0;0;0;0;-0.0635115;0.0218264;-0.255423;-0.146647;1.66217;0.1785;
2.53102;0;0;-10.6958;0;0;0;0;0;0;0;0;0;0;0;0;0;0;0;0;-0;-0;0;0;0;
2.53205;0;0;-10.6958;0;0;0;0.272102;-0.130508;1.12647;0.0423155;0.0811909;-0.000814995;0;0;0;0;0;0;-0.272102;0.130508;-1.12647;-0.622516;7.18149;0.98239;
2.53303;0;0;-10.6958;0;0;0;-3.9614;0.332071;30.0844;-0.287577;-0.277471;0.0448381;0;0;0;0;0;0;3.9614;-0.332071;-30.0844;-14.824;195.37;-4.18809;
2.53401;0;0;-10.6958;0;0;0;2.66644;-0.294496;10.4128;0.461819;-0.785983;-0.140488;0;0;0;0;0;0;-2.66644;0.294496;-10.4128;-5.7334;67.9056;3.38867;
2.53504;0;0;-10.6958;0;0;0;-3.9314;6.30778;75.1599;-0.69284;0.505038;-0.132635;0;0;0;0;0;0;3.9314;-6.30778;-75.1599;-36.5095;486.294;-42.6678;
2.53602;0;0;-10.6958;0;0;0;5.55016;12.3248;40.5533;-2.13422;0.731171;0.069877;0;0;0;0;0;0;-5.55016;-12.3248;-40.5533;-17.0418;261.155;-77.0369;
2.53705;0;0;-10.6958;0;0;0;-2.44853;-4.39785;10.5398;0.523969;-0.162216;0.0762253;0;0;0;0;0;0;2.44853;4.39785;-10.5398;-6.272;68.6176;27.1522;
2.53803;0;0;-10.6958;0;0;0;0;0;0;0;0;0;0;0;0;0;0;0;0;-0;-0;0;0;0;
2.53901;0;0;-10.6958;0;0;0;3.95505;3.50368;18.4576;-1.01967;0.300024;0.161541;0;0;0;0;0;0;-3.95505;-3.50368;-18.4576;-7.91988;118.752;-20.8449;
2.54004;0;0;-10.6958;0;0;0;3.13583;-1.1422;12.6604;0.785993;-0.771159;-0.264253;0;0;0;0;0;0;-3.13583;1.1422;-12.6604;-7.27425;82.3888;9.23471;
2.54102;0;0;-10.6958;0;0;0;3.46585;-4.34243;23.3168;0.959032;-0.661638;-0.026764;0;0;0;0;0;0;-3.46585;4.34243;-23.3168;-13.1336;151.21;29.8739;
2.54205;0;0;-10.6958;0;0;0;0;0;0;0;0;0;0;0;0;0;0;0;0;-0;-0;0;0;0;
2.54303;0;0;-10.6958;0;0;0;1.95662;-2.89975;11.837;0.421188;0.244598;0.0712473;0;0;0;0;0;0;-1.95662;2.89975;-11.837;-6.67165;76.1631;19.6798;
2.54401;0;0;-10.6958;0;0;0;-5.12748;-5.66845;13.6421;0.80411;-0.748858;-0.00892931;0;0;0;0;0;0;5.12748;5.66845;-13.6421;-8.24163;89.5504;34.1116;
2.54504;0;0;-10.6958;0;0;0;0;0;0;0;0;0;0;0;0;0;0;0;0;-0;-0;0;0;0;
2.54602;0;0;-10.6958;0;0;0;0;0;0;0;0;0;0;0;0;0;0;0;0;-0;-0;0;0;0;
2.54705;0;0;-10.6958;0;0;0;-0.635717;-0.700018;2.12334;0.126916;-0.118125;-0.000945248;0;0;0;0;0;0;0.635717;0.700018;-2.12334;-1.26621;13.9234;4.21114;
2.54803;0;0;-10.6958;0;0;0;4.89717;-6.06671;26.2599;1.08338;0.832972;0.0743026;0;0;0;0;0;0;-4.89717;6.06671;-26.2599;-14.9129;168.618;41.6522;
2.54901;0;0;-10.6958;0;0;0;2.99207;3.8844;16.6213;-0.768379;0.240832;0.0530496;0;0;0;0;0;0;-2.99207;-3.8844;-16.6213;-7.20853;107.025;-23.685;
2.55004;0;0;-10.6958;0;0;0;2.767;-0.927656;11.111;-0.683456;0.171749;0.184543;0;0;0;0;0;0;-2.767;0.927656;-11.111;-5.00324;71.4557;7.21182;
2.55102;0;0;-10.6958;0;0;0;5.10918;9.82073;34.1082;-1.22876;0.924086;-0.0881796;0;0;0;0;0;0;-5.10918;-9.82073;-34.1082;-14.9545;219.297;-60.8954;
2.55205;0;0;-10.6958;0;0;0;0;0;0;0;0;0;0;0;0;0;0;0;0;-0;-0;0;0;0;
2.55303;0;0;-10.6958;0;0;0;0;0;0;0;0;0;0;0;0;0;0;0;0;-0;-0;0;0;0;
2.55401;0;0;-10.6958;0;0;0;0;0;0;0;0;0;0;0;0;0;0;0;0;-0;-0;0;0;0;
2.55504;0;0;-10.6958;0;0;0;0;0;0;0;0;0;0;0;0;0;0;0;0;-0;-0;0;0;0;
2.55602;0;0;-10.6958;0;0;0;0;0;0;0;0;0;0;0;0;0;0;0;0;-0;-0;0;0;0;
2.55705;0;0;-10.6958;0;0;0;2.30548;-2.92713;12.8768;0.46641;0.221524;0.0521487;0;0;0;0;0;0;-2.30548;2.92713;-12.8768;-7.24307;82.88;20.0516;
2.55803;0;0;-10.6958;0;0;0;2.66605;-18.2586;65.3837;1.83737;0.130038;0.415973;0;0;0;0;0;0;-2.66605;18.2586;-65.3837;-36.5882;422.738;119.088;
2.55901;0;0;-10.6958;0;0;0;0;0;0;0;0;0;0;0;0;0;0;0;0;-0;-0;0;0;0;
2.56004;0;0;-10.6958;0;0;0;1.15901;10.1987;26.785;-1.36243;0.540413;-0.146815;0;0;0;0;0;0;-1.15901;-10.1987;-26.785;-11.0962;172.684;-65.2711;
2.56102;0;0;-10.6958;0;0;0;1.26889;-8.74556;36.181;1.25404;0.135001;0.105417;0;0;0;0;0;0;-1.26889;8.74556;-36.181;-20.3474;233.886;57.131;
2.56205;0;0;-10.6958;0;0;0;0;0;0;0;0;0;0;0;0;0;0;0;0;-0;-0;0;0;0;
2.56303;0;0;-10.6958;0;0;0;0;0;0;0;0;0;0;0;0;0;0;0;0;-0;-0;0;0;0;
2.564;0;0;-10.6958;0;0;0;0.155327;-0.507176;1.50672;0.0457121;0.115427;0.0341411;0;0;0;0;0;0;-0.155327;0.507176;-1.50672;-0.855209;9.61984;3.32628;
2.56504;0;0;-10.6958;0;0;0;4.61801;3.14027;20.1864;-1.13104;0.321406;0.208747;0;0;0;0;0;0;-4.61801;-3.14027;-20.1864;-8.71538;129.852;-18.2065;
2.56601;0;0;-10.6958;0;0;0;0;0;0;0;0;0;0;0;0;0;0;0;0;-0;-0;0;0;0;
2.56705;0;0;-10.6958;0;0;0;0;0;0;0;0;0;0;0;0;0;0;0;0;-0;-0;0;0;0;
2.56802;0;0;-10.6958;0;0;0;-6.7273;12.7077;56.9472;-1.44024;-0.220332;-0.231079;0;0;0;0;0;0;6.7273;-12.7077;-56.9472;-25.9502;369.435;-85.3943;
2.569;0;0;-10.6958;0;0;0;-7.50337;-0.935947;44.9833;0.312768;-0.623725;-0.0570298;0;0;0;0;0;0;7.50337;0.935947;-44.9833;-23.0522;292.491;2.33677;
2.57004;0;0;-10.6958;0;0;0;0.418222;1.15725;3.57284;-0.186392;0.0660386;0.000428153;0;0;0;0;0;0;-0.418222;-1.15725;-3.57284;-1.49589;23.0138;-7.27915;
2.57101;0;0;-10.6958;0;0;0;2.61286;-1.5891;11.1861;-0.703105;0.176868;0.189357;0;0;0;0;0;0;-2.61286;1.5891;-11.1861;-5.08793;71.9525;11.41;
2.57205;0;0;-10.6958;0;0;0;-6.42775;-0.636241;38.7036;0.281066;-0.754534;-0.101436;0;0;0;0;0;0;6.42775;0.636241;-38.7036;-19.829;251.874;0.983088;
2.57302;0;0;-10.6958;0;0;0;-7.10349;0.936816;36.812;0.0793203;-0.561497;-0.0793483;0;0;0;0;0;0;7.10349;-0.936816;-36.812;-18.5169;239.508;-9.55934;
2.574;0;0;-10.6958;0;0;0;0;0;0;0;0;0;0;0;0;0;0;0;0;-0;-0;0;0;0;
2.57504;0;0;-10.6958;0;0;0;0;0;0;0;0;0;0;0;0;0;0;0;0;-0;-0;0;0;0;
2.57601;0;0;-10.6958;0;0;0;-7.30851;8.32746;50.6851;-1.32603;-0.211759;-0.0637194;0;0;0;0;0;0;7.30851;-8.32746;-50.6851;-23.3524;328.959;-57.5073;
2.57705;0;0;-10.6958;0;0;0;0;0;0;0;0;0;0;0;0;0;0;0;0;-0;-0;0;0;0;
2.57802;0;0;-10.6958;0;0;0;0.990509;2.24273;7.33329;-0.385613;0.132516;0.0115577;0;0;0;0;0;0;-0.990509;-2.24273;-7.33329;-3.08061;47.2259;-14.0269;
2.579;0;0;-10.6958;0;0;0;1.89303;-0.987276;7.91846;0.295168;0.571375;0.000674728;0;0;0;0;0;0;-1.89303;0.987276;-7.91846;-4.3807;50.4832;7.34154;
2.58004;0;0;-10.6958;0;0;0;0;0;0;0;0;0;0;0;0;0;0;0;0;-0;-0;0;0;0;
2.58101;0;0;-10.6958;0;0;0;0;0;0;0;0;0;0;0;0;0;0;0;0;-0;-0;0;0;0;
2.58205;0;0;-10.6958;0;0;0;1.56867;-0.80016;6.54274;0.244399;0.471964;-0.000876226;0;0;0;0;0;0;-1.56867;0.80016;-6.54274;-3.61857;41.7122;5.96887;
2.58302;0;0;-10.6958;0;0;0;0;0;0;0;0;0;0;0;0;0;0;0;0;-0;-0;0;0;0;
2.584;0;0;-10.6958;0;0;0;0.605743;2.65917;7.49427;-0.385656;0.144747;-0.0201885;0;0;0;0;0;0;-0.605743;-2.65917;-7.49427;-3.11974;48.2941;-16.8839;
2.58504;0;0;-10.6958;0;0;0;0.984653;2.21514;7.25807;-0.381762;0.131057;0.0117929;0;0;0;0;0;0;-0.984653;-2.21514;-7.25807;-3.04937;46.7411;-13.8516;
2.58601;0;0;-10.6958;0;0;0;0.88746;4.04718;11.3511;-0.562514;0.231621;-0.0393813;0;0;0;0;0;0;-0.88746;-4.04718;-11.3511;-4.74493;73.1386;-25.7055;
2.58705;0;0;-10.6958;0;0;0;0.840508;-0.494173;3.5782;0.22049;-0.21751;-0.0818319;0;0;0;0;0;0;-0.840508;0.494173;-3.5782;-2.07149;23.2896;3.70303;
2.58802;0;0;-10.6958;0;0;0;0;0;0;0;0;0;0;0;0;0;0;0;0;-0;-0;0;0;0;
2.589;0;0;-10.6958;0;0;0;0;0;0;0;0;0;0;0;0;0;0;0;0;-0;-0;0;0;0;
2.59004;0;0;-10.6958;0;0;0;2.19415;-5.99838;24.2046;1.25795;-0.514893;-0.10493;0;0;0;0;0;0;-2.19415;5.99838;-24.2046;-14.046;156.936;40.0284;
2.59101;0;0;-10.6958;0;0;0;0.762106;-1.37647;5.30683;0.182145;0.166932;0.0612278;0;0;0;0;0;0;-0.762106;1.37647;-5.30683;-2.99208;34.1;9.23036;
2.59205;0;0;-10.6958;0;0;0;2.88733;-1.40518;11.9846;0.458276;0.813148;-0.0111342;0;0;0;0;0;0;-2.88733;1.40518;-11.9846;-6.63279;76.4558;10.5584;
2.59302;0;0;-10.6958;0;0;0;0.648801;2.83627;7.99839;-0.411639;0.154426;-0.0213694;0;0;0;0;0;0;-0.648801;-2.83627;-7.99839;-3.32974;51.5425;-18.0071;
2.594;0;0;-10.6958;0;0;0;0;0;0;0;0;0;0;0;0;0;0;0;0;-0;-0;0;0;0;
2.59504;0;0;-10.6958;0;0;0;0;0;0;0;0;0;0;0;0;0;0;0;0;-0;-0;0;0;0;
2.59601;0;0;-10.6958;0;0;0;2.64388;4.62682;16.6272;-0.88483;0.291321;0.0596311;0;0;0;0;0;0;-2.64388;-4.62682;-16.6272;-7.02041;107.047;-28.6715;
2.59705;0;0;-10.6958;0;0;0;0;0;0;0;0;0;0;0;0;0;0;0;0;-0;-0;0;0;0;
2.59803;0;0;-10.6958;0;0;0;0;0;0;0;0;0;0;0;0;0;0;0;0;-0;-0;0;0;0;
2.599;0;0;-10.6958;0;0;0;4.6542;-4.30261;22.0033;0.769157;1.60754;0.15165;0;0;0;0;0;0;-4.6542;4.30261;-22.0033;-12.2786;140.321;30.036;
2.60004;0;0;-10.6958;0;0;0;-3.18936;4.87181;34.5265;-0.555572;-0.121945;-0.0917753;0;0;0;0;0;0;3.18936;-4.87181;-34.5265;-16.3359;223.883;-33.0421;
2.60101;0;0;-10.6958;0;0;0;0;0;0;0;0;0;0;0;0;0;0;0;0;-0;-0;0;0;0;
2.60205;0;0;-10.6958;0;0;0;0;0;0;0;0;0;0;0;0;0;0;0;0;-0;-0;0;0;0;
2.60303;0;0;-10.6958;0;0;0;0;0;0;0;0;0;0;0;0;0;0;0;0;-0;-0;0;0;0;
2.604;0;0;-10.6958;0;0;0;-4.84265;5.19788;75.116;-0.833028;-0.624201;-0.0896146;0;0;0;0;0;0;4.84265;-5.19788;-75.116;-36.459;487.229;-35.9867;
2.60504;0;0;-10.6958;0;0;0;-7.66883;1.71807;43.3908;-0.111094;-0.524709;-0.167142;0;0;0;0;0;0;7.66883;-1.71807;-43.3908;-21.5599;282.102;-14.8121;
2.60601;0;0;-10.6958;0;0;0;-9.04542;-12.4909;37.7497;1.41257;-0.887566;0.254291;0;0;0;0;0;0;9.04542;12.4909;-37.7497;-21.6722;246.097;76.0277;
2.60705;0;0;-10.6958;0;0;0;0;0;0;0;0;0;0;0;0;0;0;0;0;-0;-0;0;0;0;
2.60802;0;0;-10.6958;0;0;0;2.48485;8.07666;35.2132;-0.86335;0.355428;-0.193563;0;0;0;0;0;0;-2.48485;-8.07666;-35.2132;-16.0516;227.28;-50.8241;
2.609;0;0;-10.6958;0;0;0;0.551155;-0.421708;2.5267;0.11683;0.0376233;-0.0089031;0;0;0;0;0;0;-0.551155;0.421708;-2.5267;-1.43121;16.2587;3.01547;
2.61004;0;0;-10.6958;0;0;0;3.02198;-0.547886;11.8723;-0.0217978;0.573524;0.033816;0;0;0;0;0;0;-3.02198;0.547886;-11.8723;-6.00999;75.9549;5.03318;
2.61101;0;0;-10.6958;0;0;0;5.29619;2.80377;22.1983;-1.25866;0.348431;0.256289;0;0;0;0;0;0;-5.29619;-2.80377;-22.1983;-9.63447;142.777;-15.7349;
2.61205;0;0;-10.6958;0;0;0;2.2689;-0.35188;8.89055;0.556295;-0.542183;-0.163428;0;0;0;0;0;0;-2.2689;0.35188;-8.89055;-5.06732;57.8498;3.58284;
2.61302;0;0;-10.6958;0;0;0;0.235541;-0.0489404;0.927972;0.0579466;-0.0565787;-0.0176922;0;0;0;0;0;0;-0.235541;0.0489404;-0.927972;-0.530023;6.03833;0.452988;
2.614;0;0;-10.6958;0;0;0;4.04415;4.21674;28.7177;-1.00537;-0.0152039;-0.00991741;0;0;0;0;0;0;-4.04415;-4.21674;-28.7177;-13.0277;185.457;-25.2431;
2.61504;0;0;-10.6958;0;0;0;0;0;0;0;0;0;0;0;0;0;0;0;0;-0;-0;0;0;0;
2.61601;0;0;-10.6958;0;0;0;-6.36223;2.40844;30.3487;-0.541157;-0.0340736;-0.115756;0;0;0;0;0;0;6.36223;-2.40844;-30.3487;-14.4948;197.077;-18.6735;
2.61705;0;0;-10.6958;0;0;0;0.00248123;-0.00178137;0.0109713;0.000395432;0.0007963;3.98627e-05;0;0;0;0;0;0;-0.00248123;0.00178137;-0.0109713;-0.00609765;0.0699556;0.0127374;
2.61802;0;0;-10.6958;0;0;0;0;0;0;0;0;0;0;0;0;0;0;0;0;-0;-0;0;0;0;
2.61906;0;0;-10.6958;0;0;0;0.534072;1.26481;4.07824;-0.214045;0.0740781;0.00505617;0;0;0;0;0;0;-0.534072;-1.26481;-4.07824;-1.71185;26.2648;-7.92152;
2.62004;0;0;-10.6958;0;0;0;0;0;0;0;0;0;0;0;0;0;0;0;0;-0;-0;0;0;0;
2.62101;0;0;-10.6958;0;0;0;0;0;0;0;0;0;0;0;0;0;0;0;0;-0;-0;0;0;0;
2.62205;0;0;-10.6958;0;0;0;0.94794;-0.274408;3.78737;0.173193;-0.192254;-0.055771;0;0;0;0;0;0;-0.94794;0.274408;-3.78737;-2.10741;24.6072;2.30883;
2.62302;0;0;-10.6958;0;0;0;0.00586712;0.000247303;0.0228431;0.00144044;-0.00139342;-0.000354883;0;0;0;0;0;0;-0.00586712;-0.000247303;-0.0228431;-0.0129152;0.148634;0.00170806;
2.62406;0;0;-10.6958;0;0;0;-9.55652;5.35106;56.2607;-0.707698;-0.294789;-0.0868869;0;0;0;0;0;0;9.55652;-5.35106;-56.2607;-27.077;365.35;-39.3537;
2.62504;0;0;-10.6958;0;0;0;0.222274;0.00477143;0.865073;-0.0514465;0.0132139;0.0131459;0;0;0;0;0;0;-0.222274;-0.00477143;-0.865073;-0.383567;5.56281;0.0678722;
2.62601;0;0;-10.6958;0;0;0;-2.63764;2.91234;42.0553;-0.436732;-0.00298782;-0.0657259;0;0;0;0;0;0;2.63764;-2.91234;-42.0553;-20.4419;272.432;-20.1095;
2.62705;0;0;-10.6958;0;0;0;0;0;0;0;0;0;0;0;0;0;0;0;0;-0;-0;0;0;0;
2.62802;0;0;-10.6958;0;0;0;0;0;0;0;0;0;0;0;0;0;0;0;0;-0;-0;0;0;0;
2.62906;0;0;-10.6958;0;0;0;3.69239;6.14459;23.425;-1.09122;0.270076;0.0361793;0;0;0;0;0;0;-3.69239;-6.14459;-23.425;-10.0836;150.955;-37.9424;
2.63003;0;0;-10.6958;0;0;0;4.50942;6.55471;26.193;-0.839094;0.629102;-0.0516849;0;0;0;0;0;0;-4.50942;-6.55471;-26.193;-11.688;168.427;-40.0974;
2.63101;0;0;-10.6958;0;0;0;-6.75527;-7.14091;17.4046;1.02676;-0.953343;0.00737228;0;0;0;0;0;0;6.75527;7.14091;-17.4046;-10.5065;114.267;42.8047;
2.63205;0;0;-10.6958;0;0;0;0.658803;3.16204;8.79998;-0.451941;0.171174;-0.0276727;0;0;0;0;0;0;-0.658803;-3.16204;-8.79998;-3.66024;56.7122;-20.104;
2.63302;0;0;-10.6958;0;0;0;0.521097;-0.431153;2.51724;0.113761;0.0453544;0.000293717;0;0;0;0;0;0;-0.521097;0.431153;-2.51724;-1.42433;16.1927;3.05227;
2.63406;0;0;-10.6958;0;0;0;0;0;0;0;0;0;0;0;0;0;0;0;0;-0;-0;0;0;0;
2.63503;0;0;-10.6958;0;0;0;1.49018;-0.368286;5.90222;0.039007;0.315066;0.0114166;0;0;0;0;0;0;-1.49018;0.368286;-5.90222;-3.04732;37.7317;3.12215;
2.63601;0;0;-10.6958;0;0;0;0;0;0;0;0;0;0;0;0;0;0;0;0;-0;-0;0;0;0;
2.63705;0;0;-10.6958;0;0;0;0;0;0;0;0;0;0;0;0;0;0;0;0;-0;-0;0;0;0;
2.63802;0;0;-10.6958;0;0;0;0;0;0;0;0;0;0;0;0;0;0;0;0;-0;-0;0;0;0;
2.63906;0;0;-10.6958;0;0;0;0;0;0;0;0;0;0;0;0;0;0;0;0;-0;-0;0;0;0;
2.64003;0;0;-10.6958;0;0;0;0.116571;-0.868374;2.44386;0.074519;0.142761;0.0594997;0;0;0;0;0;0;-0.116571;0.868374;-2.44386;-1.3921;15.6611;5.61892;
2.64101;0;0;-10.6958;0;0;0;0;0;0;0;0;0;0;0;0;0;0;0;0;-0;-0;0;0;0;
2.64205;0;0;-10.6958;0;0;0;0;0;0;0;0;0;0;0;0;0;0;0;0;-0;-0;0;0;0;
2.64302;0;0;-10.6958;0;0;0;2.65395;-0.328598;10.3734;-0.0928866;0.456857;0.0382086;0;0;0;0;0;0;-2.65395;0.328598;-10.3734;-5.16232;66.4084;3.42438;
2.64406;0;0;-10.6958;0;0;0;0;0;0;0;0;0;0;0;0;0;0;0;0;-0;-0;0;0;0;
2.64503;0;0;-10.6958;0;0;0;0.551098;-0.06633;2.15354;0.0954711;-0.162552;-0.0294381;0;0;0;0;0;0;-0.551098;0.06633;-2.15354;-1.18627;14.0439;0.73613;
2.64601;0;0;-10.6958;0;0;0;0.363889;-0.0140749;1.41665;0.0890467;-0.0864159;-0.0237316;0;0;0;0;0;0;-0.363889;0.0140749;-1.41665;-0.80363;9.21777;0.298007;
2.64705;0;0;-10.6958;0;0;0;-1.60045;-1.00813;3.37521;0.143185;-0.237198;-0.00295266;0;0;0;0;0;0;1.60045;1.00813;-3.37521;-1.94368;22.2409;5.72145;
2.64802;0;0;-10.6958;0;0;0;-11.4939;-1.47908;22.3646;0.359474;-0.933378;-0.00355496;0;0;0;0;0;0;11.4939;1.47908;-22.3646;-11.7669;146.823;3.78925;
2.64906;0;0;-10.6958;0;0;0;6.80447;-0.503635;26.521;-0.0675312;1.25711;0.0408326;0;0;0;0;0;0;-6.80447;0.503635;-26.521;-13.3343;169.691;6.64397;
2.65003;0;0;-10.6958;0;0;0;0;0;0;0;0;0;0;0;0;0;0;0;0;-0;-0;0;0;0;
2.65101;0;0;-10.6958;0;0;0;0;0;0;0;0;0;0;0;0;0;0;0;0;-0;-0;0;0;0;
2.65204;0;0;-10.6958;0;0;0;-0.881223;-4.8366;14.901;0.764032;-0.297921;0.00742216;0;0;0;0;0;0;0.881223;4.8366;-14.901;-8.75172;96.8192;30.8492;
2.65302;0;0;-10.6958;0;0;0;-8.32044;-5.43772;21.0154;0.58649;-0.690035;0.0697594;0;0;0;0;0;0;8.32044;5.43772;-21.0154;-11.7127;137.529;30.9321;
2.65406;0;0;-10.6958;0;0;0;-12.7578;3.12288;62.3534;-0.255871;-0.665656;-0.137665;0;0;0;0;0;0;12.7578;-3.12288;-62.3534;-30.8201;405.471;-26.4947;
2.65503;0;0;-10.6958;0;0;0;0.428452;-0.0277657;1.66931;0.10482;-0.101824;-0.0285973;0;0;0;0;0;0;-0.428452;0.0277657;-1.66931;-0.947973;10.8618;0.423975;
2.65601;0;0;-10.6958;0;0;0;0;0;0;0;0;0;0;0;0;0;0;0;0;-0;-0;0;0;0;
2.65704;0;0;-10.6958;0;0;0;0;0;0;0;0;0;0;0;0;0;0;0;0;-0;-0;0;0;0;
2.65802;0;0;-10.6958;0;0;0;1.22561;-0.867394;5.40239;0.195039;0.391979;0.0186879;0;0;0;0;0;0;-1.22561;0.867394;-5.40239;-3.00191;34.4466;6.21169;
2.65906;0;0;-10.6958;0;0;0;3.90693;0.272783;16.8554;-0.0477845;0.175975;-0.104536;0;0;0;0;0;0;-3.90693;-0.272783;-16.8554;-8.41014;108.512;0.306035;
2.66003;0;0;-10.6958;0;0;0;1.95512;-3.63915;13.2136;0.467041;0.235122;0.0666236;0;0;0;0;0;0;-1.95512;3.63915;-13.2136;-7.48486;85.0807;24.4685;
2.66101;0;0;-10.6958;0;0;0;0;0;0;0;0;0;0;0;0;0;0;0;0;-0;-0;0;0;0;
2.66204;0;0;-10.6958;0;0;0;3.10876;-1.44187;12.8217;0.793248;-0.780354;-0.280086;0;0;0;0;0;0;-3.10876;1.44187;-12.8217;-7.39291;83.4443;11.1762;
2.66302;0;0;-10.6958;0;0;0;-4.73083;0.824736;24.9535;-0.0844718;-0.287861;-0.0707656;0;0;0;0;0;0;4.73083;-0.824736;-24.9535;-12.3947;162.251;-7.64815;
2.66406;0;0;-10.6958;0;0;0;9.95399;0.755806;42.7966;-0.964154;-0.300618;0.189579;0;0;0;0;0;0;-9.95399;-0.755806;-42.7966;-20.5045;276.26;-0.0697752;
2.66503;0;0;-10.6958;0;0;0;0;0;0;0;0;0;0;0;0;0;0;0;0;-0;-0;0;0;0;
2.66601;0;0;-10.6958;0;0;0;0;0;0;0;0;0;0;0;0;0;0;0;0;-0;-0;0;0;0;
2.66705;0;0;-10.6958;0;0;0;-0.0403347;-3.60266;11.1627;0.398709;0.000361488;0.07145;0;0;0;0;0;0;0.0403347;3.60266;-11.1627;-6.38043;72.2439;23.223;
2.66802;0;0;-10.6958;0;0;0;0;0;0;0;0;0;0;0;0;0;0;0;0;-0;-0;0;0;0;
2.66906;0;0;-10.6958;0;0;0;0.063655;-0.0204087;0.254947;-0.0156621;0.00393719;0.00422568;0;0;0;0;0;0;-0.063655;0.0204087;-0.254947;-0.114735;1.63956;0.159895;
2.67003;0;0;-10.6958;0;0;0;0;0;0;0;0;0;0;0;0;0;0;0;0;-0;-0;0;0;0;
2.67101;0;0;-10.6958;0;0;0;3.91401;1.54372;16.7037;-0.199239;-0.207696;-0.0136447;0;0;0;0;0;0;-3.91401;-1.54372;-16.7037;-8.05455;107.913;-8.00622;
2.67205;0;0;-10.6958;0;0;0;0;0;0;0;0;0;0;0;0;0;0;0;0;-0;-0;0;0;0;
2.67302;0;0;-10.6958;0;0;0;0.784676;-0.0827028;3.06331;0.135886;-0.231229;-0.0410502;0;0;0;0;0;0;-0.784676;0.0827028;-3.06331;-1.68633;19.9767;0.971287;
2.67406;0;0;-10.6958;0;0;0;0;0;0;0;0;0;0;0;0;0;0;0;0;-0;-0;0;0;0;
2.67503;0;0;-10.6958;0;0;0;0.432166;-0.148168;1.73777;0.107968;-0.105867;-0.035877;0;0;0;0;0;0;-0.432166;0.148168;-1.73777;-0.997695;11.3085;1.21231;
2.67601;0;0;-10.6958;0;0;0;3.15456;8.60608;40.3697;-0.839625;-0.428079;-0.231925;0;0;0;0;0;0;-3.15456;-8.60608;-40.3697;-18.6182;261.365;-53.8746;
2.67705;0;0;-10.6958;0;0;0;0;0;0;0;0;0;0;0;0;0;0;0;0;-0;-0;0;0;0;
2.67802;0;0;-10.6958;0;0;0;1.93775;-2.3997;10.2154;0.343935;0.753638;0.111796;0;0;0;0;0;0;-1.93775;2.3997;-10.2154;-5.72784;65.1613;16.3935;
2.67906;0;0;-10.6958;0;0;0;0;0;0;0;0;0;0;0;0;0;0;0;0;-0;-0;0;0;0;
2.68003;0;0;-10.6958;0;0;0;0;0;0;0;0;0;0;0;0;0;0;0;0;-0;-0;0;0;0;
2.68101;0;0;-10.6958;0;0;0;0.997822;2.08862;7.0104;-0.369903;0.125515;0.0152551;0;0;0;0;0;0;-0.997822;-2.08862;-7.0104;-2.94931;45.1423;-13.0295;
2.68205;0;0;-10.6958;0;0;0;1.29601;-0.945106;5.7853;0.212574;0.297876;0.0117917;0;0;0;0;0;0;-1.29601;0.945106;-5.7853;-3.22002;37.0116;6.75694;
2.68302;0;0;-10.6958;0;0;0;0;0;0;0;0;0;0;0;0;0;0;0;0;-0;-0;0;0;0;
2.68406;0;0;-10.6958;0;0;0;6.66005;-1.67063;26.8544;-0.142706;-0.365434;0.0707479;0;0;0;0;0;0;-6.66005;1.67063;-26.8544;-13.5443;173.485;14.0936;
2.68503;0;0;-10.6958;0;0;0;-1.96963;-1.1149;3.66504;0.155337;-0.255915;0.00563074;0;0;0;0;0;0;1.96963;1.1149;-3.66504;-2.11247;24.1724;6.21794;
2.68601;0;0;-10.6958;0;0;0;0.436854;0.252722;1.85497;-0.104756;0.0292477;0.0206857;0;0;0;0;0;0;-0.436854;-0.252722;-1.85497;-0.80367;11.9314;-1.43626;
2.68705;0;0;-10.6958;0;0;0;0;0;0;0;0;0;0;0;0;0;0;0;0;-0;-0;0;0;0;
2.68802;0;0;-10.6958;0;0;0;3.43378;3.49937;43.9951;-0.405843;0.471352;-0.0726618;0;0;0;0;0;0;-3.43378;-3.49937;-43.9951;-21.3904;283.899;-20.845;
2.68906;0;0;-10.6958;0;0;0;0;0;0;0;0;0;0;0;0;0;0;0;0;-0;-0;0;0;0;
2.69003;0;0;-10.6958;0;0;0;2.05069;-1.41682;60.8772;0.0372931;0.0960908;0.0257623;0;0;0;0;0;0;-2.05069;1.41682;-60.8772;-30.8266;393.667;10.1756;
2.69101;0;0;-10.6958;0;0;0;-2.5333;-9.56643;41.9748;1.0822;-0.0856898;0.155207;0;0;0;0;0;0;2.5333;9.56643;-41.9748;-23.1749;271.982;60.479;
2.69205;0;0;-10.6958;0;0;0;3.52989;6.451;22.7764;-1.20947;0.401173;0.073819;0;0;0;0;0;0;-3.52989;-6.451;-22.7764;-9.60812;146.642;-40.0447;
2.69302;0;0;-10.6958;0;0;0;0;0;0;0;0;0;0;0;0;0;0;0;0;-0;-0;0;0;0;
2.69406;0;0;-10.6958;0;0;0;1.79907;18.7253;48.6873;-2.47221;0.989312;-0.289141;0;0;0;0;0;0;-1.79907;-18.7253;-48.6873;-20.1556;313.912;-119.987;
2.69503;0;0;-10.6958;0;0;0;1.24772;4.74363;13.6843;-0.706764;0.261046;-0.026049;0;0;0;0;0;0;-1.24772;-4.74363;-13.6843;-5.70535;88.1722;-30.0444;
2.69601;0;0;-10.6958;0;0;0;0.541228;-0.229181;2.21194;0.137038;-0.134666;-0.0474839;0;0;0;0;0;0;-0.541228;0.229181;-2.21194;-1.27361;14.3949;1.8031;
2.69705;0;0;-10.6958;0;0;0;0.625718;-0.247364;2.542;0.157641;-0.154799;-0.0538671;0;0;0;0;0;0;-0.625718;0.247364;-2.542;-1.46221;16.5426;1.96969;
2.69802;0;0;-10.6958;0;0;0;-7.1153;1.03996;28.4156;-0.124212;-0.709155;-0.00618552;0;0;0;0;0;0;7.1153;-1.03996;-28.4156;-14.0763;185.317;-10.3059;
2.69906;0;0;-10.6958;0;0;0;0;0;0;0;0;0;0;0;0;0;0;0;0;-0;-0;0;0;0;
2.70003;0;0;-10.6958;0;0;0;4.78839;9.75046;33.8134;-1.64919;0.518179;0.0343963;0;0;0;0;0;0;-4.78839;-9.75046;-33.8134;-14.393;217.825;-60.7243;
2.70101;0;0;-10.6958;0;0;0;0.94134;0.0743757;3.66976;0.154206;0.262703;-0.04488;0;0;0;0;0;0;-0.94134;-0.0743757;-3.66976;-1.99416;23.3916;0.0374453;
2.70205;0;0;-10.6958;0;0;0;0.606333;2.19601;6.39104;-0.33053;0.121375;-0.0103473;0;0;0;0;0;0;-0.606333;-2.19601;-6.39104;-2.66609;41.1775;-13.896;
2.70302;0;0;-10.6958;0;0;0;-1.55028;-3.53464;10.2656;0.608977;-0.588565;-0.110586;0;0;0;0;0;0;1.55028;3.53464;-10.2656;-6.1322;67.1783;22.2047;
2.70406;0;0;-10.6958;0;0;0;0;0;0;0;0;0;0;0;0;0;0;0;0;-0;-0;0;0;0;
2.70503;0;0;-10.6958;0;0;0;2.80507;7.10814;22.4697;-1.17612;0.411287;0.0167163;0;0;0;0;0;0;-2.80507;-7.10814;-22.4697;-9.42102;144.72;-44.6052;
2.70601;0;0;-10.6958;0;0;0;0;0;0;0;0;0;0;0;0;0;0;0;0;-0;-0;0;0;0;
2.70705;0;0;-10.6958;0;0;0;0;0;0;0;0;0;0;0;0;0;0;0;0;-0;-0;0;0;0;
2.70802;0;0;-10.6958;0;0;0;-4.19284;-3.13802;41.8508;0.0201173;-0.231824;0.158526;0;0;0;0;0;0;4.19284;3.13802;-41.8508;-21.4042;271.492;18.0385;
2.70906;0;0;-10.6958;0;0;0;0.253958;-0.0146316;0.989203;-0.0592895;0.0151148;0.0154449;0;0;0;0;0;0;-0.253958;0.0146316;-0.989203;-0.440167;6.36102;0.207092;
2.71003;0;0;-10.6958;0;0;0;0;0;0;0;0;0;0;0;0;0;0;0;0;-0;-0;0;0;0;
2.71101;0;0;-10.6958;0;0;0;0.431886;6.59604;26.1372;-0.968737;0.139879;-0.0810761;0;0;0;0;0;0;-0.431886;-6.59604;-26.1372;-11.5262;168.964;-42.388;
2.71205;0;0;-10.6958;0;0;0;-0.630108;9.15267;47.5999;-1.44621;0.238158;-0.0825509;0;0;0;0;0;0;0.630108;-9.15267;-47.5999;-21.5965;307.87;-59.4664;
2.71302;0;0;-10.6958;0;0;0;-17.7091;2.69447;78.9266;-0.329806;-0.427686;-0.0439537;0;0;0;0;0;0;17.7091;-2.69447;-78.9266;-39.1327;512.984;-26.3085;
2.71406;0;0;-10.6958;0;0;0;0.143901;-0.0440224;0.574902;0.0357672;-0.0350324;-0.0116353;0;0;0;0;0;0;-0.143901;0.0440224;-0.574902;-0.329611;3.74107;0.36897;
2.71503;0;0;-10.6958;0;0;0;0.223256;-0.0427954;0.877977;0.0548586;-0.0535342;-0.0165591;0;0;0;0;0;0;-0.223256;0.0427954;-0.877977;-0.501153;5.71294;0.405903;
2.71601;0;0;-10.6958;0;0;0;-1.7709;-1.22392;3.67955;0.155207;-0.2584;-0.0112523;0;0;0;0;0;0;1.7709;1.22392;-3.67955;-2.13061;24.2487;7.04035;
2.71705;0;0;-10.6958;0;0;0;3.90466;-0.564604;15.2864;-0.923975;0.234047;0.244658;0;0;0;0;0;0;-3.90466;0.564604;-15.2864;-6.8283;98.2999;5.37488;
2.71802;0;0;-10.6958;0;0;0;-11.2033;8.90452;63.5407;-0.854698;-0.969839;-0.275952;0;0;0;0;0;0;11.2033;-8.90452;-63.5407;-30.2379;413.302;-62.9899;
2.71906;0;0;-10.6958;0;0;0;2.36437;5.59381;38.7932;-0.888996;0.0958186;-0.0587299;0;0;0;0;0;0;-2.36437;-5.59381;-38.7932;-18.078;250.718;-34.9515;
2.72003;0;0;-10.6958;0;0;0;0.961945;17.1049;49.5854;-1.90795;0.587756;-0.342415;0;0;0;0;0;0;-0.961945;-17.1049;-49.5854;-21.3349;320.209;-109.868;
2.72101;0;0;-10.6958;0;0;0;0;0;0;0;0;0;0;0;0;0;0;0;0;-0;-0;0;0;0;
2.72205;0;0;-10.6958;0;0;0;0;0;0;0;0;0;0;0;0;0;0;0;0;-0;-0;0;0;0;
2.72302;0;0;-10.6958;0;0;0;0;0;0;0;0;0;0;0;0;0;0;0;0;-0;-0;0;0;0;
2.72406;0;0;-10.6958;0;0;0;3.53801;9.41436;32.5885;-0.93793;0.276983;-0.227526;0;0;0;0;0;0;-3.53801;-9.41436;-32.5885;-14.5214;210.265;-58.9167;
2.72503;0;0;-10.6958;0;0;0;0.454349;-0.205391;1.86881;0.0705659;0.134601;-0.00236285;0;0;0;0;0;0;-0.454349;0.205391;-1.86881;-1.03202;11.9138;1.56028;
2.72601;0;0;-10.6958;0;0;0;0;0;0;0;0;0;0;0;0;0;0;0;0;-0;-0;0;0;0;
2.72705;0;0;-10.6958;0;0;0;-1.53727;-1.6421;5.012;0.299673;-0.278469;0.000678991;0;0;0;0;0;0;1.53727;1.6421;-5.012;-2.9879;32.8683;9.85235;
2.72802;0;0;-10.6958;0;0;0;0;0;0;0;0;0;0;0;0;0;0;0;0;-0;-0;0;0;0;
2.72906;0;0;-10.6958;0;0;0;0;0;0;0;0;0;0;0;0;0;0;0;0;-0;-0;0;0;0;
2.73003;0;0;-10.6958;0;0;0;0;0;0;0;0;0;0;0;0;0;0;0;0;-0;-0;0;0;0;
2.73101;0;0;-10.6958;0;0;0;0;0;0;0;0;0;0;0;0;0;0;0;0;-0;-0;0;0;0;
2.73205;0;0;-10.6958;0;0;0;0;0;0;0;0;0;0;0;0;0;0;0;0;-0;-0;0;0;0;
2.73302;0;0;-10.6958;0;0;0;0;0;0;0;0;0;0;0;0;0;0;0;0;-0;-0;0;0;0;
2.73406;0;0;-10.6958;0;0;0;0;0;0;0;0;0;0;0;0;0;0;0;0;-0;-0;0;0;0;
2.73503;0;0;-10.6958;0;0;0;0;0;0;0;0;0;0;0;0;0;0;0;0;-0;-0;0;0;0;
2.73601;0;0;-10.6958;0;0;0;0.940013;-0.30517;3.76753;0.145825;0.270565;-0.0144681;0;0;0;0;0;0;-0.940013;0.30517;-3.76753;-2.07316;24.0166;2.46261;
2.73705;0;0;-10.6958;0;0;0;0;0;0;0;0;0;0;0;0;0;0;0;0;-0;-0;0;0;0;
2.73802;0;0;-10.6958;0;0;0;0.865934;-0.410984;3.58056;0.156591;-0.269905;-0.0688506;0;0;0;0;0;0;-0.865934;0.410984;-3.58056;-2.00044;23.3545;3.16448;
2.73906;0;0;-10.6958;0;0;0;0.304504;-0.146163;1.26072;0.0473562;0.0908682;-0.000903127;0;0;0;0;0;0;-0.304504;0.146163;-1.26072;-0.696726;8.03731;1.1001;
2.74003;0;0;-10.6958;0;0;0;1.64379;-1.84477;8.98022;0.418642;0.0604793;-0.00118097;0;0;0;0;0;0;-1.64379;1.84477;-8.98022;-5.12494;57.89;12.7672;
2.74101;0;0;-10.6958;0;0;0;-1.83002;-3.16979;7.13806;0.369401;-0.18015;0.0201906;0;0;0;0;0;0;1.83002;3.16979;-7.13806;-4.28151;46.5582;19.5719;
2.74205;0;0;-10.6958;0;0;0;0;0;0;0;0;0;0;0;0;0;0;0;0;-0;-0;0;0;0;
2.74302;0;0;-10.6958;0;0;0;-7.44578;3.99797;54.8449;-0.502347;-0.245954;-0.152471;0;0;0;0;0;0;7.44578;-3.99797;-54.8449;-26.706;355.925;-29.4689;
2.74406;0;0;-10.6958;0;0;0;0.817729;-2.27902;7.0233;0.215865;0.534973;0.148462;0;0;0;0;0;0;-0.817729;2.27902;-7.0233;-3.98066;44.8342;15.0119;
2.74503;0;0;-10.6958;0;0;0;0;0;0;0;0;0;0;0;0;0;0;0;0;-0;-0;0;0;0;
2.74601;0;0;-10.6958;0;0;0;3.01977;3.50327;16.5931;-0.420503;0.179457;-0.0434116;0;0;0;0;0;0;-3.01977;-3.50327;-16.5931;-7.58067;106.899;-21.1079;
2.74705;0;0;-10.6958;0;0;0;1.44457;-0.622267;5.91332;0.224189;0.42568;-0.00997258;0;0;0;0;0;0;-1.44457;0.622267;-5.91332;-3.26365;37.6973;4.76422;
2.74802;0;0;-10.6958;0;0;0;-1.54438;-1.85629;5.35398;0.319134;-0.298415;-0.0114085;0;0;0;0;0;0;1.54438;1.85629;-5.35398;-3.20106;35.102;11.2469;
2.74906;0;0;-10.6958;0;0;0;0;0;0;0;0;0;0;0;0;0;0;0;0;-0;-0;0;0;0;
2.75004;0;0;-10.6958;0;0;0;0;0;0;0;0;0;0;0;0;0;0;0;0;-0;-0;0;0;0;
2.75101;0;0;-10.6958;0;0;0;0;0;0;0;0;0;0;0;0;0;0;0;0;-0;-0;0;0;0;
2.75205;0;0;-10.6958;0;0;0;1.23657;11.4218;29.9046;-1.5203;0.604648;-0.168076;0;0;0;0;0;0;-1.23657;-11.4218;-29.9046;-12.3862;192.799;-73.1261;
2.75302;0;0;-10.6958;0;0;0;2.02588;-0.893901;8.43456;0.146836;0.13884;0.00853913;0;0;0;0;0;0;-2.02588;0.893901;-8.43456;-4.48285;54.2419;6.79623;
2.75406;0;0;-10.6958;0;0;0;0.653465;-0.927601;6.46194;0.281281;-0.480622;-0.0974372;0;0;0;0;0;0;-0.653465;0.927601;-6.46194;-3.62762;42.2335;6.4294;
2.75503;0;0;-10.6958;0;0;0;-4.24842;7.91814;45.0392;-1.01659;0.0521587;-0.12244;0;0;0;0;0;0;4.24842;-7.91814;-45.0392;-20.8612;291.847;-53.2587;
2.75601;0;0;-10.6958;0;0;0;2.12174;0.444964;8.36101;0.360358;0.599282;-0.12334;0;0;0;0;0;0;-2.12174;-0.444964;-8.36101;-4.52475;53.2958;-1.68812;
2.75705;0;0;-10.6958;0;0;0;-7.51581;-7.52265;18.6491;1.10142;-1.01881;0.0329177;0;0;0;0;0;0;7.51581;7.52265;-18.6491;-11.246;122.462;44.8664;
2.75802;0;0;-10.6958;0;0;0;0;0;0;0;0;0;0;0;0;0;0;0;0;-0;-0;0;0;0;
2.75906;0;0;-10.6958;0;0;0;0.733421;0.533663;3.25267;-0.181612;0.0520306;0.0324138;0;0;0;0;0;0;-0.733421;-0.533663;-3.25267;-1.40221;20.9239;-3.1168;
2.76003;0;0;-10.6958;0;0;0;0;0;0;0;0;0;0;0;0;0;0;0;0;-0;-0;0;0;0;
2.76101;0;0;-10.6958;0;0;0;0;0;0;0;0;0;0;0;0;0;0;0;0;-0;-0;0;0;0;
2.76205;0;0;-10.6958;0;0;0;-2.85307;-1.505;5.57113;0.23748;-0.390016;0.0162578;0;0;0;0;0;0;2.85307;1.505;-5.57113;-3.19341;36.7305;8.28704;
2.76302;0;0;-10.6958;0;0;0;0;0;0;0;0;0;0;0;0;0;0;0;0;-0;-0;0;0;0;
2.76406;0;0;-10.6958;0;0;0;0;0;0;0;0;0;0;0;0;0;0;0;0;-0;-0;0;0;0;
2.76503;0;0;-10.6958;0;0;0;0.141493;0.239052;0.87198;-0.0464857;0.0152132;0.00337237;0;0;0;0;0;0;-0.141493;-0.239052;-0.87198;-0.368459;5.61359;-1.47917;
2.76601;0;0;-10.6958;0;0;0;6.77132;5.24058;34.2089;-0.286571;0.183687;-0.249412;0;0;0;0;0;0;-6.77132;-5.24058;-34.2089;-16.4082;220.519;-30.2562;
2.76705;0;0;-10.6958;0;0;0;-5.33293;3.77337;68.7397;-0.442005;-0.533288;-0.0695403;0;0;0;0;0;0;5.33293;-3.77337;-68.7397;-33.7839;445.919;-27.0346;
2.76802;0;0;-10.6958;0;0;0;1.65241;-0.637898;6.70022;0.256221;0.481813;-0.017318;0;0;0;0;0;0;-1.65241;0.637898;-6.70022;-3.6934;42.7127;4.97735;
2.76906;0;0;-10.6958;0;0;0;0;0;0;0;0;0;0;0;0;0;0;0;0;-0;-0;0;0;0;
2.77003;0;0;-10.6958;0;0;0;-12.3851;-2.4097;48.7253;0.0616364;-0.861219;0.0695993;0;0;0;0;0;0;12.3851;2.4097;-48.7253;-24.8334;317.433;9.28986;
2.77101;0;0;-10.6958;0;0;0;0.50954;-0.0849164;2.00104;0.113008;-0.131676;-0.0346154;0;0;0;0;0;0;-0.50954;0.0849164;-2.00104;-1.12891;13.0302;0.840668;
2.77205;0;0;-10.6958;0;0;0;-0.769683;-2.11513;8.92893;0.401878;-0.40808;-0.0202647;0;0;0;0;0;0;0.769683;2.11513;-8.92893;-5.10954;58.2691;13.3209;
2.77302;0;0;-10.6958;0;0;0;0;0;0;0;0;0;0;0;0;0;0;0;0;-0;-0;0;0;0;
2.77406;0;0;-10.6958;0;0;0;0.114901;-0.660107;1.79772;0.0527399;0.140027;0.048046;0;0;0;0;0;0;-0.114901;0.660107;-1.79772;-1.02411;11.4824;4.28169;
2.77503;0;0;-10.6958;0;0;0;0.641955;-0.0143349;3.31137;0.147427;-0.248483;-0.0296564;0;0;0;0;0;0;-0.641955;0.0143349;-3.31137;-1.81589;21.6135;0.4456;
2.77601;0;0;-10.6958;0;0;0;-3.40845;-9.69882;56.3473;0.941767;0.174188;0.214521;0;0;0;0;0;0;3.40845;9.69882;-56.3473;-30.2833;364.82;60.8356;
2.77705;0;0;-10.6958;0;0;0;-0.480858;-0.613967;7.38588;0.0697811;-0.170566;-0.0416711;0;0;0;0;0;0;0.480858;0.613967;-7.38588;-3.84973;48.0167;3.77289;
2.77802;0;0;-10.6958;0;0;0;0;0;0;0;0;0;0;0;0;0;0;0;0;-0;-0;0;0;0;
2.77905;0;0;-10.6958;0;0;0;0.461313;-3.16739;19.3477;0.434404;-0.674141;0.0357707;0;0;0;0;0;0;-0.461313;3.16739;-19.3477;-10.4929;125.836;20.6943;
2.78002;0;0;-10.6958;0;0;0;1.1358;4.64952;24.2589;-0.73869;0.0955921;-0.0174409;0;0;0;0;0;0;-1.1358;-4.64952;-24.2589;-11.0065;156.782;-29.5002;
2.78106;0;0;-10.6958;0;0;0;0.19229;-0.146188;0.861507;0.0308438;0.0626117;0.00374012;0;0;0;0;0;0;-0.19229;0.146188;-0.861507;-0.479243;5.49331;1.03912;
2.78203;0;0;-10.6958;0;0;0;1.95816;9.49782;26.4476;-1.22469;0.588783;-0.125899;0;0;0;0;0;0;-1.95816;-9.49782;-26.4476;-11.1349;170.371;-60.3535;
2.78306;0;0;-10.6958;0;0;0;-13.0552;-7.09933;23.9977;0.815948;-0.844104;0.156904;0;0;0;0;0;0;13.0552;7.09933;-23.9977;-13.6107;157.458;39.2142;
2.78403;0;0;-10.6958;0;0;0;0.223376;-2.54365;6.58308;0.389878;-0.387405;-0.162919;0;0;0;0;0;0;-0.223376;2.54365;-6.58308;-3.95966;42.9674;16.7366;
2.78506;0;0;-10.6958;0;0;0;0.823547;4.04321;11.8077;-0.509975;0.143252;-0.0639459;0;0;0;0;0;0;-0.823547;-4.04321;-11.8077;-5.02788;76.1876;-25.6871;
2.78603;0;0;-10.6958;0;0;0;0.703367;3.97717;41.1861;-0.508421;0.364649;-0.0760722;0;0;0;0;0;0;-0.703367;-3.97717;-41.1861;-19.8259;266.101;-25.3081;
2.78706;0;0;-10.6958;0;0;0;-3.6633;-2.56749;7.4277;0.442819;-0.399318;0.0803657;0;0;0;0;0;0;3.6633;2.56749;-7.4277;-4.4402;48.836;14.691;
2.78803;0;0;-10.6958;0;0;0;-3.90736;-3.53305;9.08216;0.537652;-0.493786;0.0392225;0;0;0;0;0;0;3.90736;3.53305;-9.08216;-5.46499;59.6618;20.8579;
2.78906;0;0;-10.6958;0;0;0;3.27721;-2.55819;14.8008;0.533027;0.95577;0.0562766;0;0;0;0;0;0;-3.27721;2.55819;-14.8008;-8.2413;94.4985;18.1489;
2.79003;0;0;-10.6958;0;0;0;0;0;0;0;0;0;0;0;0;0;0;0;0;-0;-0;0;0;0;
2.79106;0;0;-10.6958;0;0;0;3.7017;-1.85128;15.4012;0.576357;1.11065;-0.00502412;0;0;0;0;0;0;-3.7017;1.85128;-15.4012;-8.51579;98.186;13.8491;
2.79203;0;0;-10.6958;0;0;0;-2.71171;-2.21728;5.94439;0.345645;-0.286341;0.05091;0;0;0;0;0;0;2.71171;2.21728;-5.94439;-3.56109;39.0281;12.9331;
2.79306;0;0;-10.6958;0;0;0;0;0;0;0;0;0;0;0;0;0;0;0;0;-0;-0;0;0;0;
2.79403;0;0;-10.6958;0;0;0;0.146929;-0.00358717;0.571859;0.0359658;-0.0348835;-0.0094596;0;0;0;0;0;0;-0.146929;0.00358717;-0.571859;-0.324214;3.7209;0.106642;
2.79506;0;0;-10.6958;0;0;0;2.25085;-18.0487;52.9314;2.41228;0.193926;0.17681;0;0;0;0;0;0;-2.25085;18.0487;-52.9314;-30.8736;342.125;117.758;
2.79603;0;0;-10.6958;0;0;0;2.04017;-5.32096;35.1704;0.581043;-0.131617;0.0584672;0;0;0;0;0;0;-2.04017;5.32096;-35.1704;-18.8216;227.532;35.4032;
2.797;0;0;-10.6958;0;0;0;6.78702;0.268663;32.8976;0.0325495;-0.30362;-0.0685872;0;0;0;0;0;0;-6.78702;-0.268663;-32.8976;-16.567;212.518;1.74669;
2.79803;0;0;-10.6958;0;0;0;0;0;0;0;0;0;0;0;0;0;0;0;0;-0;-0;0;0;0;
2.799;0;0;-10.6958;0;0;0;0.194297;-0.103877;0.818022;-0.0446993;0.00727985;0.0119446;0;0;0;0;0;0;-0.194297;0.103877;-0.818022;-0.377555;5.26702;0.758108;
2.80003;0;0;-10.6958;0;0;0;0.0448651;-0.0398248;0.209502;-0.013399;0.00340584;0.00351683;0;0;0;0;0;0;-0.0448651;0.0398248;-0.209502;-0.096073;1.34788;0.276795;
2.80101;0;0;-10.6958;0;0;0;0.426622;-0.252957;1.84685;0.0724564;0.0084707;-0.00791743;0;0;0;0;0;0;-0.426622;0.252957;-1.84685;-1.02763;11.9005;1.8597;
2.80204;0;0;-10.6958;0;0;0;0;0;0;0;0;0;0;0;0;0;0;0;0;-0;-0;0;0;0;
2.80301;0;0;-10.6958;0;0;0;-5.38376;-3.12602;10.8373;0.460539;-0.759858;0.00960634;0;0;0;0;0;0;5.38376;3.12602;-10.8373;-6.23054;71.4345;17.5101;
2.80404;0;0;-10.6958;0;0;0;8.72776;9.16042;54.8139;-1.46018;-0.426522;-0.114666;0;0;0;0;0;0;-8.72776;-9.16042;-54.8139;-25.2137;354.277;-54.7732;
2.80501;0;0;-10.6958;0;0;0;0.224604;-0.0738487;0.900861;0.0396086;-0.0679555;-0.015446;0;0;0;0;0;0;-0.224604;0.0738487;-0.900861;-0.500549;5.8753;0.606429;
2.80604;0;0;-10.6958;0;0;0;-15.5892;-7.59357;42.1996;0.548724;-0.966278;0.261377;0;0;0;0;0;0;15.5892;7.59357;-42.1996;-22.5564;275.628;41.0324;
2.80701;0;0;-10.6958;0;0;0;0;0;0;0;0;0;0;0;0;0;0;0;0;-0;-0;0;0;0;
2.80804;0;0;-10.6958;0;0;0;0;0;0;0;0;0;0;0;0;0;0;0;0;-0;-0;0;0;0;
2.80901;0;0;-10.6958;0;0;0;7.00424;2.98531;28.7382;-1.12373;0.682487;0.191948;0;0;0;0;0;0;-7.00424;-2.98531;-28.7382;-13.0438;184.593;-15.9852;
2.81004;0;0;-10.6958;0;0;0;9.7493;9.74653;66.8484;-1.0731;1.28602;-0.213456;0;0;0;0;0;0;-9.7493;-9.74653;-66.8484;-31.6003;430.343;-57.9531;
2.81102;0;0;-10.6958;0;0;0;0;0;0;0;0;0;0;0;0;0;0;0;0;-0;-0;0;0;0;
2.81205;0;0;-10.6958;0;0;0;-11.0629;-3.28678;46.2547;0.382261;-0.373269;0.0658587;0;0;0;0;0;0;11.0629;3.28678;-46.2547;-23.9985;300.822;15.6351;
2.81302;0;0;-10.6958;0;0;0;0;0;0;0;0;0;0;0;0;0;0;0;0;-0;-0;0;0;0;
2.81405;0;0;-10.6958;0;0;0;0.24529;-0.259479;1.21392;-0.0782968;0.0200705;0.0201111;0;0;0;0;0;0;-0.24529;0.259479;-1.21392;-0.558906;7.81115;1.78259;
2.81502;0;0;-10.6958;0;0;0;0;0;0;0;0;0;0;0;0;0;0;0;0;-0;-0;0;0;0;
2.81605;0;0;-10.6958;0;0;0;0;0;0;0;0;0;0;0;0;0;0;0;0;-0;-0;0;0;0;
2.81702;0;0;-10.6958;0;0;0;0;0;0;0;0;0;0;0;0;0;0;0;0;-0;-0;0;0;0;
2.81805;0;0;-10.6958;0;0;0;0;0;0;0;0;0;0;0;0;0;0;0;0;-0;-0;0;0;0;
2.81902;0;0;-10.6958;0;0;0;-7.3348;-3.56073;25.0883;0.391416;-0.62848;0.0802939;0;0;0;0;0;0;7.3348;3.56073;-25.0883;-13.3795;163.724;19.2704;
2.82006;0;0;-10.6958;0;0;0;4.04145;-2.19006;16.9957;-0.132122;-0.306134;-0.00945983;0;0;0;0;0;0;-4.04145;2.19006;-16.9957;-8.64411;109.887;16.217;
2.82103;0;0;-10.6958;0;0;0;4.78353;-2.54591;20.23;0.803205;0.0670126;-0.119539;0;0;0;0;0;0;-4.78353;2.54591;-20.23;-11.2435;130.371;19.0036;
2.82206;0;0;-10.6958;0;0;0;3.42606;-2.41889;15.27;0.486831;0.32252;-0.006521;0;0;0;0;0;0;-3.42606;2.41889;-15.27;-8.41731;98.1528;17.3851;
2.82303;0;0;-10.6958;0;0;0;12.523;-4.52477;56.1313;0.394241;0.86899;0.0669659;0;0;0;0;0;0;-12.523;4.52477;-56.1313;-29.1071;361.126;35.5194;
2.82406;0;0;-10.6958;0;0;0;0.264659;-0.0376507;1.03592;0.0458846;-0.0781884;-0.0145645;0;0;0;0;0;0;-0.264659;0.0376507;-1.03592;-0.57118;6.75554;0.391458;
2.82503;0;0;-10.6958;0;0;0;-3.52031;-10.2272;28.3519;1.46895;-0.661247;0.0244814;0;0;0;0;0;0;3.52031;10.2272;-28.3519;-16.7701;184.494;64.3883;
2.826;0;0;-10.6958;0;0;0;0.480269;-0.0707796;1.88065;0.117711;-0.114689;-0.0343767;0;0;0;0;0;0;-0.480269;0.0707796;-1.88065;-1.07159;12.237;0.734207;
2.82703;0;0;-10.6958;0;0;0;0.530101;-0.361326;2.31831;0.142459;-0.140785;-0.0545167;0;0;0;0;0;0;-0.530101;0.361326;-2.31831;-1.34588;15.0904;2.6597;
2.828;0;0;-10.6958;0;0;0;0.876196;-1.71635;6.04581;0.214808;0.0894668;0.0209098;0;0;0;0;0;0;-0.876196;1.71635;-6.04581;-3.43096;38.9478;11.5275;
2.82903;0;0;-10.6958;0;0;0;0;0;0;0;0;0;0;0;0;0;0;0;0;-0;-0;0;0;0;
2.83;0;0;-10.6958;0;0;0;0;0;0;0;0;0;0;0;0;0;0;0;0;-0;-0;0;0;0;
2.83104;0;0;-10.6958;0;0;0;2.34489;-0.431277;9.21388;0.407428;-0.695368;-0.136237;0;0;0;0;0;0;-2.34489;0.431277;-9.21388;-5.08929;60.0872;4.10772;
2.83201;0;0;-10.6958;0;0;0;-0.930837;-0.329507;21.7558;0.110398;-0.17101;-0.0159664;0;0;0;0;0;0;0.930837;0.329507;-21.7558;-11.096;141.057;1.67976;
2.83304;0;0;-10.6958;0;0;0;3.707;19.1643;54.9687;-2.4776;0.766746;-0.283656;0;0;0;0;0;0;-3.707;-19.1643;-54.9687;-23.2687;354.59;-121.871;
2.83401;0;0;-10.6958;0;0;0;0;0;0;0;0;0;0;0;0;0;0;0;0;-0;-0;0;0;0;
2.83504;0;0;-10.6958;0;0;0;0;0;0;0;0;0;0;0;0;0;0;0;0;-0;-0;0;0;0;
2.83601;0;0;-10.6958;0;0;0;2.6585;-1.18146;10.9367;0.149519;0.639274;0.0402776;0;0;0;0;0;0;-2.6585;1.18146;-10.9367;-5.77412;69.8703;8.94391;
2.83704;0;0;-10.6958;0;0;0;0.632019;-0.20019;2.97048;0.1821;-0.182225;-0.0503961;0;0;0;0;0;0;-0.632019;0.20019;-2.97048;-1.69764;19.3421;1.6641;
2.83801;0;0;-10.6958;0;0;0;0;0;0;0;0;0;0;0;0;0;0;0;0;-0;-0;0;0;0;
2.83904;0;0;-10.6958;0;0;0;0.740671;-0.0180736;2.88274;0.181304;-0.17585;-0.0476855;0;0;0;0;0;0;-0.740671;0.0180736;-2.88274;-1.63437;18.757;0.537523;
2.84001;0;0;-10.6958;0;0;0;2.60345;-3.3372;15.558;0.0913807;0.890814;0.0525558;0;0;0;0;0;0;-2.60345;3.3372;-15.558;-8.25917;99.531;22.8548;
2.84104;0;0;-10.6958;0;0;0;-6.00067;-4.34195;12.3507;0.735618;-0.664857;0.123671;0;0;0;0;0;0;6.00067;4.34195;-12.3507;-7.38978;81.1957;24.9543;
2.84201;0;0;-10.6958;0;0;0;-1.53549;-2.60046;28.669;-0.0331166;-0.0134666;0.123945;0;0;0;0;0;0;1.53549;2.60046;-28.669;-14.661;185.699;15.9319;
2.84304;0;0;-10.6958;0;0;0;0;0;0;0;0;0;0;0;0;0;0;0;0;-0;-0;0;0;0;
2.84401;0;0;-10.6958;0;0;0;0;0;0;0;0;0;0;0;0;0;0;0;0;-0;-0;0;0;0;
2.84504;0;0;-10.6958;0;0;0;0.276434;-0.114166;1.12721;0.0698601;-0.0686326;-0.0240836;0;0;0;0;0;0;-0.276434;0.114166;-1.12721;-0.648803;7.33554;0.90207;
2.84601;0;0;-10.6958;0;0;0;1.58044;-0.83726;6.62485;0.246575;0.47814;0.00160467;0;0;0;0;0;0;-1.58044;0.83726;-6.62485;-3.66587;42.2356;6.21235;
2.84704;0;0;-10.6958;0;0;0;0.00352797;-1.14451e-05;0.0137288;0.000864165;-0.000837464;-0.000222768;0;0;0;0;0;0;-0.00352797;1.14451e-05;-0.0137288;-0.00777677;0.0893284;0.00207291;
2.84801;0;0;-10.6958;0;0;0;4.15392;-1.93683;27.9752;0.160581;0.498103;0.042108;0;0;0;0;0;0;-4.15392;1.93683;-27.9752;-14.4388;180.125;14.5833;
2.84905;0;0;-10.6958;0;0;0;2.20493;-3.77289;22.1754;1.323;-1.34724;-0.346017;0;0;0;0;0;0;-2.20493;3.77289;-22.1754;-12.866;144.634;25.8722;
2.85002;0;0;-10.6958;0;0;0;0;0;0;0;0;0;0;0;0;0;0;0;0;-0;-0;0;0;0;
2.85105;0;0;-10.6958;0;0;0;0;0;0;0;0;0;0;0;0;0;0;0;0;-0;-0;0;0;0;
2.85202;0;0;-10.6958;0;0;0;-11.3946;-5.52356;78.0453;0.559965;-0.121772;0.102288;0;0;0;0;0;0;11.3946;5.52356;-78.0453;-40.4054;506.336;29.9069;
2.85305;0;0;-10.6958;0;0;0;3.80158;6.18919;24.4266;-1.07054;0.564039;0.0177176;0;0;0;0;0;0;-3.80158;-6.18919;-24.4266;-10.6044;157.13;-38.1571;
2.85402;0;0;-10.6958;0;0;0;3.96195;2.41537;16.9884;-0.136222;0.721847;-0.0737352;0;0;0;0;0;0;-3.96195;-2.41537;-16.9884;-8.17345;108.82;-13.5627;
2.85505;0;0;-10.6958;0;0;0;0;0;0;0;0;0;0;0;0;0;0;0;0;-0;-0;0;0;0;
2.85602;0;0;-10.6958;0;0;0;0.141653;-0.165693;0.728967;0.0442924;-0.0440263;-0.018614;0;0;0;0;0;0;-0.141653;0.165693;-0.728967;-0.42793;4.74728;1.16221;
2.85705;0;0;-10.6958;0;0;0;3.29421;9.09727;36.481;-1.33611;0.1493;-0.1656;0;0;0;0;0;0;-3.29421;-9.09727;-36.481;-16.115;235.606;-57.0488;
2.85802;0;0;-10.6958;0;0;0;0.941132;0.18267;3.70206;0.159083;0.265297;-0.0535324;0;0;0;0;0;0;-0.941132;-0.18267;-3.70206;-2.00445;23.5979;-0.654823;
2.85905;0;0;-10.6958;0;0;0;-20.5418;12.6795;76.0589;-1.38585;-0.70972;-0.239011;0;0;0;0;0;0;20.5418;-12.6795;-76.0589;-35.6299;494.988;-92.1573;
2.86001;0;0;-10.6958;0;0;0;0.0809635;-0.163591;0.55599;0.0176387;0.0418194;0.0097361;0;0;0;0;0;0;-0.0809635;0.163591;-0.55599;-0.313984;3.54812;1.0897;
2.86104;0;0;-10.6958;0;0;0;1.78928;3.83118;12.7596;-0.672581;0.229053;0.0255408;0;0;0;0;0;0;-1.78928;-3.83118;-12.7596;-5.36587;82.1646;-23.9182;
2.86201;0;0;-10.6958;0;0;0;0;0;0;0;0;0;0;0;0;0;0;0;0;-0;-0;0;0;0;
2.86304;0;0;-10.6958;0;0;0;-0.0191356;-0.122948;0.285686;-0.0198457;0.00648598;0.00146203;0;0;0;0;0;0;0.0191356;0.122948;-0.285686;-0.136336;1.84425;0.784561;
2.864;0;0;-10.6958;0;0;0;-1.44842;-10.72;28.4169;1.32926;-0.0649128;0.11924;0;0;0;0;0;0;1.44842;10.72;-28.4169;-16.7127;184.11;68.5257;
2.86503;0;0;-10.6958;0;0;0;0;0;0;0;0;0;0;0;0;0;0;0;0;-0;-0;0;0;0;
2.86605;0;0;-10.6958;0;0;0;0.955808;-0.487475;3.9865;0.148911;0.287564;-0.000539264;0;0;0;0;0;0;-0.955808;0.487475;-3.9865;-2.20483;25.4149;3.63641;
2.86702;0;0;-10.6958;0;0;0;0;0;0;0;0;0;0;0;0;0;0;0;0;-0;-0;0;0;0;
2.86805;0;0;-10.6958;0;0;0;0.375069;-0.00314051;1.45957;0.0602594;0.104464;-0.0152602;0;0;0;0;0;0;-0.375069;0.00314051;-1.45957;-0.795366;9.30342;0.224404;
2.86902;0;0;-10.6958;0;0;0;0;0;0;0;0;0;0;0;0;0;0;0;0;-0;-0;0;0;0;
2.87005;0;0;-10.6958;0;0;0;2.00192;2.36171;10.3395;-0.353422;0.288014;0.00257576;0;0;0;0;0;0;-2.00192;-2.36171;-10.3395;-4.61438;66.4225;-14.2785;
2.87102;0;0;-10.6958;0;0;0;0.417052;-0.158049;1.68866;-0.104265;0.0261803;0.0282008;0;0;0;0;0;0;-0.417052;0.158049;-1.68866;-0.761745;10.8601;1.20457;
2.87205;0;0;-10.6958;0;0;0;0;0;0;0;0;0;0;0;0;0;0;0;0;-0;-0;0;0;0;
2.87301;0;0;-10.6958;0;0;0;1.70137;-0.47125;6.76588;0.264383;0.485471;-0.0326692;0;0;0;0;0;0;-1.70137;0.47125;-6.76588;-3.7179;43.1288;3.93887;
2.87403;0;0;-10.6958;0;0;0;-22.5084;-16.2977;83.2635;1.91373;-0.957911;0.282482;0;0;0;0;0;0;22.5084;16.2977;-83.2635;-45.4693;542.058;93.8564;
2.87505;0;0;-10.6958;0;0;0;0.535812;-0.078703;2.09806;0.0929153;-0.158355;-0.0296694;0;0;0;0;0;0;-0.535812;0.078703;-2.09806;-1.15705;13.682;0.808737;
2.87602;0;0;-10.6958;0;0;0;0.0199559;0.00107339;0.0777215;0.00490328;-0.00474077;-0.0011935;0;0;0;0;0;0;-0.0199559;-0.00107339;-0.0777215;-0.0439227;0.505708;0.00429344;
2.87705;0;0;-10.6958;0;0;0;0;0;0;0;0;0;0;0;0;0;0;0;0;-0;-0;0;0;0;
2.87801;0;0;-10.6958;0;0;0;0.780147;0.00156559;3.0372;0.133907;0.16812;-0.0357947;0;0;0;0;0;0;-0.780147;-0.00156559;-3.0372;-1.66276;19.4086;0.418412;
2.87904;0;0;-10.6958;0;0;0;0.884098;-0.589391;3.84931;0.139896;0.278945;0.0105801;0;0;0;0;0;0;-0.884098;0.589391;-3.84931;-2.13699;24.5429;4.24873;
2.88001;0;0;-10.6958;0;0;0;-3.11223;-2.01905;32.67;0.409973;-0.808901;-0.0590371;0;0;0;0;0;0;3.11223;2.01905;-32.67;-17.0599;212.545;11.5585;
2.88103;0;0;-10.6958;0;0;0;0.862582;-0.539967;3.71152;0.228446;-0.225521;-0.085902;0;0;0;0;0;0;-0.862582;0.539967;-3.71152;-2.15121;24.1578;4.01453;
2.882;0;0;-10.6958;0;0;0;0;0;0;0;0;0;0;0;0;0;0;0;0;-0;-0;0;0;0;
2.88303;0;0;-10.6958;0;0;0;0;0;0;0;0;0;0;0;0;0;0;0;0;-0;-0;0;0;0;
2.884;0;0;-10.6958;0;0;0;0.601145;0.574337;2.87196;-0.157991;0.0470049;0.0236699;0;0;0;0;0;0;-0.601145;-0.574337;-2.87196;-1.23011;18.4784;-3.43784;
2.88503;0;0;-10.6958;0;0;0;-3.40936;9.68197;55.1529;-1.16335;-0.528964;-0.123141;0;0;0;0;0;0;3.40936;-9.68197;-55.1529;-25.629;357.792;-64.2498;
2.886;0;0;-10.6958;0;0;0;0;0;0;0;0;0;0;0;0;0;0;0;0;-0;-0;0;0;0;
2.88703;0;0;-10.6958;0;0;0;1.69034;5.53088;19.8995;-0.490385;0.0272212;-0.150832;0;0;0;0;0;0;-1.69034;-5.53088;-19.8995;-8.97168;128.582;-34.7912;
2.888;0;0;-10.6958;0;0;0;0;0;0;0;0;0;0;0;0;0;0;0;0;-0;-0;0;0;0;
2.88903;0;0;-10.6958;0;0;0;6.79177;-4.58644;29.6467;1.07593;2.1489;0.0859566;0;0;0;0;0;0;-6.79177;4.58644;-29.6467;-16.462;189.026;33.0142;
2.89;0;0;-10.6958;0;0;0;0;0;0;0;0;0;0;0;0;0;0;0;0;-0;-0;0;0;0;
2.89103;0;0;-10.6958;0;0;0;0;0;0;0;0;0;0;0;0;0;0;0;0;-0;-0;0;0;0;
2.892;0;0;-10.6958;0;0;0;0;0;0;0;0;0;0;0;0;0;0;0;0;-0;-0;0;0;0;
2.89303;0;0;-10.6958;0;0;0;4.80196;-2.48429;38.7464;0.334284;0.212261;-0.00430241;0;0;0;0;0;0;-4.80196;2.48429;-38.7464;-20.0901;250.051;18.4988;
2.894;0;0;-10.6958;0;0;0;0;0;0;0;0;0;0;0;0;0;0;0;0;-0;-0;0;0;0;
2.89503;0;0;-10.6958;0;0;0;0;0;0;0;0;0;0;0;0;0;0;0;0;-0;-0;0;0;0;
2.896;0;0;-10.6958;0;0;0;4.30938;2.61811;18.4618;-0.477832;0.602362;0.0238034;0;0;0;0;0;0;-4.30938;-2.61811;-18.4618;-8.55323;118.439;-14.7974;
2.89703;0;0;-10.6958;0;0;0;5.89424;6.24957;30.4831;-1.31115;0.197602;0.104817;0;0;0;0;0;0;-5.89424;-6.24957;-30.4831;-13.4068;196.48;-37.5814;
2.898;0;0;-10.6958;0;0;0;0;0;0;0;0;0;0;0;0;0;0;0;0;-0;-0;0;0;0;
2.89903;0;0;-10.6958;0;0;0;0;0;0;0;0;0;0;0;0;0;0;0;0;-0;-0;0;0;0;
2.90006;0;0;-10.6958;0;0;0;0.0283358;0.14967;0.411518;0.0219181;0.0319872;-0.013143;0;0;0;0;0;0;-0.0283358;-0.14967;-0.411518;-0.214045;2.62829;-0.941174;
2.90102;0;0;-10.6958;0;0;0;1.89889;10.6954;41.4408;-1.15847;0.368607;-0.27407;0;0;0;0;0;0;-1.89889;-10.6954;-41.4408;-18.6291;267.624;-67.9848;
2.90204;0;0;-10.6958;0;0;0;-5.12434;2.77414;35.9126;-0.484187;-0.198411;0.0105405;0;0;0;0;0;0;5.12434;-2.77414;-35.9126;-17.3165;233.121;-20.5431;
2.90303;0;0;-10.6958;0;0;0;3.55423;-2.30901;15.4759;0.137701;0.880826;0.119876;0;0;0;0;0;0;-3.55423;2.30901;-15.4759;-8.16083;98.9135;16.6121;
2.90401;0;0;-10.6958;0;0;0;8.67189;-0.390716;34.348;0.673768;-0.772066;-0.305034;0;0;0;0;0;0;-8.67189;0.390716;-34.348;-18.0049;222.182;7.19923;
2.90501;0;0;-10.6958;0;0;0;-3.23453;-1.87172;6.06552;0.256898;-0.423706;0.00624621;0;0;0;0;0;0;3.23453;1.87172;-6.06552;-3.49861;40.0016;10.4782;
2.90602;0;0;-10.6958;0;0;0;0;0;0;0;0;0;0;0;0;0;0;0;0;-0;-0;0;0;0;
2.90703;0;0;-10.6958;0;0;0;0;0;0;0;0;0;0;0;0;0;0;0;0;-0;-0;0;0;0;
2.908;0;0;-10.6958;0;0;0;2.18478;-1.2968;9.3168;0.343207;0.663464;0.0125366;0;0;0;0;0;0;-2.18478;1.2968;-9.3168;-5.16392;59.4102;9.47956;
2.90903;0;0;-10.6958;0;0;0;3.09538;14.1892;43.1342;-1.8067;0.568281;-0.221433;0;0;0;0;0;0;-3.09538;-14.1892;-43.1342;-18.4821;278.262;-90.0449;
2.91006;0;0;-10.6958;0;0;0;1.29513;9.93601;26.3514;-1.34262;0.528056;-0.13312;0;0;0;0;0;0;-1.29513;-9.93601;-26.3514;-10.9247;169.874;-63.5154;
2.91103;0;0;-10.6958;0;0;0;0;0;0;0;0;0;0;0;0;0;0;0;0;-0;-0;0;0;0;
2.91205;0;0;-10.6958;0;0;0;0;0;0;0;0;0;0;0;0;0;0;0;0;-0;-0;0;0;0;
2.91302;0;0;-10.6958;0;0;0;0.190661;12.9906;68.6083;-1.33633;-0.134503;-0.390573;0;0;0;0;0;0;-0.190661;-12.9906;-68.6083;-31.8975;444.111;-83.5816;
2.91405;0;0;-10.6958;0;0;0;-3.80225;-3.04363;8.23893;0.489301;-0.445437;0.0612576;0;0;0;0;0;0;3.80225;3.04363;-8.23893;-4.94297;54.1455;17.7213;
2.91502;0;0;-10.6958;0;0;0;1.29824;3.88062;11.7795;-0.521513;0.270087;-0.0335759;0;0;0;0;0;0;-1.29824;-3.88062;-11.7795;-5.01862;75.8303;-24.4261;
2.91604;0;0;-10.6958;0;0;0;0;0;0;0;0;0;0;0;0;0;0;0;0;-0;-0;0;0;0;
2.91706;0;0;-10.6958;0;0;0;0;0;0;0;0;0;0;0;0;0;0;0;0;-0;-0;0;0;0;
2.91801;0;0;-10.6958;0;0;0;0;0;0;0;0;0;0;0;0;0;0;0;0;-0;-0;0;0;0;
2.91903;0;0;-10.6958;0;0;0;2.44838;-2.53488;12.4668;0.451096;0.371725;0.0585947;0;0;0;0;0;0;-2.44838;2.53488;-12.4668;-6.98209;80.0607;17.5784;
2.92006;0;0;-10.6958;0;0;0;7.56002;-0.911294;29.5567;0.110374;0.656435;0.00661724;0;0;0;0;0;0;-7.56002;0.911294;-29.5567;-15.0818;189.859;9.69674;
2.92102;0;0;-10.6958;0;0;0;1.10464;3.56641;10.6205;-0.551172;0.199476;-0.00965775;0;0;0;0;0;0;-1.10464;-3.56641;-10.6205;-4.43706;68.4198;-22.5141;
2.92205;0;0;-10.6958;0;0;0;-4.00043;-2.08051;7.86991;0.335801;-0.551153;0.0249895;0;0;0;0;0;0;4.00043;2.08051;-7.86991;-4.50689;51.8831;11.425;
2.92301;0;0;-10.6958;0;0;0;3.16305;3.87325;16.5953;-0.592185;0.448631;0.00802181;0;0;0;0;0;0;-3.16305;-3.87325;-16.5953;-7.3731;106.629;-23.4812;
2.92404;0;0;-10.6958;0;0;0;0;0;0;0;0;0;0;0;0;0;0;0;0;-0;-0;0;0;0;
2.92506;0;0;-10.6958;0;0;0;2.22603;7.97481;23.2566;-1.20316;0.441232;-0.0361387;0;0;0;0;0;0;-2.22603;-7.97481;-23.2566;-9.70338;149.839;-50.4518;
2.92602;0;0;-10.6958;0;0;0;0;0;0;0;0;0;0;0;0;0;0;0;0;-0;-0;0;0;0;
2.92704;0;0;-10.6958;0;0;0;0.237861;0.0141555;0.926564;0.0413825;-0.0699434;-0.00955487;0;0;0;0;0;0;-0.237861;-0.0141555;-0.926564;-0.506421;6.04225;0.0376952;
2.92805;0;0;-10.6958;0;0;0;0;0;0;0;0;0;0;0;0;0;0;0;0;-0;-0;0;0;0;
2.92901;0;0;-10.6958;0;0;0;-1.09096;-1.99761;6.47825;0.381151;-0.375306;-0.0528843;0;0;0;0;0;0;1.09096;1.99761;-6.47825;-3.8433;42.4087;12.4311;
2.93002;0;0;-10.6958;0;0;0;0.1054;-0.0391163;0.426106;0.0187056;-0.0321366;-0.00757706;0;0;0;0;0;0;-0.1054;0.0391163;-0.426106;-0.237153;2.77907;0.313778;
2.93102;0;0;-10.6958;0;0;0;0;0;0;0;0;0;0;0;0;0;0;0;0;-0;-0;0;0;0;
2.93204;0;0;-10.6958;0;0;0;0;0;0;0;0;0;0;0;0;0;0;0;0;-0;-0;0;0;0;
2.93306;0;0;-10.6958;0;0;0;0;0;0;0;0;0;0;0;0;0;0;0;0;-0;-0;0;0;0;
2.93402;0;0;-10.6958;0;0;0;1.1555;12.4953;37.9127;-1.28303;0.170853;-0.347256;0;0;0;0;0;0;-1.1555;-12.4953;-37.9127;-16.5475;245.064;-79.9337;
2.93505;0;0;-10.6958;0;0;0;0;0;0;0;0;0;0;0;0;0;0;0;0;-0;-0;0;0;0;
2.93601;0;0;-10.6958;0;0;0;3.79268;-2.35615;16.3463;0.45854;0.921327;0.0435708;0;0;0;0;0;0;-3.79268;2.35615;-16.3463;-8.92462;104.482;17.1135;
2.93704;0;0;-10.6958;0;0;0;0;0;0;0;0;0;0;0;0;0;0;0;0;-0;-0;0;0;0;
2.93806;0;0;-10.6958;0;0;0;0;0;0;0;0;0;0;0;0;0;0;0;0;-0;-0;0;0;0;
2.93902;0;0;-10.6958;0;0;0;0.0778804;-0.0282745;0.314357;0.012075;0.022594;-0.000959335;0;0;0;0;0;0;-0.0778804;0.0282745;-0.314357;-0.173175;2.00393;0.223144;
2.94003;0;0;-10.6958;0;0;0;0;0;0;0;0;0;0;0;0;0;0;0;0;-0;-0;0;0;0;
2.94105;0;0;-10.6958;0;0;0;-0.110979;-5.56868;18.871;0.68619;0.0285766;0.107023;0;0;0;0;0;0;0.110979;5.56868;-18.871;-10.7462;122.105;35.8746;
2.94201;0;0;-10.6958;0;0;0;0;0;0;0;0;0;0;0;0;0;0;0;0;-0;-0;0;0;0;
2.94303;0;0;-10.6958;0;0;0;1.26903;-1.86429;7.38175;0.261831;0.448393;0.0851847;0;0;0;0;0;0;-1.26903;1.86429;-7.38175;-4.16544;47.1947;12.6184;
2.94406;0;0;-10.6958;0;0;0;9.79381;0.485813;41.9617;-0.150231;0.969011;-0.0154562;0;0;0;0;0;0;-9.79381;-0.485813;-41.9617;-20.9258;269.6;1.80207;
2.94502;0;0;-10.6958;0;0;0;4.1397;4.02216;19.8873;-0.930662;0.415565;0.109645;0;0;0;0;0;0;-4.1397;-4.02216;-19.8873;-8.677;127.868;-24.0548;
2.94604;0;0;-10.6958;0;0;0;3.67235;-0.613645;14.4096;-0.14095;-0.413856;0.0228487;0;0;0;0;0;0;-3.67235;0.613645;-14.4096;-7.17502;93.296;5.79711;
2.94706;0;0;-10.6958;0;0;0;1.10527;-0.551082;4.59682;-0.286597;0.0719553;0.0775364;0;0;0;0;0;0;-1.10527;0.551082;-4.59682;-2.08299;29.5651;4.04519;
2.94802;0;0;-10.6958;0;0;0;0.116323;0.0156578;0.455032;-0.0267598;0.0069642;0.00660115;0;0;0;0;0;0;-0.116323;-0.0156578;-0.455032;-0.200745;2.92606;-0.0493688;
2.94904;0;0;-10.6958;0;0;0;3.60902;-0.466129;14.1128;-0.0355107;0.521161;0.0241937;0;0;0;0;0;0;-3.60902;0.466129;-14.1128;-7.11618;90.4462;4.80924;
2.95006;0;0;-10.6958;0;0;0;6.00528;-0.903256;23.835;-0.263494;-0.359566;0.0131461;0;0;0;0;0;0;-6.00528;0.903256;-23.835;-11.8266;154.003;8.85549;
2.95102;0;0;-10.6958;0;0;0;1.8998;1.95578;9.30995;-0.51;0.153492;0.0718266;0;0;0;0;0;0;-1.8998;-1.95578;-9.30995;-3.98035;59.9045;-11.7721;
2.95204;0;0;-10.6958;0;0;0;0;0;0;0;0;0;0;0;0;0;0;0;0;-0;-0;0;0;0;
2.953;0;0;-10.6958;0;0;0;0;0;0;0;0;0;0;0;0;0;0;0;0;-0;-0;0;0;0;
2.95403;0;0;-10.6958;0;0;0;0;0;0;0;0;0;0;0;0;0;0;0;0;-0;-0;0;0;0;
2.955;0;0;-10.6958;0;0;0;-1.36247;-0.863391;2.64477;0.111679;-0.185091;-0.0028912;0;0;0;0;0;0;1.36247;0.863391;-2.64477;-1.52992;17.4375;4.90437;
2.95603;0;0;-10.6958;0;0;0;0;0;0;0;0;0;0;0;0;0;0;0;0;-0;-0;0;0;0;
2.95705;0;0;-10.6958;0;0;0;1.91098;0.129889;7.44634;-0.440806;0.113795;0.11114;0;0;0;0;0;0;-1.91098;-0.129889;-7.44634;-3.29487;47.8827;0.0103411;
2.95801;0;0;-10.6958;0;0;0;0;0;0;0;0;0;0;0;0;0;0;0;0;-0;-0;0;0;0;
2.95903;0;0;-10.6958;0;0;0;3.15503;-5.03663;86.7638;1.06618;0.0112238;-0.129897;0;0;0;0;0;0;-3.15503;5.03663;-86.7638;-45.2522;561.159;34.3126;
2.96006;0;0;-10.6958;0;0;0;-4.65832;-1.88386;7.9149;0.339206;-0.549769;0.0687868;0;0;0;0;0;0;4.65832;1.88386;-7.9149;-4.51319;52.2389;9.77737;
2.96102;0;0;-10.6958;0;0;0;0;0;0;0;0;0;0;0;0;0;0;0;0;-0;-0;0;0;0;
2.96204;0;0;-10.6958;0;0;0;0;0;0;0;0;0;0;0;0;0;0;0;0;-0;-0;0;0;0;
2.96301;0;0;-10.6958;0;0;0;0;0;0;0;0;0;0;0;0;0;0;0;0;-0;-0;0;0;0;
2.96403;0;0;-10.6958;0;0;0;0;0;0;0;0;0;0;0;0;0;0;0;0;-0;-0;0;0;0;
2.96504;0;0;-10.6958;0;0;0;1.48756;-1.40602;13.4773;0.592071;-0.972186;-0.183511;0;0;0;0;0;0;-1.48756;1.40602;-13.4773;-7.51833;88.0404;10.0314;
2.96601;0;0;-10.6958;0;0;0;3.87669;2.13522;16.4149;-0.877483;0.226497;0.170515;0;0;0;0;0;0;-3.87669;-2.13522;-16.4149;-7.17172;105.612;-12.0368;
2.96704;0;0;-10.6958;0;0;0;2.43547;20.9269;55.3584;-2.75313;1.07461;-0.314175;0;0;0;0;0;0;-2.43547;-20.9269;-55.3584;-23.0127;356.93;-133.887;
2.96801;0;0;-10.6958;0;0;0;-5.09392;-0.695353;43.7192;-0.287396;-0.517768;0.101457;0;0;0;0;0;0;5.09392;0.695353;-43.7192;-21.7922;283.956;1.83403;
2.96903;0;0;-10.6958;0;0;0;-0.352242;-0.83997;6.2663;0.273198;-0.459039;-0.0461752;0;0;0;0;0;0;0.352242;0.83997;-6.2663;-3.51229;41.0465;5.30467;
2.97005;0;0;-10.6958;0;0;0;-1.2697;-5.17894;11.7527;0.511882;0.114517;0.105775;0;0;0;0;0;0;1.2697;5.17894;-11.7527;-6.94915;76.0701;32.7703;
2.97101;0;0;-10.6958;0;0;0;0;0;0;0;0;0;0;0;0;0;0;0;0;-0;-0;0;0;0;
2.97204;0;0;-10.6958;0;0;0;1.00249;-0.184142;3.93902;0.246202;-0.240188;-0.073887;0;0;0;0;0;0;-1.00249;0.184142;-3.93902;-2.24775;25.6306;1.77024;
2.97306;0;0;-10.6958;0;0;0;1.51038;-0.593557;6.13302;0.38037;-0.373482;-0.12982;0;0;0;0;0;0;-1.51038;0.593557;-6.13302;-3.5276;39.9112;4.73137;
2.97402;0;0;-10.6958;0;0;0;0.249238;-0.0303322;0.974041;0.0610273;-0.0594061;-0.0174656;0;0;0;0;0;0;-0.249238;0.0303322;-0.974041;-0.554442;6.33781;0.339234;
2.97504;0;0;-10.6958;0;0;0;0.209834;-10.5345;55.8889;0.748236;-1.62349;0.233631;0;0;0;0;0;0;-0.209834;10.5345;-55.8889;-29.9435;363.284;68.0454;
2.976;0;0;-10.6958;0;0;0;0;0;0;0;0;0;0;0;0;0;0;0;0;-0;-0;0;0;0;
2.97703;0;0;-10.6958;0;0;0;1.78229;1.18174;7.75169;-0.434882;0.123209;0.081206;0;0;0;0;0;0;-1.78229;-1.18174;-7.75169;-3.34881;49.8623;-6.83149;
2.97805;0;0;-10.6958;0;0;0;0;0;0;0;0;0;0;0;0;0;0;0;0;-0;-0;0;0;0;
2.97902;0;0;-10.6958;0;0;0;0;0;0;0;0;0;0;0;0;0;0;0;0;-0;-0;0;0;0;
2.98004;0;0;-10.6958;0;0;0;0.189621;0.0729129;0.768642;0.0341748;0.0552719;-0.0136739;0;0;0;0;0;0;-0.189621;-0.0729129;-0.768642;-0.413807;4.89989;-0.362716;
2.98101;0;0;-10.6958;0;0;0;7.01908;-0.0427595;29.0457;0.0590158;0.420355;-0.152972;0;0;0;0;0;0;-7.01908;0.0427595;-29.0457;-14.6859;186.842;3.96333;
2.98204;0;0;-10.6958;0;0;0;4.82119;-0.107136;18.7659;0.0195747;0.729543;-0.00461693;0;0;0;0;0;0;-4.82119;0.107136;-18.7659;-9.47772;120.228;3.12509;
2.983;0;0;-10.6958;0;0;0;0;0;0;0;0;0;0;0;0;0;0;0;0;-0;-0;0;0;0;
2.98402;0;0;-10.6958;0;0;0;4.76009;10.3911;34.3837;-1.81089;0.618653;0.0637364;0;0;0;0;0;0;-4.76009;-10.3911;-34.3837;-14.4546;221.415;-64.913;
2.98504;0;0;-10.6958;0;0;0;1.33582;2.43731;8.6109;-0.457297;0.151627;0.0280228;0;0;0;0;0;0;-1.33582;-2.43731;-8.6109;-3.63275;55.439;-15.1284;
2.98605;0;0;-10.6958;0;0;0;0;0;0;0;0;0;0;0;0;0;0;0;0;-0;-0;0;0;0;
2.987;0;0;-10.6958;0;0;0;-2.87829;-1.23751;4.95521;0.21195;-0.344464;0.0370876;0;0;0;0;0;0;2.87829;1.23751;-4.95521;-2.83096;32.7011;6.52235;
2.98801;0;0;-10.6958;0;0;0;2.77866;-1.68698;11.8924;0.436596;0.860232;0.0200161;0;0;0;0;0;0;-2.77866;1.68698;-11.8924;-6.5932;75.8213;12.296;
2.98902;0;0;-10.6958;0;0;0;5.7916;4.90896;28.8878;-0.816237;0.0563103;-9.96479e-05;0;0;0;0;0;0;-5.7916;-4.90896;-28.8878;-13.2335;186.307;-28.8522;
2.99004;0;0;-10.6958;0;0;0;-0.37246;4.40073;12.98;-0.672656;0.28328;-0.115345;0;0;0;0;0;0;0.37246;-4.40073;-12.98;-5.41959;83.7532;-28.5512;
2.99105;0;0;-10.6958;0;0;0;3.67472;-0.932513;14.5754;0.162312;0.634773;0.00828714;0;0;0;0;0;0;-3.67472;0.932513;-14.5754;-7.59379;93.3195;7.8764;
2.99201;0;0;-10.6958;0;0;0;-12.3805;5.09422;55.955;-0.565841;-0.337207;-0.0983469;0;0;0;0;0;0;12.3805;-5.09422;-55.955;-27.0919;363.691;-39.1013;
2.99304;0;0;-10.6958;0;0;0;0;0;0;0;0;0;0;0;0;0;0;0;0;-0;-0;0;0;0;
2.99406;0;0;-10.6958;0;0;0;2.54699;-3.03997;13.2173;0.802749;-0.798051;-0.338241;0;0;0;0;0;0;-2.54699;3.03997;-13.2173;-7.76237;86.0771;21.2934;
2.99501;0;0;-10.6958;0;0;0;0.518079;-1.4391;4.74489;-0.0414937;0.2536;0.115293;0;0;0;0;0;0;-0.518079;1.4391;-4.74489;-2.4919;30.4006;9.45855;
2.996;0;0;-10.6958;0;0;0;0;0;0;0;0;0;0;0;0;0;0;0;0;-0;-0;0;0;0;
2.99705;0;0;-10.6958;0;0;0;-4.00022;-3.51689;9.16596;0.514759;-0.366355;0.0930507;0;0;0;0;0;0;4.00022;3.51689;-9.16596;-5.48272;60.0854;20.6524;
2.99801;0;0;-10.6958;0;0;0;0.584523;1.9406;5.74517;-0.297895;0.108205;-0.0062412;0;0;0;0;0;0;-0.584523;-1.9406;-5.74517;-2.39938;37.0126;-12.258;
2.99903;0;0;-10.6958;0;0;0;2.34788;5.13583;18.1923;-0.737389;0.133212;-0.0380647;0;0;0;0;0;0;-2.34788;-5.13583;-18.1923;-7.90504;117.361;-32.0161;
3.00005;0;0;-10.6958;0;0;0;3.32953;-0.340895;12.9964;0.0845068;0.683567;-0.00258642;0;0;0;0;0;0;-3.32953;0.340895;-12.9964;-6.66162;83.087;3.88487;
3.00102;0;0;-10.6958;0;0;0;-3.17053;9.92824;46.1652;-1.33616;-0.0723772;-0.128103;0;0;0;0;0;0;3.17053;-9.92824;-46.1652;-20.9072;299.146;-65.718;
3.00204;0;0;-10.6958;0;0;0;0;0;0;0;0;0;0;0;0;0;0;0;0;-0;-0;0;0;0;
3.00301;0;0;-10.6958;0;0;0;0;0;0;0;0;0;0;0;0;0;0;0;0;-0;-0;0;0;0;
3.00403;0;0;-10.6958;0;0;0;-3.47055;-4.0256;9.56957;0.563588;-0.526521;-0.0170964;0;0;0;0;0;0;3.47055;4.0256;-9.56957;-5.78588;62.8042;24.3213;
3.00506;0;0;-10.6958;0;0;0;-4.26844;2.181;45.2539;-0.913831;-0.592813;0.165006;0;0;0;0;0;0;4.26844;-2.181;-45.2539;-21.6494;293.879;-16.4281;
3.00602;0;0;-10.6958;0;0;0;3.96924;-4.07147;20.5085;0.932336;0.285566;0.00269312;0;0;0;0;0;0;-3.96924;4.07147;-20.5085;-11.6663;132.035;28.3438;
3.00705;0;0;-10.6958;0;0;0;0.283007;0.0883607;1.13185;0.0510569;-0.0853848;-0.00610047;0;0;0;0;0;0;-0.283007;-0.0883607;-1.13185;-0.61199;7.38163;-0.423244;
3.00801;0;0;-10.6958;0;0;0;0.41281;-0.233812;1.74714;0.0646027;0.126229;0.00162847;0;0;0;0;0;0;-0.41281;0.233812;-1.74714;-0.96768;11.1388;1.71929;
3.00903;0;0;-10.6958;0;0;0;4.17222;-2.36996;17.6723;0.578386;1.23469;0.0316521;0;0;0;0;0;0;-4.17222;2.36996;-17.6723;-9.71347;112.711;17.4058;
3.01005;0;0;-10.6958;0;0;0;0;0;0;0;0;0;0;0;0;0;0;0;0;-0;-0;0;0;0;
3.01101;0;0;-10.6958;0;0;0;5.31654;0.692277;20.7903;-1.22317;0.31816;0.302198;0;0;0;0;0;0;-5.31654;-0.692277;-20.7903;-9.17383;133.69;-2.10568;
3.01203;0;0;-10.6958;0;0;0;-5.12692;-2.01792;8.66412;0.371624;-0.60163;0.0797827;0;0;0;0;0;0;5.12692;2.01792;-8.66412;-4.93629;57.1862;10.398;
3.01304;0;0;-10.6958;0;0;0;0;0;0;0;0;0;0;0;0;0;0;0;0;-0;-0;0;0;0;
3.01406;0;0;-10.6958;0;0;0;2.12047;-1.23041;9.00822;0.332276;0.651094;0.010716;0;0;0;0;0;0;-2.12047;1.23041;-9.00822;-4.99102;57.4319;9.0193;
3.01502;0;0;-10.6958;0;0;0;3.23892;0.0835486;12.6098;-0.174991;0.512607;0.0388648;0;0;0;0;0;0;-3.23892;-0.0835486;-12.6098;-6.16483;80.765;1.05105;
3.01604;0;0;-10.6958;0;0;0;0;0;0;0;0;0;0;0;0;0;0;0;0;-0;-0;0;0;0;
3.017;0;0;-10.6958;0;0;0;-0.051146;-0.323457;3.99248;0.175569;-0.293708;-0.0215461;0;0;0;0;0;0;0.051146;0.323457;-3.99248;-2.21804;26.1359;2.08903;
3.01803;0;0;-10.6958;0;0;0;1.24571;1.59198;9.69985;0.102738;-0.385508;-0.120032;0;0;0;0;0;0;-1.24571;-1.59198;-9.69985;-4.82599;63.0322;-9.55519;
3.01905;0;0;-10.6958;0;0;0;0;0;0;0;0;0;0;0;0;0;0;0;0;-0;-0;0;0;0;
3.02001;0;0;-10.6958;0;0;0;0;0;0;0;0;0;0;0;0;0;0;0;0;-0;-0;0;0;0;
3.02103;0;0;-10.6958;0;0;0;0.966697;-0.397969;3.94076;-0.243985;0.0612477;0.0660365;0;0;0;0;0;0;-0.966697;0.397969;-3.94076;-1.77994;25.344;2.99606;
3.02205;0;0;-10.6958;0;0;0;0;0;0;0;0;0;0;0;0;0;0;0;0;-0;-0;0;0;0;
3.02301;0;0;-10.6958;0;0;0;0;0;0;0;0;0;0;0;0;0;0;0;0;-0;-0;0;0;0;
3.02404;0;0;-10.6958;0;0;0;0.513196;6.18394;29.3705;-0.678531;0.00752516;-0.122014;0;0;0;0;0;0;-0.513196;-6.18394;-29.3705;-13.4861;190.01;-39.6385;
3.02501;0;0;-10.6958;0;0;0;-10.5001;-8.21155;22.4717;1.33542;-1.21372;0.180473;0;0;0;0;0;0;10.5001;8.21155;-22.4717;-13.4739;147.693;47.6739;
3.02604;0;0;-10.6958;0;0;0;0;0;0;0;0;0;0;0;0;0;0;0;0;-0;-0;0;0;0;
3.027;0;0;-10.6958;0;0;0;0;0;0;0;0;0;0;0;0;0;0;0;0;-0;-0;0;0;0;
3.02803;0;0;-10.6958;0;0;0;0;0;0;0;0;0;0;0;0;0;0;0;0;-0;-0;0;0;0;
3.02906;0;0;-10.6958;0;0;0;0;0;0;0;0;0;0;0;0;0;0;0;0;-0;-0;0;0;0;
3.03002;0;0;-10.6958;0;0;0;1.7457;-0.552764;6.98697;0.270867;0.501698;-0.0279852;0;0;0;0;0;0;-1.7457;0.552764;-6.98697;-3.84393;44.5385;4.48401;
3.03104;0;0;-10.6958;0;0;0;-4.24944;1.51177;51.4788;-0.232349;-1.39692;-0.0619731;0;0;0;0;0;0;4.24944;-1.51177;-51.4788;-25.5321;334.965;-11.8606;
3.032;0;0;-10.6958;0;0;0;0;0;0;0;0;0;0;0;0;0;0;0;0;-0;-0;0;0;0;
3.03303;0;0;-10.6958;0;0;0;0;0;0;0;0;0;0;0;0;0;0;0;0;-0;-0;0;0;0;
3.03406;0;0;-10.6958;0;0;0;0;0;0;0;0;0;0;0;0;0;0;0;0;-0;-0;0;0;0;
3.03503;0;0;-10.6958;0;0;0;5.54344;-0.530969;21.761;0.293388;0.04299;-0.122157;0;0;0;0;0;0;-5.54344;0.530969;-21.761;-11.302;140.224;6.34906;
3.03606;0;0;-10.6958;0;0;0;0;0;0;0;0;0;0;0;0;0;0;0;0;-0;-0;0;0;0;
3.03703;0;0;-10.6958;0;0;0;0;0;0;0;0;0;0;0;0;0;0;0;0;-0;-0;0;0;0;
3.03806;0;0;-10.6958;0;0;0;0.29141;0.309302;1.44394;-0.0789619;0.0238825;0.01082;0;0;0;0;0;0;-0.29141;-0.309302;-1.44394;-0.616885;9.29118;-1.86574;
3.03903;0;0;-10.6958;0;0;0;1.12391;-2.1571;8.73671;0.529188;-0.522132;-0.19699;0;0;0;0;0;0;-1.12391;2.1571;-8.73671;-5.14439;56.9481;14.7223;
3.04005;0;0;-10.6958;0;0;0;0;0;0;0;0;0;0;0;0;0;0;0;0;-0;-0;0;0;0;
3.04102;0;0;-10.6958;0;0;0;1.42027;-1.28124;7.16855;0.438919;-0.433222;-0.164391;0;0;0;0;0;0;-1.42027;1.28124;-7.16855;-4.17662;46.6812;9.17084;
3.04204;0;0;-10.6958;0;0;0;0;0;0;0;0;0;0;0;0;0;0;0;0;-0;-0;0;0;0;
3.04301;0;0;-10.6958;0;0;0;1.33824;0.561;6.68941;0.0811885;-0.177496;-0.0729368;0;0;0;0;0;0;-1.33824;-0.561;-6.68941;-3.39251;43.333;-2.88381;
3.04403;0;0;-10.6958;0;0;0;5.25123;19.2667;58.4679;-2.54977;0.81181;-0.23466;0;0;0;0;0;0;-5.25123;-19.2667;-58.4679;-24.9487;377.031;-121.804;
3.045;0;0;-10.6958;0;0;0;2.83504;9.35737;27.7362;-1.43841;0.52209;-0.0291107;0;0;0;0;0;0;-2.83504;-9.35737;-27.7362;-11.5846;178.686;-59.0991;
3.04603;0;0;-10.6958;0;0;0;0.692386;-0.289811;2.82671;0.107419;0.203425;-0.00545526;0;0;0;0;0;0;-0.692386;0.289811;-2.82671;-1.55962;18.0198;2.22952;
3.04706;0;0;-10.6958;0;0;0;1.6684;-0.172556;6.51253;0.288916;-0.491587;-0.0870405;0;0;0;0;0;0;-1.6684;0.172556;-6.51253;-3.58492;42.4692;2.04366;
3.04802;0;0;-10.6958;0;0;0;0;0;0;0;0;0;0;0;0;0;0;0;0;-0;-0;0;0;0;
3.04904;0;0;-10.6958;0;0;0;0;0;0;0;0;0;0;0;0;0;0;0;0;-0;-0;0;0;0;
3.05;0;0;-10.6958;0;0;0;-10.8658;13.7993;79.2617;-1.77832;0.148001;-0.298921;0;0;0;0;0;0;10.8658;-13.7993;-79.2617;-36.7381;513.88;-94.4724;
3.05103;0;0;-10.6958;0;0;0;2.61083;-1.01072;10.5888;-0.654238;0.164279;0.176994;0;0;0;0;0;0;-2.61083;1.01072;-10.5888;-4.77815;68.0977;7.6782;
3.05205;0;0;-10.6958;0;0;0;5.83784;1.22567;23.0054;-1.34295;0.353111;0.321972;0;0;0;0;0;0;-5.83784;-1.22567;-23.0054;-10.1157;147.938;-5.31482;
3.05301;0;0;-10.6958;0;0;0;5.20577;2.665;21.7595;-0.352188;0.829091;-0.0225655;0;0;0;0;0;0;-5.20577;-2.665;-21.7595;-10.3345;139.462;-14.603;
3.05404;0;0;-10.6958;0;0;0;0.0044968;0.000468942;0.017554;0.000741353;0.00125681;-0.000223487;0;0;0;0;0;0;-0.0044968;-0.000468942;-0.017554;-0.00953157;0.11189;-0.000547366;
3.055;0;0;-10.6958;0;0;0;1.33523;-1.14085;6.19867;0.0765023;-0.303036;-0.0689203;0;0;0;0;0;0;-1.33523;1.14085;-6.19867;-3.31182;40.283;8.12403;
3.05603;0;0;-10.6958;0;0;0;-3.57556;-1.9614;6.84046;0.290773;-0.478365;0.0148253;0;0;0;0;0;0;3.57556;1.9614;-6.84046;-3.93166;45.1052;10.8781;
3.057;0;0;-10.6958;0;0;0;1.46522;-0.845391;15.6909;0.092632;0.169714;0.0141119;0;0;0;0;0;0;-1.46522;0.845391;-15.6909;-8.07703;101.226;6.19442;
3.05803;0;0;-10.6958;0;0;0;1.63122;0.931149;6.91212;-0.390588;0.108915;0.0775045;0;0;0;0;0;0;-1.63122;-0.931149;-6.91212;-2.99565;44.4583;-5.28213;
3.05906;0;0;-10.6958;0;0;0;0.804974;-2.33609;14.3582;0.157489;-0.402891;0.0484383;0;0;0;0;0;0;-0.804974;2.33609;-14.3582;-7.62079;93.2401;15.4746;
3.06003;0;0;-10.6958;0;0;0;0;0;0;0;0;0;0;0;0;0;0;0;0;-0;-0;0;0;0;
3.06106;0;0;-10.6958;0;0;0;0.856535;-0.350259;3.48964;0.216302;-0.212483;-0.0744187;0;0;0;0;0;0;-0.856535;0.350259;-3.48964;-2.00833;22.7093;2.7723;
3.06203;0;0;-10.6958;0;0;0;0;0;0;0;0;0;0;0;0;0;0;0;0;-0;-0;0;0;0;
3.063;0;0;-10.6958;0;0;0;0.767948;-0.0914949;3.75795;0.16677;-0.282273;-0.0409525;0;0;0;0;0;0;-0.767948;0.0914949;-3.75795;-2.06786;24.5243;1.01967;
3.06403;0;0;-10.6958;0;0;0;1.05309;-0.506912;4.36147;0.163789;0.314368;-0.00301004;0;0;0;0;0;0;-1.05309;0.506912;-4.36147;-2.41047;27.8046;3.81361;
3.065;0;0;-10.6958;0;0;0;0;0;0;0;0;0;0;0;0;0;0;0;0;-0;-0;0;0;0;
3.06603;0;0;-10.6958;0;0;0;0;0;0;0;0;0;0;0;0;0;0;0;0;-0;-0;0;0;0;
3.06706;0;0;-10.6958;0;0;0;-3.26791;-4.06094;9.50495;0.559168;-0.524706;-0.0319295;0;0;0;0;0;0;3.26791;4.06094;-9.50495;-5.7525;62.3636;24.6667;
3.06803;0;0;-10.6958;0;0;0;4.18083;-2.8431;18.3474;0.711122;1.07111;0.0250148;0;0;0;0;0;0;-4.18083;2.8431;-18.3474;-10.2337;117.242;20.4786;
3.06906;0;0;-10.6958;0;0;0;-0.72729;0.0773011;4.93791;-0.00813537;-0.123816;0.00053877;0;0;0;0;0;0;0.72729;-0.0773011;-4.93791;-2.47003;32.1521;-0.866932;
3.07003;0;0;-10.6958;0;0;0;0;0;0;0;0;0;0;0;0;0;0;0;0;-0;-0;0;0;0;
3.07106;0;0;-10.6958;0;0;0;0;0;0;0;0;0;0;0;0;0;0;0;0;-0;-0;0;0;0;
3.07203;0;0;-10.6958;0;0;0;3.88141;-2.38071;34.1668;0.2724;0.214417;0.0514743;0;0;0;0;0;0;-3.88141;2.38071;-34.1668;-17.7126;220.503;17.3091;
3.07306;0;0;-10.6958;0;0;0;6.96008;0.312024;43.5127;-0.28634;0.435391;0.0738154;0;0;0;0;0;0;-6.96008;-0.312024;-43.5127;-21.5884;280.454;1.41093;
3.07403;0;0;-10.6958;0;0;0;0;0;0;0;0;0;0;0;0;0;0;0;0;-0;-0;0;0;0;
3.07506;0;0;-10.6958;0;0;0;0;0;0;0;0;0;0;0;0;0;0;0;0;-0;-0;0;0;0;
3.07603;0;0;-10.6958;0;0;0;3.58416;-2.51368;15.7818;0.584026;1.06852;0.0427064;0;0;0;0;0;0;-3.58416;2.51368;-15.7818;-8.78185;100.702;18.0287;
3.07705;0;0;-10.6958;0;0;0;0;0;0;0;0;0;0;0;0;0;0;0;0;-0;-0;0;0;0;
3.07802;0;0;-10.6958;0;0;0;0.46859;0.966961;3.2618;-0.172218;0.0583011;0.0074575;0;0;0;0;0;0;-0.46859;-0.966961;-3.2618;-1.37272;21.003;-6.02915;
3.07904;0;0;-10.6958;0;0;0;3.72157;2.60043;16.3597;-0.915355;0.260961;0.166747;0;0;0;0;0;0;-3.72157;-2.60043;-16.3597;-7.05944;105.236;-15.1216;
3.08001;0;0;-10.6958;0;0;0;-5.43618;-6.44042;17.3621;1.03083;-0.963603;-0.0346854;0;0;0;0;0;0;5.43618;6.44042;-17.3621;-10.4189;113.867;38.9765;
3.08102;0;0;-10.6958;0;0;0;0;0;0;0;0;0;0;0;0;0;0;0;0;-0;-0;0;0;0;
3.08204;0;0;-10.6958;0;0;0;0.839613;-0.411262;3.48446;0.152305;-0.262639;-0.067698;0;0;0;0;0;0;-0.839613;0.411262;-3.48446;-1.94786;22.7276;3.15184;
3.083;0;0;-10.6958;0;0;0;0.967374;2.40555;7.64522;-0.400465;0.139658;0.0067289;0;0;0;0;0;0;-0.967374;-2.40555;-7.64522;-3.20667;49.2384;-15.087;
3.08403;0;0;-10.6958;0;0;0;4.92658;3.82725;33.174;-0.420883;0.641251;-0.0858497;0;0;0;0;0;0;-4.92658;-3.82725;-33.174;-15.8956;213.546;-22.2016;
3.08506;0;0;-10.6958;0;0;0;0;0;0;0;0;0;0;0;0;0;0;0;0;-0;-0;0;0;0;
3.08602;0;0;-10.6958;0;0;0;1.73329;-0.911428;7.25824;0.270353;0.523788;0.00121192;0;0;0;0;0;0;-1.73329;0.911428;-7.25824;-4.01605;46.273;6.76961;
3.08705;0;0;-10.6958;0;0;0;0.326278;-0.0577095;1.30057;-0.0165414;-0.0188464;0.00580549;0;0;0;0;0;0;-0.326278;0.0577095;-1.30057;-0.64402;8.40258;0.531918;
3.08801;0;0;-10.6958;0;0;0;0;0;0;0;0;0;0;0;0;0;0;0;0;-0;-0;0;0;0;
3.08903;0;0;-10.6958;0;0;0;0;0;0;0;0;0;0;0;0;0;0;0;0;-0;-0;0;0;0;
3.09005;0;0;-10.6958;0;0;0;0;0;0;0;0;0;0;0;0;0;0;0;0;-0;-0;0;0;0;
3.09102;0;0;-10.6958;0;0;0;0;0;0;0;0;0;0;0;0;0;0;0;0;-0;-0;0;0;0;
3.09204;0;0;-10.6958;0;0;0;0.0946317;-0.0245722;0.375359;0.0233922;-0.0228804;-0.00739523;0;0;0;0;0;0;-0.0946317;0.0245722;-0.375359;-0.214833;2.44247;0.214053;
3.09301;0;0;-10.6958;0;0;0;-9.37791;-10.0289;24.3819;1.31273;-0.729342;0.187754;0;0;0;0;0;0;9.37791;10.0289;-24.3819;-14.5956;159.457;59.992;
3.09404;0;0;-10.6958;0;0;0;1.67737;1.42605;7.73598;-0.428333;0.125303;0.0697759;0;0;0;0;0;0;-1.67737;-1.42605;-7.73598;-3.32296;49.7688;-8.45384;
3.09506;0;0;-10.6958;0;0;0;0;0;0;0;0;0;0;0;0;0;0;0;0;-0;-0;0;0;0;
3.09602;0;0;-10.6958;0;0;0;0;0;0;0;0;0;0;0;0;0;0;0;0;-0;-0;0;0;0;
3.09704;0;0;-10.6958;0;0;0;0;0;0;0;0;0;0;0;0;0;0;0;0;-0;-0;0;0;0;
3.09801;8.62698e-07;8.29669e-08;-10.6958;7.80017e-09;6.97704e-09;-4.98448e-08;0;0;0;0;0;0;0;0;0;0;0;0;0;-0;-0;0;0;0;
3.09903;0.000140906;5.2157e-06;-10.6958;1.28899e-06;1.3704e-06;-7.15475e-06;2.62033;4.25677;15.797;-0.843825;0.274308;0.0660525;0;0;0;0;0;0;-2.62033;-4.25677;-15.797;-6.68123;101.691;-26.2941;
3.10006;0.0026537;6.3226e-05;-10.6947;2.7046e-05;3.24455e-05;-0.00013007;1.02089;-0.168351;4.00386;-0.242477;0.0613486;0.0644051;0;0;0;0;0;0;-1.02089;0.168351;-4.00386;-1.79015;25.7466;1.53902;
3.10102;0.024556;0.000705611;-10.6847;0.000290789;0.000382596;-0.00120847;-1.86728;-8.30406;27.2699;1.01167;-0.412422;0.138401;0;0;0;0;0;0;1.86728;8.30406;-27.2699;-15.5751;177.074;52.6604;
3.10205;0.143896;0.00569647;-10.6232;0.00203766;0.00289154;-0.00722089;3.95648;7.28936;25.6616;-1.26267;0.507401;0.0498237;0;0;0;0;0;0;-3.95648;-7.28936;-25.6616;-10.9238;165.161;-45.2304;
3.10306;0.437893;0.0237168;-10.4466;0.00750694;0.011303;-0.0226058;-11.7282;-9.25853;25.2248;1.49859;-1.36306;0.196465;0;0;0;0;0;0;11.7282;9.25853;-25.2248;-15.1284;165.782;53.8147;
3.10401;0.604354;0.0468028;-10.3082;0.0124121;0.0194837;-0.0325497;-14.8385;3.22632;51.9066;-0.486358;-0.682478;0.0205772;0;0;0;0;0;0;14.8385;-3.22632;-51.9066;-25.3213;338.082;-28.3697;
3.10502;0.394963;0.0446155;-10.4194;0.00922599;0.0147842;-0.0225646;-1.90473;-1.32595;3.85004;0.229569;-0.206934;0.0423066;0;0;0;0;0;0;1.90473;1.32595;-3.85004;-2.30111;25.3135;7.57955;
3.10601;0.232632;0.0283872;-10.5277;0.00567593;0.00915812;-0.0134595;-1.80848;-0.829333;6.31089;0.275237;-0.451958;0.01948;0;0;0;0;0;0;1.80848;0.829333;-6.31089;-3.53576;41.474;4.437;
3.10701;0.230761;0.0194114;-10.5265;0.0056529;0.00922575;-0.0124428;0;0;0;0;0;0;0;0;0;0;0;0;0;-0;-0;0;0;0;
3.108;0.32164;0.0130463;-10.4468;0.00839779;0.0138222;-0.0161025;-6.30285;-3.89394;34.8713;-0.0600134;-0.490744;0.226308;0;0;0;0;0;0;6.30285;3.89394;-34.8713;-17.887;226.79;21.7998;
3.109;0.422375;-0.0232703;-10.3279;0.0130033;0.0214651;-0.0180156;0;0;0;0;0;0;0;0;0;0;0;0;0;-0;-0;0;0;0;
3.11005;0.499136;-0.0126847;-10.2784;0.0149087;0.0232622;-0.0217514;0;0;0;0;0;0;0;0;0;0;0;0;0;-0;-0;0;0;0;
3.11105;0.462026;0.0138181;-10.3863;0.0108056;0.014544;-0.0217972;2.55342;-3.19958;13.5307;0.454896;0.998628;0.150299;0;0;0;0;0;0;-2.55342;3.19958;-13.5307;-7.58839;86.3071;21.841;
3.11202;0.345648;0.0337599;-10.4915;0.00712534;0.00821349;-0.0178686;0;0;0;0;0;0;0;0;0;0;0;0;0;-0;-0;0;0;0;
3.11303;0.213336;0.0220165;-10.58;0.00390103;0.00423704;-0.0112612;-4.77126;-1.68477;7.91046;0.287359;-0.496761;0.0646671;0;0;0;0;0;0;4.77126;1.68477;-7.91046;-4.43915;52.168;8.43608;
3.11403;0.234258;-0.0155805;-10.564;0.00407042;0.00539415;-0.00927919;0;0;0;0;0;0;0;0;0;0;0;0;0;-0;-0;0;0;0;
3.11504;0.325291;-0.0593524;-10.5278;0.00510493;0.00640884;-0.00962343;0;0;0;0;0;0;0;0;0;0;0;0;0;-0;-0;0;0;0;
3.116;0.631927;0.0201487;-10.439;0.00748192;0.00641451;-0.0254815;2.6466;-1.94664;11.7662;0.422941;0.854434;0.0462277;0;0;0;0;0;0;-2.6466;1.94664;-11.7662;-6.54219;75.0231;13.8837;
3.11703;1.13298;0.19663;-10.3348;0.00938046;0.00254087;-0.0495722;0;0;0;0;0;0;0;0;0;0;0;0;0;-0;-0;0;0;0;
3.11805;1.62368;0.199145;-10.2598;0.00869076;-0.00378311;-0.053871;0;0;0;0;0;0;0;0;0;0;0;0;0;-0;-0;0;0;0;
3.11902;1.17568;0.121785;-10.3822;0.00635116;-0.00241644;-0.0383845;0.484719;-1.02034;3.41807;0.144998;-0.255229;-0.0967516;0;0;0;0;0;0;-0.484719;1.02034;-3.41807;-1.96835;22.3262;6.94381;
3.12001;0.68875;0.0683886;-10.5252;0.00306353;-0.00218354;-0.0245296;0;0;0;0;0;0;0;0;0;0;0;0;0;-0;-0;0;0;0;
3.12101;0.348021;0.0160837;-10.6155;0.00115404;-0.000826969;-0.0135326;0.409818;0.0741377;1.60981;0.0690116;0.11534;-0.0228804;0;0;0;0;0;0;-0.409818;-0.0741377;-1.60981;-0.872012;10.2612;-0.250574;
3.12202;0.294835;0.0456777;-10.6217;0.00133369;-0.000488405;-0.0127015;5.15926;8.87915;32.1895;-1.05782;0.925499;-0.0899253;0;0;0;0;0;0;-5.15926;-8.87915;-32.1895;-14.2554;206.867;-54.7731;
3.12304;0.162089;0.0267724;-10.6598;0.000658809;-0.000289021;-0.00746571;0;0;0;0;0;0;0;0;0;0;0;0;0;-0;-0;0;0;0;
3.12401;0.228645;0.0377295;-10.654;0.000518099;-0.00162011;-0.00752715;0.422062;-0.242816;1.79061;0.0661144;0.129399;0.00196342;0;0;0;0;0;0;-0.422062;0.242816;-1.79061;-0.991989;11.4159;1.78188;
3.12505;0.208443;0.0248151;-10.6522;0.000498023;-0.000958187;-0.00603353;1.65088;-0.862941;6.90765;0.257465;0.49844;0.000735356;0;0;0;0;0;0;-1.65088;0.862941;-6.90765;-3.82181;44.0377;6.41482;
3.12604;0.244317;0.0677856;-10.6399;0.0011046;-0.00071932;-0.00900812;0.337391;1.68984;7.76;-0.195869;0.00950406;-0.0260644;0;0;0;0;0;0;-0.337391;-1.68984;-7.76;-3.54102;50.1746;-10.7397;
3.12701;0.659277;0.0950561;-10.5752;0.00159446;-0.00489418;-0.0098505;0.50045;-0.179765;2.01853;0.125332;-0.122963;-0.0420241;0;0;0;0;0;0;-0.50045;0.179765;-2.01853;-1.15962;13.1354;1.4573;
3.12801;1.0946;0.0922273;-10.5121;0.0018928;-0.00956627;-0.00838898;-0.77015;-0.454463;1.45447;0.0871733;-0.07769;0.0218839;0;0;0;0;0;0;0.77015;0.454463;-1.45447;-0.865092;9.56752;2.53139;
3.12904;0.755413;0.0839178;-10.536;0.00253677;-0.00336522;-0.0115951;-0.0518123;-0.197461;0.525979;0.0220239;-0.0383739;-0.0122367;0;0;0;0;0;0;0.0518123;0.197461;-0.525979;-0.306671;3.4474;1.264;
3.13004;0.475991;0.0554344;-10.5563;0.00283246;0.00157976;-0.0134905;0;0;0;0;0;0;0;0;0;0;0;0;0;-0;-0;0;0;0;
3.13104;0.446638;0.0810499;-10.5283;0.00440238;0.00453506;-0.0176747;0;0;0;0;0;0;0;0;0;0;0;0;0;-0;-0;0;0;0;
3.13205;0.489822;0.121027;-10.4816;0.00651537;0.00729449;-0.0225382;-14.5642;0.0799753;103.257;-0.365768;-0.740131;0.156401;0;0;0;0;0;0;14.5642;-0.0799753;-103.257;-51.6104;670.421;-8.0062;
3.13305;0.6304;0.161002;-10.4622;0.0079933;0.00572338;-0.0260128;0;0;0;0;0;0;0;0;0;0;0;0;0;-0;-0;0;0;0;
3.13404;0.850226;0.251982;-10.4805;0.00901107;-0.000782178;-0.0287065;-12.6502;-8.92603;29.946;0.855466;-1.01554;0.261189;0;0;0;0;0;0;12.6502;8.92603;-29.946;-16.8287;196.079;51.1339;
3.13503;0.962303;0.332272;-10.4843;0.00877584;-0.00400684;-0.0354423;0;0;0;0;0;0;0;0;0;0;0;0;0;-0;-0;0;0;0;
3.13605;0.861549;0.330094;-10.4813;0.00713347;-0.00227152;-0.0386934;-0.0652259;-3.07618;9.56268;0.289257;0.0872185;0.126719;0;0;0;0;0;0;0.0652259;3.07618;-9.56268;-5.41271;61.8032;19.7476;
3.13704;0.71254;0.249249;-10.5011;0.00513407;-0.000699403;-0.0348318;-9.18487;-2.89246;24.5469;0.426217;-0.600838;0.0626643;0;0;0;0;0;0;9.18487;2.89246;-24.5469;-13.0749;160.376;14.0315;
3.13801;0.663758;0.17325;-10.5156;0.00381644;-0.000787414;-0.0301974;4.9117;1.25849;33.1834;-1.20628;-0.101917;0.369973;0;0;0;0;0;0;-4.9117;-1.25849;-33.1834;-15.3732;214.351;-6.0414;
3.13905;0.710856;0.144283;-10.5102;0.00316355;-0.00138611;-0.0279612;0;0;0;0;0;0;0;0;0;0;0;0;0;-0;-0;0;0;0;
3.14005;0.755816;0.148335;-10.4951;0.0034082;-0.000946306;-0.0288349;1.74085;3.77088;12.5099;-0.659055;0.224936;0.0239096;0;0;0;0;0;0;-1.74085;-3.77088;-12.5099;-5.26;80.5566;-23.5503;
3.14104;0.752336;0.174331;-10.4837;0.00403998;0.00018139;-0.0308935;1.20252;-0.727991;5.14416;0.316798;-0.312666;-0.118303;0;0;0;0;0;0;-1.20252;0.727991;-5.14416;-2.97977;33.4817;5.43482;
3.14201;0.79883;0.237634;-10.461;0.00463184;0.00102761;-0.0346979;7.94173;-0.849538;31.0094;-0.177925;1.41868;0.080259;0;0;0;0;0;0;-7.94173;0.849538;-31.0094;-15.519;198.457;9.41565;
3.14304;0.973146;0.294938;-10.4055;0.00504235;0.00107845;-0.0392024;0;0;0;0;0;0;0;0;0;0;0;0;0;-0;-0;0;0;0;
3.14405;1.28086;0.391145;-10.2849;0.00461235;0.0011759;-0.0399656;0;0;0;0;0;0;0;0;0;0;0;0;0;-0;-0;0;0;0;
3.14503;1.38988;0.468828;-10.2322;0.0046928;0.00133189;-0.0416189;-27.6443;0.227196;85.7449;-0.156159;-1.11611;0.0299649;0;0;0;0;0;0;27.6443;-0.227196;-85.7449;-42.9889;558.783;-15.4177;
3.14601;1.17912;0.441329;-10.3148;0.00630461;0.00129776;-0.0427527;0;0;0;0;0;0;0;0;0;0;0;0;0;-0;-0;0;0;0;
3.14703;0.917127;0.333306;-10.3971;0.00730291;0.00252374;-0.0392915;2.50386;-4.04386;15.6374;0.582311;0.391954;0.0825282;0;0;0;0;0;0;-2.50386;4.04386;-15.6374;-8.8613;100.552;27.3474;
3.148;0.822456;0.253737;-10.3855;0.0072521;0.00556956;-0.0327112;1.062;1.75836;6.47054;-0.34529;0.112636;0.0260632;0;0;0;0;0;0;-1.062;-1.75836;-6.47054;-2.73555;41.654;-10.8704;
3.14903;0.965535;0.260938;-10.2242;0.00283842;0.0110608;-0.0205509;-8.10035;-5.91045;16.7397;0.70357;-1.17531;-0.0745213;0;0;0;0;0;0;8.10035;5.91045;-16.7397;-9.72511;110.318;34.2453;
3.15;1.17548;0.364476;-10.0422;-0.0020056;0.0156048;-0.010622;0.796321;-4.88525;13.5805;0.550643;0.349394;0.129444;0;0;0;0;0;0;-0.796321;4.88525;-13.5805;-7.87869;87.4554;31.8858;
3.15102;1.22322;0.43156;-10.1611;0.00356136;0.00858336;-0.00743289;1.70779;4.86036;14.9;-0.776507;0.276304;-0.00112909;0;0;0;0;0;0;-1.70779;-4.86036;-14.9;-6.23635;95.9757;-30.5924;
3.15204;1.40464;0.511706;-10.2625;0.00895823;-0.000491958;0.00384232;0;0;0;0;0;0;0;0;0;0;0;0;0;-0;-0;0;0;0;
3.15302;1.14041;0.376604;-10.3689;0.00875893;-0.000947309;-0.000345693;0;0;0;0;0;0;0;0;0;0;0;0;0;-0;-0;0;0;0;
3.15404;0.891445;0.274596;-10.4334;0.00661588;0.000597668;-0.00720026;0;0;0;0;0;0;0;0;0;0;0;0;0;-0;-0;0;0;0;
3.15503;0.793674;0.261608;-10.4547;0.00552524;0.00150697;-0.0142914;1.23671;-2.14543;7.73816;0.249848;0.578415;0.120437;0;0;0;0;0;0;-1.23671;2.14543;-7.73816;-4.36122;49.3739;14.3861;
3.15602;0.789423;0.277416;-10.4585;0.00524759;0.00154605;-0.016373;-8.97389;-8.00715;22.3608;0.689057;-0.819906;0.233558;0;0;0;0;0;0;8.97389;8.00715;-22.3608;-12.7513;146.427;47.0659;
3.15702;0.843064;0.266661;-10.4699;0.00591672;0.000208128;-0.0122312;0.709049;-0.59544;3.25898;0.115313;0.237444;0.0182944;0;0;0;0;0;0;-0.709049;0.59544;-3.25898;-1.81588;20.7814;4.19199;
3.15804;0.922814;0.219119;-10.4678;0.00585643;-0.00133817;-0.00471156;3.68;5.74004;21.726;-0.687561;0.637863;-0.0539951;0;0;0;0;0;0;-3.68;-5.74004;-21.726;-9.67342;139.589;-35.2394;
3.15901;0.975102;0.201195;-10.4405;0.00502187;-0.00104403;-3.01802e-05;0.736091;-11.0097;29.8082;1.16319;0.341276;0.19615;0;0;0;0;0;0;-0.736091;11.0097;-29.8082;-17.2765;192.485;71.4227;
3.16002;0.872175;0.190201;-10.4133;0.00214218;0.00166623;0.00123984;-10.3352;11.3548;63.72;-1.24177;-0.146043;-0.266263;0;0;0;0;0;0;10.3352;-11.3548;-63.72;-29.6967;413.541;-78.4184;
3.16103;0.760789;0.209197;-10.3958;-0.000445519;0.00376822;-0.00049276;0;0;0;0;0;0;0;0;0;0;0;0;0;-0;-0;0;0;0;
3.16205;0.684077;0.223481;-10.4021;-0.000514651;0.00486977;-0.00363769;0;0;0;0;0;0;0;0;0;0;0;0;0;-0;-0;0;0;0;
3.16302;0.65976;0.201623;-10.4226;0.000558753;0.00463367;-0.0062342;0.151296;4.2628;65.8452;-0.492548;0.729382;-0.0974722;0;0;0;0;0;0;-0.151296;-4.2628;-65.8452;-32.2286;425.365;-27.4126;
3.16402;0.747313;0.195579;-10.4079;0.000726868;0.00397241;-0.00328523;3.13843;-2.1449;13.7329;0.497834;0.995617;0.0417307;0;0;0;0;0;0;-3.13843;2.1449;-13.7329;-7.62718;87.5595;15.4188;
3.16504;0.968198;0.209513;-10.3383;-0.000969914;0.00349212;0.00995042;-1.32904;-1.07186;2.89153;0.171674;-0.156403;0.0209297;0;0;0;0;0;0;1.32904;1.07186;-2.89153;-1.73514;19.0022;6.24642;
3.16601;1.29567;0.291749;-10.2045;-0.00534215;0.00321057;0.0285932;0;0;0;0;0;0;0;0;0;0;0;0;0;-0;-0;0;0;0;
3.16703;1.34908;0.330528;-10.1816;-0.00660312;0.00278546;0.0308913;-1.86616;-9.49184;21.9864;1.02681;-0.0810815;0.0450589;0;0;0;0;0;0;1.86616;9.49184;-21.9864;-13.0498;142.551;60.4408;
3.16802;1.20102;0.343862;-10.25;-0.00453166;0.0022008;0.0218695;0;0;0;0;0;0;0;0;0;0;0;0;0;-0;-0;0;0;0;
3.16901;1.11649;0.406495;-10.3099;-0.00116784;0.0014534;0.0169507;0;0;0;0;0;0;0;0;0;0;0;0;0;-0;-0;0;0;0;
3.17005;1.05999;0.474517;-10.3435;0.000820481;0.00154717;0.00925294;-5.0382;-3.71982;10.4761;0.605803;-0.471905;0.119422;0;0;0;0;0;0;5.0382;3.71982;-10.4761;-6.25383;68.7732;21.4165;
3.17103;0.930479;0.42414;-10.3756;0.000260828;0.00234565;-0.00397587;5.06001;11.2455;37.9832;-1.84588;0.589762;0.0121193;0;0;0;0;0;0;-5.06001;-11.2455;-37.9832;-16.1465;244.705;-70.2385;
3.17205;0.959036;0.39537;-10.3565;-0.00311774;0.000858829;-0.00236667;1.62245;-0.420419;6.43499;-0.393138;0.0990326;0.105592;0;0;0;0;0;0;-1.62245;0.420419;-6.43499;-2.8888;41.3812;3.43192;
3.17301;1.09758;0.426814;-10.294;-0.00787588;-0.00127004;0.00626845;-9.70505;7.89417;70.4043;-0.96484;0.172257;-0.198055;0;0;0;0;0;0;9.70505;-7.89417;-70.4043;-33.6867;456.416;-55.7741;
3.17405;1.1319;0.479682;-10.3174;-0.00571681;-0.00294398;0.00231779;0;0;0;0;0;0;0;0;0;0;0;0;0;-0;-0;0;0;0;
3.17504;1.12614;0.467477;-10.3844;0.000178837;-0.0037594;-0.00241284;0;0;0;0;0;0;0;0;0;0;0;0;0;-0;-0;0;0;0;
3.17604;1.16629;0.44877;-10.3911;0.00214297;-0.00329364;-0.00148485;2.29731;-8.30349;35.0356;-0.17221;-0.126794;0.348378;0;0;0;0;0;0;-2.29731;8.30349;-35.0356;-18.301;226.625;54.5433;
3.177;1.17575;0.431803;-10.369;0.00107807;-0.00197229;-0.00061027;-15.0891;2.81266;60.0036;-0.948654;-0.854156;-0.056666;0;0;0;0;0;0;15.0891;-2.81266;-60.0036;-28.9774;390.677;-25.7417;
3.17803;1.14787;0.41597;-10.3425;-0.00153813;-0.000522515;-0.000615702;0;0;0;0;0;0;0;0;0;0;0;0;0;-0;-0;0;0;0;
3.17901;1.10623;0.376551;-10.3433;-0.0024259;-0.00012872;-0.00167538;0.0484664;-0.0527718;0.242456;0.00830144;0.017805;0.00221592;0;0;0;0;0;0;-0.0484664;0.0527718;-0.242456;-0.135669;1.54635;0.363691;
3.18004;1.07422;0.334694;-10.361;-0.00209268;-0.000795969;-0.000238722;0.101587;-0.0555932;0.427767;-0.0267679;0.00672759;0.00723119;0;0;0;0;0;0;-0.101587;0.0555932;-0.427767;-0.194179;2.75131;0.403677;
3.18105;1.06562;0.320045;-10.3643;-0.00170669;-0.00110988;0.00388494;-5.85022;-12.9333;43.4475;1.23799;-0.328067;0.22334;0;0;0;0;0;0;5.85022;12.9333;-43.4475;-24.4115;282.082;80.5279;
3.18201;1.01686;0.312981;-10.3784;-0.000791136;-0.000951202;0.00631992;-0.316981;7.43348;22.9798;-1.19902;0.493789;-0.176269;0;0;0;0;0;0;0.316981;-7.43348;-22.9798;-9.62309;148.249;-48.0882;
3.18305;0.93791;0.348563;-10.3805;-0.00169072;-0.000466727;0.00764498;0;0;0;0;0;0;0;0;0;0;0;0;0;-0;-0;0;0;0;
3.18401;0.834773;0.348771;-10.4248;0.000168635;-0.000343402;0.0050845;-7.58257;-3.17439;12.9774;0.555475;-0.901888;0.103949;0;0;0;0;0;0;7.58257;3.17439;-12.9774;-7.40798;85.6456;16.6213;
3.18505;0.80566;0.369285;-10.4373;0.000122258;-0.000515503;0.00830538;1.47644;-2.89683;10.0269;0.412222;0.296905;0.0439013;0;0;0;0;0;0;-1.47644;2.89683;-10.0269;-5.75141;64.4426;19.4459;
3.18604;0.910342;0.454712;-10.3974;-0.000741834;-0.000747751;0.0183477;1.74048;-1.69481;8.36853;-0.165462;-0.0913224;0.0156633;0;0;0;0;0;0;-1.74048;1.69481;-8.36853;-4.21801;54.0723;11.8283;
3.18704;0.995393;0.535324;-10.33;-0.00434561;-0.000204549;0.0243504;0;0;0;0;0;0;0;0;0;0;0;0;0;-0;-0;0;0;0;
3.18803;1.00792;0.54185;-10.2748;-0.00862329;0.00122824;0.0222829;0;0;0;0;0;0;0;0;0;0;0;0;0;-0;-0;0;0;0;
3.18901;1.0088;0.520897;-10.2479;-0.00982905;0.00299449;0.0204;0;0;0;0;0;0;0;0;0;0;0;0;0;-0;-0;0;0;0;
3.19005;0.942992;0.468967;-10.2669;-0.0080627;0.00484119;0.0162927;0;0;0;0;0;0;0;0;0;0;0;0;0;-0;-0;0;0;0;
3.19104;0.877983;0.432384;-10.303;-0.00587168;0.00560997;0.0136042;0;0;0;0;0;0;0;0;0;0;0;0;0;-0;-0;0;0;0;
3.19203;0.836058;0.39825;-10.3315;-0.00469788;0.00579362;0.0125979;0;0;0;0;0;0;0;0;0;0;0;0;0;-0;-0;0;0;0;
3.19303;0.797108;0.370383;-10.3518;-0.00441243;0.00573652;0.0109253;0;0;0;0;0;0;0;0;0;0;0;0;0;-0;-0;0;0;0;
3.19402;0.779374;0.372448;-10.3629;-0.0047938;0.00508896;0.0105779;2.375;0.634852;9.43099;-0.547485;0.145212;0.128098;0;0;0;0;0;0;-2.375;-0.634852;-9.43099;-4.13675;60.6477;-3.04077;
3.19502;0.756475;0.381113;-10.3735;-0.00540746;0.00417875;0.0111229;-3.79662;-2.90777;25.1898;0.0557973;0.0437328;-0.00490687;0;0;0;0;0;0;3.79662;2.90777;-25.1898;-13.0299;163.35;16.9108;
3.19602;0.775064;0.417454;-10.3711;-0.00633697;0.0029022;0.015186;0;0;0;0;0;0;0;0;0;0;0;0;0;-0;-0;0;0;0;
3.19702;0.82803;0.464413;-10.3472;-0.00832813;0.00175842;0.0223644;0;0;0;0;0;0;0;0;0;0;0;0;0;-0;-0;0;0;0;
3.19802;0.847095;0.493462;-10.3331;-0.0100386;0.000998321;0.0257781;-0.382308;-0.393132;0.966235;0.0402408;-0.0684473;-0.0119272;0;0;0;0;0;0;0.382308;0.393132;-0.966235;-0.566204;6.35975;2.36356;
3.19901;0.804338;0.465899;-10.3484;-0.0100435;0.000754551;0.0231448;1.2776;3.58731;15.0129;-0.411156;0.0420981;-0.133819;0;0;0;0;0;0;-1.2776;-3.58731;-15.0129;-6.78659;96.9839;-22.4378;
3.20001;0.729596;0.409149;-10.3884;-0.00887938;0.000348325;0.0185704;-19.5463;0.85444;77.6825;-0.443671;-0.738625;-0.0570261;0;0;0;0;0;0;19.5463;-0.85444;-77.6825;-38.5798;505.416;-15.313;
3.20104;0.660056;0.343329;-10.4375;-0.00699633;-0.000245205;0.0145963;0;0;0;0;0;0;0;0;0;0;0;0;0;-0;-0;0;0;0;
3.20202;0.643922;0.311355;-10.4624;-0.00593526;-0.000768986;0.0143195;-7.14075;-6.29303;16.342;0.967989;-0.887523;0.0811996;0;0;0;0;0;0;7.14075;6.29303;-16.342;-9.82784;107.36;37.0484;
3.20301;0.682792;0.31079;-10.4678;-0.00565995;-0.00144983;0.0177061;0;0;0;0;0;0;0;0;0;0;0;0;0;-0;-0;0;0;0;
3.20402;0.736175;0.321555;-10.4644;-0.00576809;-0.00201541;0.0229502;1.86957;0.309069;7.33264;0.313417;0.525269;-0.102051;0;0;0;0;0;0;-1.86957;-0.309069;-7.33264;-3.97398;46.7391;-0.956816;
3.20502;0.785897;0.344654;-10.4617;-0.00534384;-0.00242705;0.0287038;-2.78495;-5.89471;16.8475;0.61903;-0.0686144;0.0833234;0;0;0;0;0;0;2.78495;5.89471;-16.8475;-9.69338;109.375;36.6615;
3.20603;0.815364;0.373508;-10.4579;-0.00492177;-0.00267898;0.0346055;0;0;0;0;0;0;0;0;0;0;0;0;0;-0;-0;0;0;0;
3.20704;0.830738;0.407431;-10.4472;-0.00482203;-0.00274097;0.040706;0;0;0;0;0;0;0;0;0;0;0;0;0;-0;-0;0;0;0;
3.20803;0.810113;0.424858;-10.448;-0.00449656;-0.00272371;0.0427047;0.188694;-0.61461;1.82684;0.077001;-0.13591;-0.0536781;0;0;0;0;0;0;-0.188694;0.61461;-1.82684;-1.0585;11.9391;4.12605;
3.20902;0.741467;0.401446;-10.4639;-0.003952;-0.00228007;0.038332;0.654794;-5.23109;13.895;0.498768;-0.00477423;-0.0441581;0;0;0;0;0;0;-0.654794;5.23109;-13.895;-8.01999;89.8591;34.2262;
3.21001;0.648382;0.345287;-10.4869;-0.0036207;-0.00161172;0.0305105;0;0;0;0;0;0;0;0;0;0;0;0;0;-0;-0;0;0;0;
3.21101;0.578314;0.295426;-10.5013;-0.0038117;-0.00111397;0.0239869;0.650418;-0.188034;2.59141;0.101031;0.185971;-0.0118636;0;0;0;0;0;0;-0.650418;0.188034;-2.59141;-1.42458;16.5187;1.55616;
3.21201;0.540795;0.266487;-10.503;-0.00446189;-0.000785583;0.0207468;0.775082;5.77462;18.3661;-0.651764;0.105289;-0.186971;0;0;0;0;0;0;-0.775082;-5.77462;-18.3661;-8.01434;118.671;-36.7926;
3.21305;0.522708;0.248011;-10.5047;-0.00459445;-0.000564287;0.0188528;4.11137;18.8485;52.7875;-2.71366;1.02328;-0.154023;0;0;0;0;0;0;-4.11137;-18.8485;-52.7875;-21.968;340.171;-119.752;
3.21404;0.523695;0.246247;-10.5043;-0.00446308;-0.000468821;0.018735;2.96385;0.817196;21.4912;-0.129723;0.209652;-0.0864057;0;0;0;0;0;0;-2.96385;-0.817196;-21.4912;-10.608;138.57;-3.70982;
3.21504;0.539563;0.259315;-10.4998;-0.00441778;-0.000446318;0.0199834;-9.45195;5.82955;42.4283;-0.923791;-0.289511;-0.258409;0;0;0;0;0;0;9.45195;-5.82955;-42.4283;-19.851;275.809;-42.2254;
3.21604;0.559672;0.275267;-10.497;-0.00417963;-0.000483063;0.0212281;0.547937;-5.24442;14.2528;0.506819;-0.0613876;0.010226;0;0;0;0;0;0;-0.547937;5.24442;-14.2528;-8.2095;92.2415;34.2043;
3.21705;0.56092;0.283076;-10.5005;-0.00385778;-0.000442825;0.0215035;-1.88603;-2.03592;4.93219;0.290837;-0.27045;-0.00042329;0;0;0;0;0;0;1.88603;2.03592;-4.93219;-2.97858;32.3781;12.2261;
3.218;0.550787;0.280272;-10.5037;-0.00398462;-0.000377756;0.0209181;1.95727;-0.963359;8.12753;-0.506461;0.127181;0.137041;0;0;0;0;0;0;-1.95727;0.963359;-8.12753;-3.68218;52.2724;7.08261;
3.21902;0.539559;0.273238;-10.4992;-0.00486037;-0.000275308;0.0208168;0.673078;3.26213;10.9436;-0.391226;0.0637015;-0.098388;0;0;0;0;0;0;-0.673078;-3.26213;-10.9436;-4.79049;70.6886;-20.6732;
3.22002;0.529333;0.265434;-10.4942;-0.00576062;-0.000313446;0.021269;1.26211;2.79855;9.2127;-0.48486;0.166099;0.015968;0;0;0;0;0;0;-1.26211;-2.79855;-9.2127;-3.87204;59.3259;-17.491;
3.22102;0.526138;0.268974;-10.4897;-0.00638024;-0.000483909;0.0219162;0.943042;-1.16428;4.9903;0.214013;-0.374302;-0.127771;0;0;0;0;0;0;-0.943042;1.16428;-4.9903;-2.84341;32.5736;8.13705;
3.22202;0.531592;0.281427;-10.4818;-0.00696519;-0.000616238;0.02295;0.631671;2.8156;7.91733;-0.407272;0.153132;-0.0219639;0;0;0;0;0;0;-0.631671;-2.8156;-7.91733;-3.29576;51.0194;-17.8808;
3.22303;0.533029;0.28984;-10.4813;-0.00694047;-0.000688788;0.0232492;8.47447;6.13329;52.4486;-1.02769;0.698422;-0.137814;0;0;0;0;0;0;-8.47447;-6.13329;-52.4486;-24.7613;337.864;-35.2865;
3.22405;0.532422;0.286125;-10.4862;-0.00649116;-0.000620524;0.022722;-4.8444;-3.79517;43.3383;-0.172645;-0.614462;-0.0322813;0;0;0;0;0;0;4.8444;3.79517;-43.3383;-22.0276;281.56;22.1533;
3.225;0.536804;0.280348;-10.4896;-0.00610463;-0.000522563;0.0226421;-1.55755;-3.38878;7.53251;0.441474;-0.425792;-0.100272;0;0;0;0;0;0;1.55755;3.38878;-7.53251;-4.57432;49.328;21.2462;
3.22602;0.542436;0.275261;-10.4901;-0.00614775;-0.000471063;0.0230427;0.738638;5.63724;14.9566;-0.762073;0.299695;-0.0753218;0;0;0;0;0;0;-0.738638;-5.63724;-14.9566;-6.20132;96.4159;-36.0335;
3.22704;0.551574;0.277861;-10.484;-0.00675075;-0.000453554;0.0239649;0.182771;5.11569;31.6817;-0.596684;-0.0701157;-0.34576;0;0;0;0;0;0;-0.182771;-5.11569;-31.6817;-14.8394;205.076;-32.6678;
3.22801;0.553151;0.281785;-10.4758;-0.00770499;-0.000422061;0.0245705;0;0;0;0;0;0;0;0;0;0;0;0;0;-0;-0;0;0;0;
3.22902;0.546564;0.288507;-10.4694;-0.00871555;-0.000417111;0.0246987;0.7042;-5.57675;15.7071;0.56393;-0.119754;0.00443371;0;0;0;0;0;0;-0.7042;5.57675;-15.7071;-9.03221;101.696;36.4394;
3.23004;0.530608;0.291074;-10.4708;-0.00901457;-0.000403644;0.0238969;-11.5611;9.69342;100.384;-1.35368;0.0383006;-0.247373;0;0;0;0;0;0;11.5611;-9.69342;-100.384;-48.2106;650.744;-68.3029;
3.23105;0.496646;0.278787;-10.4874;-0.0082276;-0.000400053;0.0216186;0.729492;4.37531;11.8616;-0.606569;0.234378;-0.0491494;0;0;0;0;0;0;-0.729492;-4.37531;-11.8616;-4.92548;76.4533;-27.8979;
3.232;0.464524;0.259585;-10.5083;-0.00695373;-0.000396112;0.0194868;-0.377678;-1.21195;2.7183;0.11246;-0.197534;-0.0724452;0;0;0;0;0;0;0.377678;1.21195;-2.7183;-1.6028;17.8267;7.72532;
3.23301;0.43319;0.234649;-10.5311;-0.00553403;-0.000379473;0.0177205;0.297551;0.67607;2.20817;-0.116095;0.0399238;0.00342043;0;0;0;0;0;0;-0.297551;-0.67607;-2.20817;-0.92767;14.2201;-4.22872;
3.23403;0.410864;0.214166;-10.5473;-0.00457779;-0.000329059;0.0170761;0;0;0;0;0;0;0;0;0;0;0;0;0;-0;-0;0;0;0;
3.23504;0.39822;0.199979;-10.5567;-0.00405789;-0.000258293;0.0172526;0.865883;1.33425;5.07824;-0.183657;0.136394;-0.00487554;0;0;0;0;0;0;-0.865883;-1.33425;-5.07824;-2.23891;32.6398;-8.19362;
3.23602;0.390603;0.191171;-10.561;-0.00386379;-0.000180884;0.0177385;0.415262;-0.436905;2.05101;0.124898;-0.124038;-0.05171;0;0;0;0;0;0;-0.415262;0.436905;-2.05101;-1.2014;13.3552;3.08815;
3.23704;0.385599;0.18601;-10.561;-0.00390402;-7.63709e-05;0.0182665;-2.77807;-2.10341;5.8471;0.347784;-0.315378;0.051786;0;0;0;0;0;0;2.77807;2.10341;-5.8471;-3.50292;38.4333;12.1615;
3.23801;0.374993;0.181432;-10.5616;-0.00400977;-1.2654e-05;0.0184519;0;0;0;0;0;0;0;0;0;0;0;0;0;-0;-0;0;0;0;
3.23905;0.357803;0.175738;-10.5646;-0.00399035;2.29658e-06;0.018256;0.335706;-2.18716;5.88161;-0.400681;0.11682;0.0663109;0;0;0;0;0;0;-0.335706;2.18716;-5.88161;-2.78025;37.9116;14.2566;
3.24003;0.342348;0.17197;-10.567;-0.00394984;-2.70803e-05;0.0179543;0.339838;-0.17028;1.41425;0.0873857;-0.0860454;-0.0313586;0;0;0;0;0;0;-0.339838;0.17028;-1.41425;-0.816508;9.20401;1.3044;
3.24102;0.325282;0.169628;-10.5697;-0.00393626;-7.20917e-05;0.0178197;0.50482;2.99466;8.12788;-0.415716;0.160477;-0.0333068;0;0;0;0;0;0;-0.50482;-2.99466;-8.12788;-3.37533;52.3873;-19.0921;
3.24204;0.313708;0.170837;-10.5713;-0.0038483;-0.000139945;0.0178122;0;0;0;0;0;0;0;0;0;0;0;0;0;-0;-0;0;0;0;
3.24301;0.300017;0.173176;-10.575;-0.00368649;-0.000209144;0.0178076;1.39201;-11.6961;34.641;1.24685;-0.229867;0.0641886;0;0;0;0;0;0;-1.39201;11.6961;-34.641;-19.8625;224.265;76.3266;
3.24401;0.288816;0.175957;-10.5776;-0.00360372;-0.000266617;0.0175295;1.18606;-0.971478;5.4148;0.192155;0.394262;0.0286454;0;0;0;0;0;0;-1.18606;0.971478;-5.4148;-3.0159;34.5277;6.85528;
3.24501;0.275773;0.177143;-10.5811;-0.0035418;-0.000307979;0.0169826;0;0;0;0;0;0;0;0;0;0;0;0;0;-0;-0;0;0;0;
3.24601;0.265026;0.175142;-10.5851;-0.00343808;-0.000368174;0.0158242;0;0;0;0;0;0;0;0;0;0;0;0;0;-0;-0;0;0;0;
3.24703;0.258301;0.173107;-10.5876;-0.00344036;-0.000476398;0.01459;0;0;0;0;0;0;0;0;0;0;0;0;0;-0;-0;0;0;0;
3.24805;0.258974;0.17325;-10.5873;-0.00356884;-0.000644922;0.0133694;0;0;0;0;0;0;0;0;0;0;0;0;0;-0;-0;0;0;0;
3.24904;0.269403;0.177921;-10.5818;-0.00395437;-0.000838158;0.0126374;5.17103;-2.53194;21.4592;0.804656;1.54707;-0.0113618;0;0;0;0;0;0;-5.17103;2.53194;-21.4592;-11.8629;136.804;18.9999;
3.25005;0.281611;0.184213;-10.5729;-0.00459607;-0.000998082;0.0126958;-0.943118;-5.60656;13.1424;0.545533;-0.961332;-0.370956;0;0;0;0;0;0;0.943118;5.60656;-13.1424;-7.72562;86.1056;36.1783;
3.25104;0.290617;0.189936;-10.5622;-0.00544914;-0.00106618;0.0134563;-0.433003;-8.3236;21.6457;0.861151;-0.465302;-0.118193;0;0;0;0;0;0;0.433003;8.3236;-21.6457;-12.5953;140.586;53.7653;
3.25204;0.294979;0.194459;-10.5504;-0.00649945;-0.00104348;0.0150157;0;0;0;0;0;0;0;0;0;0;0;0;0;-0;-0;0;0;0;
3.25304;0.292226;0.195584;-10.5411;-0.00747815;-0.000956037;0.0166289;1.71171;1.16448;7.48294;-0.419255;0.119154;0.0773612;0;0;0;0;0;0;-1.71171;-1.16448;-7.48294;-3.23104;48.1337;-6.75139;
3.25402;0.280516;0.189725;-10.5391;-0.00801418;-0.000845976;0.0174531;0;0;0;0;0;0;0;0;0;0;0;0;0;-0;-0;0;0;0;
3.25501;0.258586;0.177286;-10.5464;-0.00790291;-0.00070951;0.0172205;2.42521;8.01988;23.7624;-1.23225;0.447394;-0.025233;0;0;0;0;0;0;-2.42521;-8.01988;-23.7624;-9.92506;153.084;-50.6534;
3.25601;0.235658;0.161433;-10.5599;-0.00716851;-0.000567528;0.0161942;-1.24788;-1.83469;7.03587;0.300376;-0.509355;-0.0795463;0;0;0;0;0;0;1.24788;1.83469;-7.03587;-4.02701;46.1665;11.3243;
3.25701;0.214996;0.145734;-10.5751;-0.00619291;-0.000443528;0.0150963;0;0;0;0;0;0;0;0;0;0;0;0;0;-0;-0;0;0;0;
3.25801;0.20043;0.132379;-10.5882;-0.00524648;-0.000328857;0.0141319;-1.65663;-0.544404;27.4704;0.0434869;-0.653556;-0.088898;0;0;0;0;0;0;1.65663;0.544404;-27.4704;-13.9283;178.591;2.77789;
3.25902;0.192037;0.122745;-10.5974;-0.00452062;-0.000235938;0.0135286;1.29513;-0.262555;5.10286;-0.0525746;0.222538;0.0226753;0;0;0;0;0;0;-1.29513;0.262555;-5.10286;-2.54288;32.6698;2.32845;
3.26003;0.186305;0.115149;-10.6043;-0.0039724;-0.00016079;0.0131035;0;0;0;0;0;0;0;0;0;0;0;0;0;-0;-0;0;0;0;
3.26105;0.183365;0.110348;-10.6087;-0.00360622;-9.80648e-05;0.0128565;-1.94462;-1.62066;4.3286;0.201507;-0.28607;-0.016155;0;0;0;0;0;0;1.94462;1.62066;-4.3286;-2.54365;28.4935;9.52503;
3.26201;0.181724;0.108294;-10.6107;-0.00343948;-6.23137e-05;0.0127723;0.293214;-0.145554;1.21882;0.0753227;-0.0741579;-0.0269766;0;0;0;0;0;0;-0.293214;0.145554;-1.21882;-0.703574;7.93213;1.11653;
3.26302;0.179617;0.108276;-10.6117;-0.00340205;-4.63497e-05;0.0126814;0;0;0;0;0;0;0;0;0;0;0;0;0;-0;-0;0;0;0;
3.26404;0.175125;0.108188;-10.6131;-0.00340252;-5.17479e-05;0.0124714;0;0;0;0;0;0;0;0;0;0;0;0;0;-0;-0;0;0;0;
3.26505;0.167933;0.107337;-10.6155;-0.00337728;-6.63998e-05;0.0120357;0;0;0;0;0;0;0;0;0;0;0;0;0;-0;-0;0;0;0;
3.266;0.158398;0.105473;-10.6181;-0.00340436;-7.3246e-05;0.0113797;0;0;0;0;0;0;0;0;0;0;0;0;0;-0;-0;0;0;0;
3.26702;0.14657;0.101656;-10.6221;-0.00335997;-8.0972e-05;0.010502;1.638;-0.775474;6.77241;-0.338956;0.152527;0.100671;0;0;0;0;0;0;-1.638;0.775474;-6.77241;-3.14859;43.5096;5.74237;
3.26803;0.133669;0.0954772;-10.6273;-0.0032328;-8.56861e-05;0.00949707;0;0;0;0;0;0;0;0;0;0;0;0;0;-0;-0;0;0;0;
3.26902;0.12055;0.0875504;-10.6333;-0.00303098;-8.85093e-05;0.00847404;0;0;0;0;0;0;0;0;0;0;0;0;0;-0;-0;0;0;0;
3.27003;0.109211;0.0794025;-10.6391;-0.00279881;-9.75518e-05;0.00761206;1.49581;-3.02716;11.5205;0.42888;-0.154467;-0.000733268;0;0;0;0;0;0;-1.49581;3.02716;-11.5205;-6.53317;74.5573;20.3437;
3.27101;0.100711;0.0723154;-10.644;-0.00257511;-0.000110111;0.00697049;-7.91538;-8.63558;20.8583;1.22974;-1.14426;-0.00706995;0;0;0;0;0;0;7.91538;8.63558;-20.8583;-12.5989;136.921;51.906;
3.272;0.0937342;0.0660788;-10.6486;-0.00233461;-0.000129112;0.00647902;2.03073;1.31038;8.78646;-0.493596;0.139428;0.0932862;0;0;0;0;0;0;-2.03073;-1.31038;-8.78646;-3.79831;56.5168;-7.55086;
3.27303;0.0883924;0.0604153;-10.6528;-0.00207914;-0.000152231;0.00599778;0;0;0;0;0;0;0;0;0;0;0;0;0;-0;-0;0;0;0;
3.27405;0.0851416;0.0565739;-10.6558;-0.00187466;-0.000177721;0.00563134;-2.01866;-1.52316;7.01807;0.301807;-0.502551;-0.0222594;0;0;0;0;0;0;2.01866;1.52316;-7.01807;-3.98818;46.1219;8.86285;
3.27501;0.0829292;0.0541107;-10.658;-0.00171428;-0.00020316;0.00530245;1.22649;-1.00202;5.59556;0.198621;0.407397;0.0294182;0;0;0;0;0;0;-1.22649;1.00202;-5.59556;-3.11645;35.6802;7.07248;
3.27604;0.0788483;0.0517027;-10.6603;-0.00159303;-0.000213098;0.00499004;0.774801;0.0219817;3.01576;0.125447;0.215847;-0.0338027;0;0;0;0;0;0;-0.774801;-0.0219817;-3.01576;-1.64155;19.2224;0.28163;
3.27701;0.0761079;0.0499474;-10.6614;-0.00153081;-0.000209511;0.00466324;0;0;0;0;0;0;0;0;0;0;0;0;0;-0;-0;0;0;0;
3.27804;0.0781736;0.0493981;-10.6611;-0.00148997;-0.000229248;0.00407189;-14.0686;-9.19378;76.7501;0.936973;-0.559165;0.184104;0;0;0;0;0;0;14.0686;9.19378;-76.7501;-40.5014;498.651;52.2293;
3.27905;0.0746202;0.0477159;-10.6617;-0.00148633;-0.00020154;0.00362399;1.07443;-5.66955;19.3826;0.955725;-0.20507;-0.0199204;0;0;0;0;0;0;-1.07443;5.66955;-19.3826;-11.2838;125.529;37.2505;
3.28003;0.0745937;0.0469108;-10.6616;-0.00148454;-0.000206083;0.00318644;1.92511;0.82468;7.87626;-0.450489;0.122582;0.0972735;0;0;0;0;0;0;-1.92511;-0.82468;-7.87626;-3.43199;50.654;-4.46486;
3.28102;0.0772747;0.0463778;-10.6604;-0.00143552;-0.00016978;0.00249823;-4.82784;-2.24397;8.46893;0.361306;-0.589386;0.0498009;0;0;0;0;0;0;4.82784;2.24397;-8.46893;-4.85057;55.8801;12.0411;
3.28201;0.0770533;0.0452529;-10.66;-0.00137782;-0.000104096;0.00192148;0;0;0;0;0;0;0;0;0;0;0;0;0;-0;-0;0;0;0;
3.28305;0.082599;0.04493;-10.6584;-0.00126329;-6.18126e-05;0.00121866;0;0;0;0;0;0;0;0;0;0;0;0;0;-0;-0;0;0;0;
3.28405;0.0918989;0.0445486;-10.6547;-0.00109021;8.04811e-05;0.000262699;0;0;0;0;0;0;0;0;0;0;0;0;0;-0;-0;0;0;0;
3.28504;0.103313;0.0437938;-10.6513;-0.000936168;0.000149821;-0.000642291;0;0;0;0;0;0;0;0;0;0;0;0;0;-0;-0;0;0;0;
3.28604;0.130954;0.0423904;-10.6427;-0.000691565;0.000279768;-0.00217197;-5.4192;-7.76279;53.5171;0.511368;-0.204591;0.139239;0;0;0;0;0;0;5.4192;7.76279;-53.5171;-28.2351;347.077;47.3682;
3.28701;0.152844;0.0377721;-10.6371;-0.000564543;0.000290018;-0.00313594;-6.64757;-4.46667;13.2258;0.789495;-0.709836;0.157088;0;0;0;0;0;0;6.64757;4.46667;-13.2258;-7.89704;86.967;25.4016;
3.28805;0.187617;0.0318824;-10.629;-0.00046954;0.000183033;-0.00443161;0;0;0;0;0;0;0;0;0;0;0;0;0;-0;-0;0;0;0;
3.28904;0.199198;0.0206145;-10.6282;-0.000544515;1.52842e-05;-0.00427995;0;0;0;0;0;0;0;0;0;0;0;0;0;-0;-0;0;0;0;
3.29002;0.212827;0.00928746;-10.6258;-0.000541192;-5.47771e-05;-0.00397291;0;0;0;0;0;0;0;0;0;0;0;0;0;-0;-0;0;0;0;
3.29102;0.213888;-0.000308282;-10.6248;-0.000484826;4.07554e-05;-0.00319457;3.41327;4.12921;17.8138;-0.966956;0.298812;0.116012;0;0;0;0;0;0;-3.41327;-4.12921;-17.8138;-7.58658;114.638;-25.1191;
3.29201;0.213619;-0.013113;-10.618;-8.79287e-05;0.000712481;-0.00215168;0;0;0;0;0;0;0;0;0;0;0;0;0;-0;-0;0;0;0;
3.29305;0.225954;-0.0291659;-10.5977;0.000990097;0.00228921;-0.001388;0;0;0;0;0;0;0;0;0;0;0;0;0;-0;-0;0;0;0;
3.29402;0.2368;-0.0479346;-10.5717;0.0024087;0.00441765;-0.000381462;1.15788;11.1082;29.0165;-1.47455;0.587673;-0.166135;0;0;0;0;0;0;-1.15788;-11.1082;-29.0165;-12.0177;187.072;-71.1363;
3.295;0.248701;-0.0638457;-10.551;0.00352373;0.00603199;0.000444871;3.05086;-2.30939;13.6545;0.489125;0.992258;0.0585344;0;0;0;0;0;0;-3.05086;2.30939;-13.6545;-7.59569;87.0644;16.4223;
3.29605;0.264276;-0.0588916;-10.5494;0.00350765;0.00579869;-0.000139187;0;0;0;0;0;0;0;0;0;0;0;0;0;-0;-0;0;0;0;
3.29702;0.278143;-0.0403746;-10.5644;0.0025489;0.00413968;-0.00174398;-0.473698;-0.284036;1.93053;0.0839837;-0.138821;0.000182708;0;0;0;0;0;0;0.473698;0.284036;-1.93053;-1.08447;12.6796;1.59943;
3.29802;0.32169;-0.0183611;-10.5744;0.00157673;0.00221794;-0.00474473;0;0;0;0;0;0;0;0;0;0;0;0;0;-0;-0;0;0;0;
3.299;0.368971;-0.00597191;-10.5756;0.00101693;0.00102319;-0.00745227;-12.5668;-5.60813;24.3358;0.897121;-1.55015;0.022463;0;0;0;0;0;0;12.5668;5.60813;-24.3358;-13.7128;160.299;29.9429;
3.30003;0.408702;0.0096769;-10.5696;0.000940151;0.000620304;-0.00994168;0;0;0;0;0;0;0;0;0;0;0;0;0;-0;-0;0;0;0;
3.30101;0.419995;0.0267047;-10.562;0.00119025;0.000999913;-0.0112366;0;0;0;0;0;0;0;0;0;0;0;0;0;-0;-0;0;0;0;
3.30202;0.40622;0.0492433;-10.5545;0.00164268;0.0019346;-0.011842;0.97766;-0.92293;4.65272;0.162215;0.340136;0.0333848;0;0;0;0;0;0;-0.97766;0.92293;-4.65272;-2.59742;29.671;6.43144;
3.30301;0.367064;0.066121;-10.556;0.00194257;0.00269407;-0.010955;-23.6197;-14.4994;70.9306;0.889192;-3.16916;0.553844;0;0;0;0;0;0;23.6197;14.4994;-70.9306;-38.057;464.56;81.3853;
3.30404;0.335016;0.0821634;-10.5562;0.00227093;0.00337882;-0.0103181;-3.0383;-5.79066;60.9269;0.159149;-0.217175;0.292559;0;0;0;0;0;0;3.0383;5.79066;-60.9269;-31.4153;394.802;35.6512;
3.30504;0.31129;0.0863156;-10.5619;0.00235673;0.00339653;-0.00910998;1.28145;-0.154026;5.00747;0.313749;-0.305413;-0.0896848;0;0;0;0;0;0;-1.28145;0.154026;-5.00747;-2.85028;32.5818;1.7316;
3.30604;0.302809;0.0825992;-10.5649;0.00242003;0.00328285;-0.00814716;0;0;0;0;0;0;0;0;0;0;0;0;0;-0;-0;0;0;0;
3.30703;0.305854;0.080532;-10.566;0.00247011;0.00305486;-0.00755341;0;0;0;0;0;0;0;0;0;0;0;0;0;-0;-0;0;0;0;
3.30805;0.315119;0.0775048;-10.5653;0.00250584;0.00285242;-0.00730934;0;0;0;0;0;0;0;0;0;0;0;0;0;-0;-0;0;0;0;
3.30903;0.332393;0.0758296;-10.564;0.00248514;0.00251736;-0.00731948;0;0;0;0;0;0;0;0;0;0;0;0;0;-0;-0;0;0;0;
3.31002;0.350874;0.0800575;-10.5637;0.0023581;0.00203969;-0.00745097;0.0125719;-0.00800358;0.0542596;0.00236031;-0.00408625;-0.00114962;0;0;0;0;0;0;-0.0125719;0.00800358;-0.0542596;-0.0304821;0.353956;0.059273;
3.31105;0.364078;0.0812982;-10.5663;0.00210581;0.00147934;-0.0071085;0;0;0;0;0;0;0;0;0;0;0;0;0;-0;-0;0;0;0;
3.31204;0.379425;0.0831558;-10.5665;0.00190957;0.00104563;-0.00620945;-15.2106;-12.1292;75.0853;1.28837;-0.642767;0.249966;0;0;0;0;0;0;15.2106;12.1292;-75.0853;-40.3097;488.074;70.5844;
3.31303;0.394167;0.091527;-10.5659;0.00166119;0.000661224;-0.00552799;0.110786;0.0968509;3.29893;0.208612;-0.194127;-0.0013065;0;0;0;0;0;0;-0.110786;-0.0968509;-3.29893;-1.85976;21.5315;-0.569673;
3.31403;0.41815;0.101627;-10.5616;0.0014734;0.000360684;-0.00491754;3.94236;-2.11101;16.5713;0.619965;1.07598;-0.00146348;0;0;0;0;0;0;-3.94236;2.11101;-16.5713;-9.17508;105.766;15.6473;
3.31502;0.445321;0.108752;-10.5532;0.00135551;0.000279305;-0.00441541;0;0;0;0;0;0;0;0;0;0;0;0;0;-0;-0;0;0;0;
3.31605;0.469098;0.123334;-10.5462;0.00109924;8.67484e-05;-0.00399283;0.630355;-0.390102;2.7068;0.0991785;0.195862;0.00513106;0;0;0;0;0;0;-0.630355;0.390102;-2.7068;-1.50115;17.2575;2.83672;
3.31704;0.48593;0.138279;-10.5375;0.000943117;0.000190312;-0.00434784;0;0;0;0;0;0;0;0;0;0;0;0;0;-0;-0;0;0;0;
3.31802;0.489813;0.144983;-10.5305;0.000873041;0.00052188;-0.0048829;4.3731;2.57076;18.6166;-1.05054;0.293801;0.206204;0;0;0;0;0;0;-4.3731;-2.57076;-18.6166;-8.06383;119.742;-14.6408;
3.31905;0.496034;0.157832;-10.5219;0.00101625;0.000999034;-0.00652595;-0.636291;-5.90757;17.6886;0.629956;0.0769135;0.117614;0;0;0;0;0;0;0.636291;5.90757;-17.6886;-10.1291;114.456;37.792;
3.32003;0.517317;0.17129;-10.5052;0.00133515;0.00180206;-0.00970077;0;0;0;0;0;0;0;0;0;0;0;0;0;-0;-0;0;0;0;
3.32104;0.579647;0.187956;-10.4772;0.00220329;0.00277308;-0.0154145;0;0;0;0;0;0;0;0;0;0;0;0;0;-0;-0;0;0;0;
3.32205;0.681686;0.215164;-10.4328;0.00336618;0.00410773;-0.0234988;0;0;0;0;0;0;0;0;0;0;0;0;0;-0;-0;0;0;0;
3.32306;0.759807;0.237899;-10.3988;0.00441458;0.00520659;-0.0297035;0;0;0;0;0;0;0;0;0;0;0;0;0;-0;-0;0;0;0;
3.32404;0.715186;0.23114;-10.4136;0.00431055;0.00507392;-0.0278268;0.43689;-0.30013;1.91373;-0.120935;0.0304918;0.0323906;0;0;0;0;0;0;-0.43689;0.30013;-1.91373;-0.872715;12.31;2.12981;
3.32502;0.591097;0.210742;-10.4657;0.00312568;0.00360198;-0.0205455;3.56759;-8.75555;30;1.07102;0.365191;0.104825;0;0;0;0;0;0;-3.56759;8.75555;-30;-17.0547;193.417;58.3515;
3.32601;0.492431;0.190932;-10.512;0.00213603;0.0021068;-0.0145071;0.245382;-0.23152;1.16758;0.0407109;0.0853529;0.00836878;0;0;0;0;0;0;-0.245382;0.23152;-1.16758;-0.651808;7.4458;1.61342;
3.32701;0.43441;0.175702;-10.5421;0.00152681;0.00102862;-0.0109602;-17.0739;6.28825;64.5051;-0.858117;-0.99732;-0.0516222;0;0;0;0;0;0;17.0739;-6.28825;-64.5051;-30.9857;420.148;-49.2379;
3.32802;0.415514;0.177075;-10.5568;0.00124508;0.000273414;-0.00962817;-1.09791;-2.25169;7.60092;0.456764;-0.434222;-0.0626568;0;0;0;0;0;0;1.09791;2.25169;-7.60092;-4.50981;49.7327;14.0814;
3.329;0.410569;0.182301;-10.5645;0.0011869;-0.000190176;-0.0100257;1.79957;-0.304671;7.13;0.159193;-0.404034;-0.0477778;0;0;0;0;0;0;-1.79957;0.304671;-7.13;-3.77948;46.3639;2.92542;
3.33004;0.410781;0.1865;-10.5685;0.00120094;-0.000447501;-0.010778;1.57002;4.08384;12.8161;-0.670148;0.235295;0.00711906;0;0;0;0;0;0;-1.57002;-4.08384;-12.8161;-5.37185;82.5445;-25.6446;
3.33103;0.413754;0.189558;-10.5699;0.00119557;-0.000569878;-0.0115593;0;0;0;0;0;0;0;0;0;0;0;0;0;-0;-0;0;0;0;
3.33202;0.417106;0.189989;-10.5712;0.00116725;-0.000650981;-0.0128757;-1.18134;-5.54997;20.0586;0.766611;-0.5223;0.0505374;0;0;0;0;0;0;1.18134;5.54997;-20.0586;-11.4231;130.447;35.2705;
3.33301;0.425704;0.191428;-10.5702;0.00120325;-0.000652405;-0.0143498;-2.82895;-1.90946;5.63957;0.336595;-0.302737;0.0663428;0;0;0;0;0;0;2.82895;1.90946;-5.63957;-3.36779;37.0827;10.8662;
3.33405;0.446285;0.196682;-10.5648;0.00127668;-0.000551545;-0.0166771;-3.18842;-7.08449;33.7206;0.775873;0.00372467;0.156549;0;0;0;0;0;0;3.18842;7.08449;-33.7206;-18.4648;218.534;44.0844;
3.33503;0.460758;0.193959;-10.5618;0.00127503;-0.000460835;-0.0179027;-2.97357;-10.5342;25.7458;1.18849;-0.0104984;0.181606;0;0;0;0;0;0;2.97357;10.5342;-25.7458;-15.2091;166.919;66.4914;
3.33603;0.463954;0.19008;-10.5621;0.00123225;-0.000371869;-0.0183251;2.67582;8.26618;26.0608;-1.29837;0.434863;-0.0413294;0;0;0;0;0;0;-2.67582;-8.26618;-26.0608;-10.9915;167.945;-52.1048;
3.33703;0.471831;0.186573;-10.5605;0.00121979;-0.000201223;-0.0188616;0.187088;0.0833404;0.768368;0.0491747;-0.0467726;-0.0069003;0;0;0;0;0;0;-0.187088;-0.0833404;-0.768368;-0.427643;5.00035;-0.438233;
3.33804;0.478755;0.183963;-10.5602;0.00119929;-0.000137611;-0.0190828;-7.2219;2.97866;29.3897;-0.353167;-0.256396;-0.0410518;0;0;0;0;0;0;7.2219;-2.97866;-29.3897;-14.144;191.173;-22.8708;
3.33904;0.480241;0.181249;-10.5644;0.00106177;-0.00040126;-0.0190104;0;0;0;0;0;0;0;0;0;0;0;0;0;-0;-0;0;0;0;
3.34003;0.483115;0.179589;-10.5697;0.000909905;-0.000820628;-0.0189327;0.281457;-0.272757;1.35095;0.0469458;0.0988379;0.0101747;0;0;0;0;0;0;-0.281457;0.272757;-1.35095;-0.754507;8.61533;1.89663;
3.34103;0.487382;0.181748;-10.5725;0.000950863;-0.00105199;-0.0191213;0;0;0;0;0;0;0;0;0;0;0;0;0;-0;-0;0;0;0;
3.34203;0.497044;0.182309;-10.5735;0.000937468;-0.00132554;-0.0190234;0.214815;-0.181995;0.989762;-0.0631602;0.0160265;0.016655;0;0;0;0;0;0;-0.214815;0.181995;-0.989762;-0.453436;6.36748;1.26925;
3.34305;0.51974;0.180558;-10.5689;0.00109166;-0.00136027;-0.0192497;-13.7158;-9.16216;27.2191;1.62507;-1.46057;0.327237;0;0;0;0;0;0;13.7158;9.16216;-27.2191;-16.2496;178.983;52.0589;
3.34403;0.55471;0.177559;-10.5589;0.00129077;-0.00120302;-0.0198121;2.32164;-4.02225;29.6798;0.381186;-0.0246315;-0.0877263;0;0;0;0;0;0;-2.32164;4.02225;-29.6798;-15.728;191.859;27.286;
3.34501;0.615743;0.175552;-10.5412;0.00158077;-0.00101192;-0.0211665;0;0;0;0;0;0;0;0;0;0;0;0;0;-0;-0;0;0;0;
3.34604;0.694404;0.175979;-10.5152;0.00200332;-0.00056443;-0.0232926;0;0;0;0;0;0;0;0;0;0;0;0;0;-0;-0;0;0;0;
3.34705;0.764082;0.185736;-10.4912;0.00246364;-0.00012393;-0.02574;-6.20599;-3.78845;18.2251;0.259283;-0.451767;0.15774;0;0;0;0;0;0;6.20599;3.78845;-18.2251;-9.81567;119.017;21.2341;
3.34801;0.801372;0.208945;-10.4786;0.00268607;6.18354e-05;-0.0278246;0;0;0;0;0;0;0;0;0;0;0;0;0;-0;-0;0;0;0;
3.34901;0.804142;0.236126;-10.476;0.00278549;0.000185227;-0.0289383;-4.32788;-1.93909;7.5229;0.321323;-0.523268;0.0499787;0;0;0;0;0;0;4.32788;1.93909;-7.5229;-4.30369;49.6415;10.3196;
3.35003;0.781475;0.260941;-10.4777;0.00295863;0.000553228;-0.029419;0;0;0;0;0;0;0;0;0;0;0;0;0;-0;-0;0;0;0;
3.35105;0.781087;0.286638;-10.4749;0.00315091;0.000796615;-0.0315886;4.21759;3.04431;20.216;-0.608438;-0.122768;0.0194241;0;0;0;0;0;0;-4.21759;-3.04431;-20.216;-9.26358;130.523;-17.5968;
3.35202;0.81413;0.309804;-10.4647;0.00349202;0.000945833;-0.03538;0;0;0;0;0;0;0;0;0;0;0;0;0;-0;-0;0;0;0;
3.353;0.846876;0.332472;-10.4556;0.00364045;0.00104946;-0.0387878;-12.9699;-7.14195;52.1494;0.738211;-0.345335;0.201054;0;0;0;0;0;0;12.9699;7.14195;-52.1494;-27.7112;339.125;39.4871;
3.35402;0.830214;0.333738;-10.4616;0.00332752;0.00121249;-0.037586;-4.87286;-3.04345;13.4267;0.329852;-0.414368;0.0518342;0;0;0;0;0;0;4.87286;3.04345;-13.4267;-7.39556;87.793;17.1901;
3.35504;0.789879;0.304384;-10.4735;0.00269349;0.00155701;-0.0317638;0;0;0;0;0;0;0;0;0;0;0;0;0;-0;-0;0;0;0;
3.35601;0.763476;0.27941;-10.4825;0.00221667;0.00176578;-0.0266072;2.19869;-8.72613;25.5326;1.0497;0.624036;0.190174;0;0;0;0;0;0;-2.19869;8.72613;-25.5326;-14.7813;164.385;57.3865;
3.35705;0.73536;0.256493;-10.4964;0.00188206;0.0014451;-0.0218746;0;0;0;0;0;0;0;0;0;0;0;0;0;-0;-0;0;0;0;
3.35803;0.722497;0.239922;-10.5094;0.00174229;0.000636167;-0.0187236;0.0226995;-1.21448;3.34286;-0.178711;0.0375744;0.0383425;0;0;0;0;0;0;-0.0226995;1.21448;-3.34286;-1.62634;21.5929;7.83241;
3.35903;0.719658;0.226675;-10.5196;0.00177253;-0.000302723;-0.0165889;0;0;0;0;0;0;0;0;0;0;0;0;0;-0;-0;0;0;0;
3.36004;0.732188;0.213667;-10.5192;0.00197059;-0.000750208;-0.0156407;0.868476;-0.35779;3.55802;-0.00890791;0.175118;0.0242832;0;0;0;0;0;0;-0.868476;0.35779;-3.55802;-1.81838;22.7627;2.72834;
3.36103;0.748077;0.203256;-10.5129;0.00213892;-0.000796844;-0.0152977;0;0;0;0;0;0;0;0;0;0;0;0;0;-0;-0;0;0;0;
3.36201;0.768291;0.198532;-10.4999;0.00234796;-0.000378243;-0.0157618;1.07409;-3.8861;11.3177;0.398019;0.608759;0.168046;0;0;0;0;0;0;-1.07409;3.8861;-11.3177;-6.48658;72.5237;25.521;
3.36305;0.791364;0.205043;-10.4841;0.00264946;0.000241707;-0.0172699;2.3548;3.58577;20.8662;-0.91889;0.172366;0.0292537;0;0;0;0;0;0;-2.3548;-3.58577;-20.8662;-9.22611;134.623;-22.0484;
3.36403;0.825057;0.225734;-10.4638;0.0030978;0.00102188;-0.0201889;0;0;0;0;0;0;0;0;0;0;0;0;0;-0;-0;0;0;0;
3.36503;0.8943;0.255671;-10.4308;0.00392708;0.00210288;-0.0248133;0;0;0;0;0;0;0;0;0;0;0;0;0;-0;-0;0;0;0;
3.36603;0.973759;0.29181;-10.3954;0.00491211;0.0032501;-0.0299443;2.89402;-3.14275;14.4629;0.495329;1.06203;0.131661;0;0;0;0;0;0;-2.89402;3.14275;-14.4629;-8.09273;92.2418;21.6632;
3.36703;1.02972;0.331477;-10.3718;0.00564307;0.00397478;-0.0338615;0;0;0;0;0;0;0;0;0;0;0;0;0;-0;-0;0;0;0;
3.36804;1.05668;0.364734;-10.3627;0.00599087;0.00421832;-0.0356277;0;0;0;0;0;0;0;0;0;0;0;0;0;-0;-0;0;0;0;
3.36902;1.07567;0.389405;-10.3598;0.00600132;0.00418679;-0.0367405;0;0;0;0;0;0;0;0;0;0;0;0;0;-0;-0;0;0;0;
3.37005;1.1281;0.403261;-10.3441;0.0061653;0.00451078;-0.0385429;-3.50017;-1.46153;5.98712;0.256302;-0.416058;0.0482731;0;0;0;0;0;0;3.50017;1.46153;-5.98712;-3.41748;39.5125;7.64761;
3.37105;1.21085;0.406324;-10.3186;0.00632094;0.00497468;-0.0412335;-13.2487;6.34562;43.8251;-0.743653;-0.465902;-0.0740426;0;0;0;0;0;0;13.2487;-6.34562;-43.8251;-20.683;285.404;-47.6609;
3.37205;1.22699;0.390624;-10.3299;0.00530002;0.00394343;-0.0396028;-2.18758;-1.06082;7.7695;0.338559;-0.556698;0.0193152;0;0;0;0;0;0;2.18758;1.06082;-7.7695;-4.35683;51.0556;5.74425;
3.373;1.1758;0.36826;-10.3556;0.00414251;0.00330251;-0.0337617;0;0;0;0;0;0;0;0;0;0;0;0;0;-0;-0;0;0;0;
3.374;1.12649;0.345201;-10.3672;0.00362977;0.0038855;-0.0279605;0;0;0;0;0;0;0;0;0;0;0;0;0;-0;-0;0;0;0;
3.37504;1.10133;0.340447;-10.3713;0.00340454;0.0044728;-0.0244799;0;0;0;0;0;0;0;0;0;0;0;0;0;-0;-0;0;0;0;
3.37602;1.09449;0.34233;-10.3703;0.0032154;0.00486881;-0.0223555;2.30815;1.3793;9.87135;0.0558014;0.494105;-0.0844065;0;0;0;0;0;0;-2.30815;-1.3793;-9.87135;-4.88706;63.1548;-7.67943;
3.37701;1.09916;0.345613;-10.3602;0.00329665;0.00554847;-0.0214065;0;0;0;0;0;0;0;0;0;0;0;0;0;-0;-0;0;0;0;
3.37802;1.10483;0.338846;-10.3412;0.00373188;0.00676169;-0.0203426;0;0;0;0;0;0;0;0;0;0;0;0;0;-0;-0;0;0;0;
3.37903;1.11498;0.325479;-10.3157;0.00436981;0.00828359;-0.0193736;0.647743;3.88199;10.5251;-0.538223;0.207979;-0.0435859;0;0;0;0;0;0;-0.647743;-3.88199;-10.5251;-4.37064;67.8381;-24.752;
3.38004;1.13356;0.321461;-10.2845;0.00529025;0.00997724;-0.0200663;-21.8014;4.99814;64.0142;-0.933599;-0.873706;-0.0239353;0;0;0;0;0;0;21.8014;-4.99814;-64.0142;-30.793;417.322;-43.297;
3.38105;1.12253;0.328832;-10.2802;0.00534872;0.0100891;-0.0207882;-6.15061;-2.28517;10.2834;0.441818;-0.713632;0.105674;0;0;0;0;0;0;6.15061;2.28517;-10.2834;-5.84879;67.879;11.5858;
3.38205;1.10067;0.347024;-10.2953;0.0046605;0.00885362;-0.0219781;0.936796;-3.75427;10.7331;0.321047;0.827768;0.261519;0;0;0;0;0;0;-0.936796;3.75427;-10.7331;-6.10207;68.5356;24.5053;
3.38301;1.08407;0.377571;-10.311;0.00412849;0.00755073;-0.0249544;0.471738;-0.596189;2.50922;0.0842707;0.185247;0.0281714;0;0;0;0;0;0;-0.471738;0.596189;-2.50922;-1.40749;16.0054;4.06747;
3.38401;1.06312;0.397598;-10.3331;0.00355628;0.00599104;-0.0275559;0;0;0;0;0;0;0;0;0;0;0;0;0;-0;-0;0;0;0;
3.38502;1.06486;0.403714;-10.3457;0.00335488;0.00481054;-0.0299376;0;0;0;0;0;0;0;0;0;0;0;0;0;-0;-0;0;0;0;
3.38602;1.05629;0.391691;-10.3614;0.00320053;0.00373768;-0.0308539;-3.89746;-2.37978;7.45556;0.446361;-0.398714;0.106071;0;0;0;0;0;0;3.89746;2.37978;-7.45556;-4.43913;49.0378;13.332;
3.38706;1.04556;0.362584;-10.3762;0.00306575;0.00286831;-0.0299539;0;0;0;0;0;0;0;0;0;0;0;0;0;-0;-0;0;0;0;
3.38804;1.0326;0.337214;-10.3838;0.00316504;0.00266769;-0.0284183;-1.66439;-0.496356;7.5743;-0.46278;0.198531;-0.0886822;0;0;0;0;0;0;1.66439;0.496356;-7.5743;-3.4005;48.9846;2.4628;
3.38903;1.01555;0.314806;-10.3897;0.00331711;0.00272716;-0.0262502;-6.78356;-2.78311;11.5602;0.555769;-0.746566;0.146399;0;0;0;0;0;0;6.78356;2.78311;-11.5602;-6.65561;76.2381;14.4487;
3.39002;1.01358;0.299511;-10.3889;0.00354658;0.00293607;-0.0239491;0.635542;0.129867;2.50287;0.112423;-0.188888;-0.0187463;0;0;0;0;0;0;-0.635542;-0.129867;-2.50287;-1.35948;16.3219;-0.501694;
3.39103;1.01366;0.295193;-10.3881;0.00364449;0.0029883;-0.0215633;0.0642076;-1.63013;4.11043;0.116656;0.326651;0.127722;0;0;0;0;0;0;-0.0642076;1.63013;-4.11043;-2.34993;26.2668;10.4537;
3.39202;1.01325;0.302324;-10.3917;0.00338017;0.00264205;-0.0195865;0;0;0;0;0;0;0;0;0;0;0;0;0;-0;-0;0;0;0;
3.393;1.02268;0.321446;-10.3933;0.00306537;0.00214095;-0.0189276;0;0;0;0;0;0;0;0;0;0;0;0;0;-0;-0;0;0;0;
3.39404;1.02978;0.338118;-10.3962;0.00267555;0.00164292;-0.0183265;0.567664;2.67511;7.46333;-0.383434;0.144991;-0.0228056;0;0;0;0;0;0;-0.567664;-2.67511;-7.46333;-3.10526;48.0957;-17.0029;
3.39501;1.04213;0.34958;-10.3967;0.00246999;0.00131172;-0.0182114;0;0;0;0;0;0;0;0;0;0;0;0;0;-0;-0;0;0;0;
3.39605;1.06604;0.360158;-10.3932;0.00240649;0.0010902;-0.0184584;3.47122;14.9672;42.3134;-2.13447;0.840533;-0.123793;0;0;0;0;0;0;-3.47122;-14.9672;-42.3134;-17.6648;272.635;-94.9863;
3.39706;1.08601;0.366394;-10.3882;0.00239989;0.00113583;-0.0184644;0.607573;-0.731246;3.16403;0.106936;0.233171;0.0333544;0;0;0;0;0;0;-0.607573;0.731246;-3.16403;-1.7734;20.1813;5.00468;
3.39801;1.11687;0.372849;-10.3776;0.00257307;0.00139262;-0.0189603;0;0;0;0;0;0;0;0;0;0;0;0;0;-0;-0;0;0;0;
3.39902;1.14162;0.377086;-10.366;0.00284553;0.00188285;-0.0191562;0;0;0;0;0;0;0;0;0;0;0;0;0;-0;-0;0;0;0;
3.40003;1.1449;0.379888;-10.3596;0.00299084;0.00237273;-0.0188845;-8.45339;6.89857;47.9305;-1.09358;-0.337118;-0.0926271;0;0;0;0;0;0;8.45339;-6.89857;-47.9305;-22.3446;311.361;-48.8063;
3.40104;1.13087;0.38223;-10.3605;0.00288946;0.00264222;-0.0181673;-23.3701;-6.0069;41.4937;0.273353;-1.44096;0.245318;0;0;0;0;0;0;23.3701;6.0069;-41.4937;-21.7677;272.309;26.8613;
3.40205;1.11752;0.386253;-10.362;0.00273699;0.00279739;-0.0176519;0.209851;-11.9039;30.0871;1.32698;0.247486;0.122849;0;0;0;0;0;0;-0.209851;11.9039;-30.0871;-17.6711;194.435;77.0169;
3.403;1.11707;0.386815;-10.3583;0.00269782;0.00308336;-0.0173069;-1.02807;-1.62671;3.6715;0.21542;-0.204951;-0.0304863;0;0;0;0;0;0;1.02807;1.62671;-3.6715;-2.22738;24.0678;10.0399;
3.40406;1.13187;0.389466;-10.3491;0.0027849;0.00348593;-0.0175414;0;0;0;0;0;0;0;0;0;0;0;0;0;-0;-0;0;0;0;
3.40505;1.16802;0.395582;-10.3353;0.00299105;0.00381052;-0.0189174;-0.995011;-4.77575;13.5374;0.476629;0.00406051;0.123213;0;0;0;0;0;0;0.995011;4.77575;-13.5374;-7.77218;87.7007;30.2813;
3.40605;1.20557;0.406819;-10.3246;0.00304956;0.00381764;-0.0208555;0;0;0;0;0;0;0;0;0;0;0;0;0;-0;-0;0;0;0;
3.40701;1.24266;0.420462;-10.3181;0.00290907;0.00341395;-0.0230762;0.505946;-1.24342;4.08447;0.16474;0.125132;0.0325257;0;0;0;0;0;0;-0.505946;1.24342;-4.08447;-2.34609;26.256;8.26876;
3.40803;1.28033;0.424061;-10.317;0.00247182;0.00241843;-0.0243833;5.81765;-3.35375;24.7116;0.549626;1.5813;0.095639;0;0;0;0;0;0;-5.81765;3.35375;-24.7116;-13.3281;157.751;24.5366;
3.40903;1.29388;0.418837;-10.3172;0.00216813;0.00177171;-0.0239196;-2.98845;-2.28713;6.32438;0.376044;-0.341302;0.0542644;0;0;0;0;0;0;2.98845;2.28713;-6.32438;-3.79001;41.5688;13.2419;
3.41005;1.28087;0.410464;-10.3146;0.00208543;0.00182405;-0.0219972;0.77813;-0.936666;4.05249;0.136965;0.298653;0.0427297;0;0;0;0;0;0;-0.77813;0.936666;-4.05249;-2.27139;25.8482;6.41051;
3.411;1.25442;0.397366;-10.3075;0.00237022;0.00249137;-0.0193457;0;0;0;0;0;0;0;0;0;0;0;0;0;-0;-0;0;0;0;
3.41201;1.24715;0.386924;-10.2897;0.00284257;0.00345951;-0.0177342;0;0;0;0;0;0;0;0;0;0;0;0;0;-0;-0;0;0;0;
3.41305;1.26104;0.376811;-10.2666;0.00327502;0.00436565;-0.0171034;0;0;0;0;0;0;0;0;0;0;0;0;0;-0;-0;0;0;0;
3.41404;1.26028;0.372889;-10.2569;0.00318884;0.00467542;-0.0159097;-4.38854;-1.65017;7.35306;0.315793;-0.510351;0.0739423;0;0;0;0;0;0;4.38854;1.65017;-7.35306;-4.18366;48.5355;8.39538;
3.41503;1.23183;0.37661;-10.2667;0.0024147;0.00419815;-0.0133728;-1.90969;0.775113;12.3474;-0.0769404;-0.0637083;-0.0474833;0;0;0;0;0;0;1.90969;-0.775113;-12.3474;-6.06171;80.16;-5.93;
3.41604;1.21316;0.381872;-10.2791;0.00149323;0.0035758;-0.0112334;-11.0711;1.52559;40.2592;-0.204149;-0.37044;-0.0220902;0;0;0;0;0;0;11.0711;-1.52559;-40.2592;-19.9118;262.014;-15.4245;
3.41705;1.19657;0.388195;-10.2939;0.000525081;0.00294814;-0.00927509;0;0;0;0;0;0;0;0;0;0;0;0;0;-0;-0;0;0;0;
3.41805;1.19211;0.392063;-10.3017;-8.68254e-05;0.00279083;-0.00786091;0;0;0;0;0;0;0;0;0;0;0;0;0;-0;-0;0;0;0;
3.419;1.20167;0.392432;-10.3057;-0.000345523;0.00272138;-0.00706567;1.09919;5.34735;15.0848;-0.679418;0.314266;-0.0787535;0;0;0;0;0;0;-1.09919;-5.34735;-15.0848;-6.37796;97.1943;-33.9723;
3.42002;1.23267;0.385282;-10.3017;-0.000226319;0.0028579;-0.00661674;-11.0578;-7.51658;22.1174;1.29362;-1.05011;0.284093;0;0;0;0;0;0;11.0578;7.51658;-22.1174;-13.1844;145.291;42.791;
3.42102;1.26896;0.382392;-10.2955;0.000168705;0.00299862;-0.0068923;1.66722;0.104067;21.1681;-0.44024;-0.314708;-0.0414481;0;0;0;0;0;0;-1.66722;-0.104067;-21.1681;-10.2068;137.133;0.207393;
3.42202;1.30108;0.384449;-10.2891;0.000608609;0.00305783;-0.00719523;-13.1249;3.33039;51.4741;-0.411156;-0.373107;-0.0598737;0;0;0;0;0;0;13.1249;-3.33039;-51.4741;-25.1698;334.798;-28.1001;
3.42303;1.31894;0.394806;-10.2868;0.000790482;0.00284685;-0.00756759;0;0;0;0;0;0;0;0;0;0;0;0;0;-0;-0;0;0;0;
3.42404;1.33492;0.412786;-10.2837;0.000896833;0.00257932;-0.00833042;-2.7139;-2.09781;5.77293;0.24221;-0.405892;-0.0336306;0;0;0;0;0;0;2.7139;2.09781;-5.77293;-3.35953;38.0372;12.2429;
3.42505;1.34765;0.442187;-10.2788;0.00102825;0.00247701;-0.0099532;0;0;0;0;0;0;0;0;0;0;0;0;0;-0;-0;0;0;0;
3.42606;1.36924;0.477572;-10.2701;0.0014097;0.00257628;-0.0128678;-3.78153;-1.40631;6.32352;0.271667;-0.438836;0.0648651;0;0;0;0;0;0;3.78153;1.40631;-6.32352;-3.59669;41.7404;7.13194;
3.42701;1.40908;0.512365;-10.255;0.00208217;0.00290336;-0.0162566;0;0;0;0;0;0;0;0;0;0;0;0;0;-0;-0;0;0;0;
3.42802;1.43765;0.540459;-10.2455;0.00272181;0.00317982;-0.0194571;0;0;0;0;0;0;0;0;0;0;0;0;0;-0;-0;0;0;0;
3.42902;1.46144;0.553214;-10.2383;0.00309326;0.00330413;-0.0207014;4.47945;0.429118;17.715;-0.300117;0.523319;0.0310525;0;0;0;0;0;0;-4.47945;-0.429118;-17.715;-8.57571;113.666;-0.552749;
3.43005;1.46737;0.546115;-10.2389;0.00303442;0.00309595;-0.0190008;-2.03281;-1.65344;4.44326;0.263741;-0.240427;0.0311942;0;0;0;0;0;0;2.03281;1.65344;-4.44326;-2.66695;29.1985;9.64528;
3.43102;1.45863;0.527519;-10.2458;0.00241877;0.00254617;-0.0156674;0;0;0;0;0;0;0;0;0;0;0;0;0;-0;-0;0;0;0;
3.43201;1.45516;0.509191;-10.2518;0.00150215;0.00178029;-0.0120519;-0.518063;-2.33144;5.31836;-0.370416;0.124486;0.018489;0;0;0;0;0;0;0.518063;2.33144;-5.31836;-2.54152;34.3445;14.8082;
3.43302;1.46861;0.492795;-10.2498;0.000614293;0.00121829;-0.00957367;0.98298;1.86751;6.49416;-0.344192;0.114955;0.0190408;0;0;0;0;0;0;-0.98298;-1.86751;-6.49416;-2.73775;41.8121;-11.6094;
3.43401;1.49902;0.488479;-10.2405;-0.000126017;0.000858003;-0.00917564;0;0;0;0;0;0;0;0;0;0;0;0;0;-0;-0;0;0;0;
3.43502;1.5488;0.496293;-10.2206;-0.00056107;0.000986994;-0.0103896;0;0;0;0;0;0;0;0;0;0;0;0;0;-0;-0;0;0;0;
3.43603;1.58546;0.511434;-10.2041;-0.000850521;0.00135369;-0.0122257;0;0;0;0;0;0;0;0;0;0;0;0;0;-0;-0;0;0;0;
3.43703;1.59677;0.533933;-10.1974;-0.00116189;0.00168146;-0.0134112;-0.221795;-0.320442;0.730984;0.0302785;-0.0522638;-0.0137238;0;0;0;0;0;0;0.221795;0.320442;-0.730984;-0.43051;4.80499;1.97574;
3.43803;1.58699;0.547842;-10.2002;-0.00127038;0.00199239;-0.0137994;-0.147448;-0.78922;1.81694;0.106757;-0.104915;-0.0369083;0;0;0;0;0;0;0.147448;0.78922;-1.81694;-1.10085;11.8777;5.06998;
3.43904;1.54762;0.549541;-10.2202;-0.00149479;0.00177052;-0.0128147;0;0;0;0;0;0;0;0;0;0;0;0;0;-0;-0;0;0;0;
3.44006;1.49302;0.540584;-10.2488;-0.00181784;0.00118679;-0.0104851;-9.5233;-3.69852;16.0523;0.688704;-1.11454;0.151791;0;0;0;0;0;0;9.5233;3.69852;-16.0523;-9.14225;105.951;18.9878;
3.44102;1.4476;0.524798;-10.272;-0.0021135;0.000689984;-0.00770801;0;0;0;0;0;0;0;0;0;0;0;0;0;-0;-0;0;0;0;
3.44203;1.40574;0.503014;-10.2899;-0.00220491;0.000500631;-0.00465981;1.82354;10.0851;36.5562;-1.74199;0.606076;-0.173417;0;0;0;0;0;0;-1.82354;-10.0851;-36.5562;-15.6495;235.778;-64.1725;
3.44302;1.37424;0.481412;-10.3026;-0.00217026;0.000454142;-0.00217139;-4.04634;-2.65412;7.96749;0.47593;-0.427257;0.0993764;0;0;0;0;0;0;4.04634;2.65412;-7.96749;-4.75406;52.3942;15.0391;
3.444;1.36502;0.461019;-10.3037;-0.00199098;0.000692096;-0.000198791;-0.648888;-0.470334;1.33667;0.056191;-0.093835;-0.00573972;0;0;0;0;0;0;0.648888;0.470334;-1.33667;-0.776432;8.80906;2.72273;
3.445;1.36097;0.434518;-10.3012;-0.0016014;0.001124;0.00126372;-1.71839;-1.98512;4.72368;0.27819;-0.259877;-0.00801266;0;0;0;0;0;0;1.71839;1.98512;-4.72368;-2.85592;31.001;11.9892;
3.44601;1.3735;0.409835;-10.2906;-0.00119696;0.001687;0.00214181;-3.71783;-3.3553;8.68274;0.459789;-0.191637;0.101625;0;0;0;0;0;0;3.71783;3.3553;-8.68274;-5.1685;56.7542;19.7398;
3.44702;1.39108;0.385034;-10.2774;-0.000803218;0.00219846;0.00273586;0;0;0;0;0;0;0;0;0;0;0;0;0;-0;-0;0;0;0;
3.44804;1.40579;0.367861;-10.2678;-0.000559888;0.00235841;0.00352156;1.68403;-2.1115;9.76094;0.0930034;0.579225;0.0417017;0;0;0;0;0;0;-1.68403;2.1115;-9.76094;-5.21956;62.4178;14.4704;
3.44905;1.41046;0.363613;-10.2669;-0.000651632;0.00200766;0.00483488;1.72316;-2.10022;9.02188;0.304434;0.665163;0.0966982;0;0;0;0;0;0;-1.72316;2.10022;-9.02188;-5.05777;57.5452;14.3621;
3.45001;1.40535;0.37378;-10.2754;-0.000996696;0.00128781;0.00639837;-2.23966;-1.09745;3.9846;0.169677;-0.277544;0.0189297;0;0;0;0;0;0;2.23966;1.09745;-3.9846;-2.2861;26.2883;5.95544;
3.45101;1.40851;0.395168;-10.2871;-0.00143858;0.000329477;0.00774158;0;0;0;0;0;0;0;0;0;0;0;0;0;-0;-0;0;0;0;
3.45203;1.43023;0.421874;-10.2944;-0.00165837;-0.000599942;0.00811763;0;0;0;0;0;0;0;0;0;0;0;0;0;-0;-0;0;0;0;
3.45304;1.46383;0.448095;-10.2966;-0.00165327;-0.00151818;0.00773848;0;0;0;0;0;0;0;0;0;0;0;0;0;-0;-0;0;0;0;
3.45406;1.50389;0.468609;-10.2926;-0.0013428;-0.00226527;0.006664;0;0;0;0;0;0;0;0;0;0;0;0;0;-0;-0;0;0;0;
3.45506;1.53302;0.486764;-10.2853;-0.000824314;-0.00266624;0.00535564;-0.386137;-1.51834;3.45713;0.197053;-0.1946;-0.0660068;0;0;0;0;0;0;0.386137;1.51834;-3.45713;-2.09021;22.6056;9.69731;
3.456;1.53989;0.505725;-10.2802;-0.000265573;-0.00278389;0.00354012;0.0708373;6.68333;29.9971;-0.908579;0.181646;-0.323829;0;0;0;0;0;0;-0.0708373;-6.68333;-29.9971;-13.5225;193.932;-42.8906;
3.45701;1.53709;0.521807;-10.2752;0.000259435;-0.0026695;0.00112851;-13.2241;-3.18708;20.9626;0.311538;-0.861267;0.0733951;0;0;0;0;0;0;13.2241;3.18708;-20.9626;-11.186;137.846;13.8933;
3.45803;1.53853;0.530739;-10.27;0.000643177;-0.00242928;-0.00190453;-3.91727;-8.02165;22.8433;0.677261;0.0690649;0.0964687;0;0;0;0;0;0;3.91727;8.02165;-22.8433;-12.9844;148.151;49.842;
3.45905;1.54209;0.536013;-10.2684;0.000729794;-0.00230761;-0.00540164;-1.2761;-0.758973;2.41699;0.102259;-0.168941;0.000939746;0;0;0;0;0;0;1.2761;0.758973;-2.41699;-1.39542;15.9383;4.26814;
3.46001;1.5458;0.542641;-10.2704;0.000521103;-0.00237441;-0.00827202;-7.07441;-4.4553;13.6982;0.819293;-0.733427;0.184577;0;0;0;0;0;0;7.07441;4.4553;-13.6982;-8.16374;90.0903;25.0854;
3.46103;1.54213;0.548943;-10.2737;0.000287789;-0.00226782;-0.0105229;0.392907;2.91343;7.74742;-0.394895;0.155026;-0.0382706;0;0;0;0;0;0;-0.392907;-2.91343;-7.74742;-3.21295;49.9416;-18.6177;
3.46203;1.53431;0.555531;-10.2769;0.00015593;-0.00202344;-0.0121332;-10.0591;5.34494;54.1101;-0.792871;-0.194538;-0.278099;0;0;0;0;0;0;10.0591;-5.34494;-54.1101;-25.9131;351.37;-39.3752;
3.46302;1.5221;0.561475;-10.2791;0.000137531;-0.00164785;-0.0131429;0;0;0;0;0;0;0;0;0;0;0;0;0;-0;-0;0;0;0;
3.46403;1.51628;0.564583;-10.2768;0.0002247;-0.00110608;-0.0136087;0;0;0;0;0;0;0;0;0;0;0;0;0;-0;-0;0;0;0;
3.46504;1.52096;0.562836;-10.2685;0.00052005;-0.000350781;-0.0137311;0.51915;1.29266;4.65739;-0.247915;0.0866995;0.00357115;0;0;0;0;0;0;-0.51915;-1.29266;-4.65739;-1.96706;30.0006;-8.10739;
3.46601;1.53268;0.560645;-10.2592;0.000898074;0.000279609;-0.0136854;-1.29651;-2.96759;6.60494;0.356252;-0.236747;-0.0351401;0;0;0;0;0;0;1.29651;2.96759;-6.60494;-3.9799;43.1098;18.5866;
3.46703;1.55461;0.563539;-10.2481;0.00132234;0.000724672;-0.0137905;0.364234;-3.79698;9.87769;0.348462;0.0349369;-0.00406606;0;0;0;0;0;0;-0.364234;3.79698;-9.87769;-5.70321;63.8503;24.759;
3.46805;1.59943;0.57295;-10.228;0.00200364;0.00122364;-0.0147005;0;0;0;0;0;0;0;0;0;0;0;0;0;-0;-0;0;0;0;
3.469;1.65219;0.586033;-10.2042;0.00274699;0.00163009;-0.0159686;0;0;0;0;0;0;0;0;0;0;0;0;0;-0;-0;0;0;0;
3.47002;1.71584;0.598884;-10.1738;0.00354947;0.00197318;-0.017181;0;0;0;0;0;0;0;0;0;0;0;0;0;-0;-0;0;0;0;
3.47104;1.76925;0.596698;-10.143;0.0043174;0.00225637;-0.0174402;0;0;0;0;0;0;0;0;0;0;0;0;0;-0;-0;0;0;0;
3.47205;1.80001;0.581908;-10.1182;0.00489895;0.00230761;-0.0164695;-2.29543;-2.65242;6.40117;0.230762;-0.0659088;0.0713983;0;0;0;0;0;0;2.29543;2.65242;-6.40117;-3.72015;41.7207;15.9376;
3.47301;1.8024;0.560922;-10.1054;0.0050964;0.00210307;-0.0142932;0.493953;5.00868;13.2946;-0.659836;0.255175;-0.0835144;0;0;0;0;0;0;-0.493953;-5.00868;-13.2946;-5.53031;85.7286;-32.0806;
3.47403;1.7776;0.542318;-10.1065;0.00500392;0.00174596;-0.0115543;0.598982;-1.69756;5.20948;0.311551;-0.31067;-0.137057;0;0;0;0;0;0;-0.598982;1.69756;-5.20948;-3.10499;33.9627;11.4241;
3.47505;1.73364;0.532601;-10.1245;0.00437352;0.00120889;-0.00850127;0;0;0;0;0;0;0;0;0;0;0;0;0;-0;-0;0;0;0;
3.476;1.69326;0.532815;-10.1497;0.00338177;0.000569131;-0.00561429;0;0;0;0;0;0;0;0;0;0;0;0;0;-0;-0;0;0;0;
3.47704;1.64902;0.537602;-10.1822;0.00212835;-0.000104647;-0.0029306;0;0;0;0;0;0;0;0;0;0;0;0;0;-0;-0;0;0;0;
3.47802;1.62495;0.547693;-10.2088;0.00094713;-0.000760116;-0.000941996;0;0;0;0;0;0;0;0;0;0;0;0;0;-0;-0;0;0;0;
3.47901;1.6174;0.561107;-10.2272;-0.000168669;-0.00131122;0.000409361;0;0;0;0;0;0;0;0;0;0;0;0;0;-0;-0;0;0;0;
3.48002;1.62245;0.572307;-10.2379;-0.0011214;-0.00175932;0.00144508;3.51787;-2.75279;15.8726;0.566439;1.15432;0.0746538;0;0;0;0;0;0;-3.51787;2.75279;-15.8726;-8.83454;101.209;19.5107;
3.48103;1.63316;0.584335;-10.2427;-0.00183884;-0.00218338;0.00219697;0.151046;-0.115715;1.16567;-0.0417209;0.0379796;0.00172511;0;0;0;0;0;0;-0.151046;0.115715;-1.16567;-0.556797;7.49029;0.82315;
3.48205;1.6323;0.592616;-10.2511;-0.00251508;-0.00276609;0.00346491;0;0;0;0;0;0;0;0;0;0;0;0;0;-0;-0;0;0;0;
3.483;1.62353;0.596137;-10.2633;-0.00291643;-0.0034074;0.00443984;0;0;0;0;0;0;0;0;0;0;0;0;0;-0;-0;0;0;0;
3.48402;1.60247;0.590277;-10.2782;-0.00302967;-0.00390677;0.00568356;0;0;0;0;0;0;0;0;0;0;0;0;0;-0;-0;0;0;0;
3.48503;1.58473;0.576046;-10.2872;-0.00279563;-0.00392873;0.00670801;0;0;0;0;0;0;0;0;0;0;0;0;0;-0;-0;0;0;0;
3.48602;1.57253;0.555627;-10.2895;-0.00251275;-0.00357311;0.00777516;-0.0227663;-0.0522034;0.11603;-0.00811208;0.00297883;-0.000251464;0;0;0;0;0;0;0.0227663;0.0522034;-0.11603;-0.0555527;0.750179;0.326615;
3.48702;1.57544;0.533116;-10.2822;-0.0023085;-0.00299487;0.00885018;0;0;0;0;0;0;0;0;0;0;0;0;0;-0;-0;0;0;0;
3.48802;1.5919;0.515003;-10.2683;-0.00225736;-0.00231109;0.0101738;-0.237886;-0.333748;0.764527;0.0449056;-0.0424485;-0.00455798;0;0;0;0;0;0;0.237886;0.333748;-0.764527;-0.463368;5.01386;2.04458;
3.48903;1.60632;0.504103;-10.2553;-0.00234988;-0.00162823;0.0117777;-0.22875;-7.22053;35.1138;0.669749;0.523284;0.110168;0;0;0;0;0;0;0.22875;7.22053;-35.1138;-19.0744;226.733;46.5011;
3.49004;1.61499;0.498179;-10.2492;-0.00251269;-0.00127601;0.0134294;0;0;0;0;0;0;0;0;0;0;0;0;0;-0;-0;0;0;0;
3.49105;1.60993;0.496443;-10.2517;-0.0025266;-0.00106762;0.0140904;-11.8714;6.92693;115.127;-1.03488;0.379939;-0.24768;0;0;0;0;0;0;11.8714;-6.92693;-115.127;-56.233;745.839;-50.5558;
3.49201;1.59683;0.496407;-10.2583;-0.0024207;-0.000899812;0.0137115;4.13305;-3.45794;19.0699;0.696375;1.29287;0.0716959;0;0;0;0;0;0;-4.13305;3.45794;-19.0699;-10.6452;121.699;24.3867;
3.49305;1.57228;0.495305;-10.2685;-0.00231754;-0.000731492;0.0126547;0;0;0;0;0;0;0;0;0;0;0;0;0;-0;-0;0;0;0;
3.49405;1.55429;0.495649;-10.277;-0.00222702;-0.0006508;0.0111319;-3.9548;-2.65281;7.8773;0.394617;-0.370378;0.0635332;0;0;0;0;0;0;3.9548;2.65281;-7.8773;-4.62726;51.7445;15.1125;
3.495;1.54932;0.496535;-10.2795;-0.00218078;-0.0005486;0.00971814;0;0;0;0;0;0;0;0;0;0;0;0;0;-0;-0;0;0;0;
3.49601;1.54745;0.496995;-10.2791;-0.00205052;-0.000379091;0.00853133;-5.47564;6.1097;45.0144;-1.69616;0.61239;-0.304654;0;0;0;0;0;0;5.47564;-6.1097;-45.0144;-20.3536;291.241;-41.9901;
3.49703;1.55045;0.496013;-10.2765;-0.00182438;-0.000204566;0.0078548;0;0;0;0;0;0;0;0;0;0;0;0;0;-0;-0;0;0;0;
3.49805;1.55452;0.496965;-10.2704;-0.00145301;8.98395e-05;0.00742507;0;0;0;0;0;0;0;0;0;0;0;0;0;-0;-0;0;0;0;
3.49901;1.5535;0.501099;-10.2645;-0.00109105;0.000362524;0.00755091;0;0;0;0;0;0;0;0;0;0;0;0;0;-0;-0;0;0;0;
3.50003;1.55803;0.510519;-10.2552;-0.000714133;0.000642133;0.00763904;-1.75057;-0.785931;3.04441;0.130019;-0.211772;0.0200925;0;0;0;0;0;0;1.75057;0.785931;-3.04441;-1.7418;20.0891;4.18455;
3.50105;1.56714;0.520527;-10.2451;-0.000375619;0.000898313;0.00769184;0;0;0;0;0;0;0;0;0;0;0;0;0;-0;-0;0;0;0;
3.502;1.57929;0.526955;-10.2365;-0.000139775;0.00112295;0.00764479;0;0;0;0;0;0;0;0;0;0;0;0;0;-0;-0;0;0;0;
3.503;1.59724;0.530526;-10.2272;-2.50811e-05;0.00138462;0.00770893;0;0;0;0;0;0;0;0;0;0;0;0;0;-0;-0;0;0;0;
3.50401;1.61325;0.535151;-10.2235;-7.9429e-05;0.00143378;0.00765301;0;0;0;0;0;0;0;0;0;0;0;0;0;-0;-0;0;0;0;
3.50502;1.61946;0.541965;-10.2287;-0.000296092;0.00110208;0.00734611;0;0;0;0;0;0;0;0;0;0;0;0;0;-0;-0;0;0;0;
3.50603;1.61574;0.550612;-10.2415;-0.000557523;0.00050893;0.00652419;-6.64466;0.080317;45.7864;-0.56913;-0.0980088;-0.193545;0;0;0;0;0;0;6.64466;-0.080317;-45.7864;-22.4753;297.064;-3.67166;
3.50705;1.6134;0.564457;-10.2562;-0.000709428;-0.000248687;0.00511476;4.23519;-3.24046;22.5157;0.0928258;1.22335;-0.0418258;0;0;0;0;0;0;-4.23519;3.24046;-22.5157;-11.7547;144.058;23.1443;
3.50806;1.62015;0.582242;-10.2678;-0.000744144;-0.00098536;0.0033303;0;0;0;0;0;0;0;0;0;0;0;0;0;-0;-0;0;0;0;
3.509;1.64525;0.598433;-10.2696;-0.000658776;-0.00147774;0.00156721;-12.4116;-2.08439;32.9995;0.166252;-0.514233;0.0362742;0;0;0;0;0;0;12.4116;2.08439;-32.9995;-16.9903;215.312;7.20356;
3.51001;1.68653;0.613577;-10.2636;-0.000361624;-0.00170827;-0.000112988;0;0;0;0;0;0;0;0;0;0;0;0;0;-0;-0;0;0;0;
3.51102;1.74425;0.627133;-10.2469;1.78102e-05;-0.00156654;-0.00112377;0;0;0;0;0;0;0;0;0;0;0;0;0;-0;-0;0;0;0;
3.51202;1.80541;0.639183;-10.225;0.000444971;-0.00112244;-0.00128154;-4.62608;-1.98983;7.96494;0.340639;-0.553716;0.0595134;0;0;0;0;0;0;4.62608;1.98983;-7.96494;-4.5508;52.5624;10.4882;
3.51304;1.85926;0.646055;-10.2048;0.000875108;-0.000524647;-0.000724146;-1.63548;1.04157;10.8752;-0.624232;0.267743;-0.119519;0;0;0;0;0;0;1.63548;-1.04157;-10.8752;-4.74657;70.2738;-7.44425;
3.51405;1.9056;0.652869;-10.1877;0.00114704;8.73068e-05;0.000509631;0;0;0;0;0;0;0;0;0;0;0;0;0;-0;-0;0;0;0;
3.515;1.93351;0.662935;-10.1818;0.00106845;0.000293585;0.00189918;0;0;0;0;0;0;0;0;0;0;0;0;0;-0;-0;0;0;0;
3.51601;1.95244;0.678243;-10.185;0.000678654;9.19597e-05;0.00308538;-9.66233;-3.23693;17.4604;0.102795;-0.255596;0.000126182;0;0;0;0;0;0;9.66233;3.23693;-17.4604;-9.21905;114.218;16.0823;
3.51702;1.97275;0.697647;-10.1909;0.000266239;-0.000240099;0.0035819;-8.271;-3.605;14.2837;0.610614;-0.993173;0.102915;0;0;0;0;0;0;8.271;3.605;-14.2837;-8.16446;94.2587;19.062;
3.51802;1.98767;0.716789;-10.198;-2.74897e-05;-0.0005407;0.00361364;-2.19399;-1.09047;3.919;0.126401;0.385269;0.177966;0;0;0;0;0;0;2.19399;1.09047;-3.919;-2.20913;25.1963;5.77417;
3.51901;2.00362;0.733845;-10.2041;-0.000127483;-0.000856838;0.00285658;-1.4524;-4.35402;12.4787;0.109394;-0.515528;-0.354607;0;0;0;0;0;0;1.4524;4.35402;-12.4787;-6.82974;81.4151;27.7996;
3.52001;2.01312;0.742899;-10.2113;-9.88843e-06;-0.00119463;0.00180682;-0.569262;-6.16705;14.6535;-0.494888;0.641656;0.256966;0;0;0;0;0;0;0.569262;6.16705;-14.6535;-7.50266;94.2434;39.3654;
3.52102;2.00325;0.738422;-10.2228;0.000208093;-0.0016097;0.00110408;-0.261128;-0.128699;0.465329;-0.0306832;0.01584;-0.0128375;0;0;0;0;0;0;0.261128;0.128699;-0.465329;-0.216535;3.0217;0.714218;
3.52203;1.97771;0.721378;-10.2352;0.000594724;-0.00189023;0.00093328;0;0;0;0;0;0;0;0;0;0;0;0;0;-0;-0;0;0;0;
3.52304;1.94138;0.695902;-10.2456;0.00107275;-0.00195074;0.00133456;0;0;0;0;0;0;0;0;0;0;0;0;0;-0;-0;0;0;0;
3.52404;1.89623;0.665581;-10.2513;0.00161888;-0.00166182;0.00219406;-2.78979;-21.9788;52.3451;1.78092;0.642905;0.313727;0;0;0;0;0;0;2.78979;21.9788;-52.3451;-30.3445;338.38;140.514;
3.52505;1.84911;0.638007;-10.2521;0.00212842;-0.00110654;0.00364087;0.291901;4.61414;12.2174;-0.622291;0.25196;-0.0802895;0;0;0;0;0;0;-0.291901;-4.61414;-12.2174;-5.06527;78.7816;-29.6324;
3.52604;1.80061;0.614314;-10.2498;0.00254565;-0.000425546;0.00518323;1.08417;1.91489;34.1092;-0.839847;-0.0122784;-0.323807;0;0;0;0;0;0;-1.08417;-1.91489;-34.1092;-16.1411;220.635;-11.5222;
3.52701;1.75553;0.60166;-10.2502;0.00254666;-0.000184266;0.00650841;0;0;0;0;0;0;0;0;0;0;0;0;0;-0;-0;0;0;0;
3.528;1.71128;0.595274;-10.2528;0.00210169;-0.000312025;0.00810063;-0.677332;-1.97892;4.45585;0.205892;-0.00487384;0.0266619;0;0;0;0;0;0;0.677332;1.97892;-4.45585;-2.64821;28.9082;12.4386;
3.52901;1.67523;0.591914;-10.2554;0.00136282;-0.00070364;0.00940971;0;0;0;0;0;0;0;0;0;0;0;0;0;-0;-0;0;0;0;
3.53002;1.6485;0.586803;-10.2567;0.000461143;-0.00121269;0.0104521;-4.67983;-7.4355;17.1325;0.35025;-0.54161;-0.0386046;0;0;0;0;0;0;4.67983;7.4355;-17.1325;-9.72339;111.882;45.7999;
3.53104;1.62935;0.576556;-10.2555;-0.000405649;-0.00157261;0.0112477;-7.99085;-4.54315;14.8921;0.62316;-0.922479;0.0540459;0;0;0;0;0;0;7.99085;4.54315;-14.8921;-8.57765;98.0971;25.3229;
3.53206;1.61616;0.559742;-10.2532;-0.00115861;-0.00178846;0.0118641;0.960903;-1.11758;4.93341;0.167466;0.36313;0.0496431;0;0;0;0;0;0;-0.960903;1.11758;-4.93341;-2.76367;31.4661;7.66641;
3.53301;1.60652;0.542809;-10.252;-0.00161528;-0.0018916;0.011851;-6.92222;-5.89206;15.5596;0.855306;-0.496919;0.170489;0;0;0;0;0;0;6.92222;5.89206;-15.5596;-9.28145;101.884;34.4738;
3.53402;1.59669;0.528453;-10.2521;-0.00187476;-0.00183447;0.0114502;0;0;0;0;0;0;0;0;0;0;0;0;0;-0;-0;0;0;0;
3.53503;1.57843;0.515557;-10.2573;-0.00190283;-0.00172349;0.0107959;-1.39033;-3.6203;8.0614;0.333324;-0.583877;-0.204726;0;0;0;0;0;0;1.39033;3.6203;-8.0614;-4.75593;52.8916;22.9329;
3.53604;1.55452;0.505304;-10.2667;-0.00170221;-0.00155216;0.00979838;0.365161;-0.360153;1.76306;0.107511;-0.106703;-0.0440646;0;0;0;0;0;0;-0.365161;0.360153;-1.76306;-1.03138;11.4793;2.55859;
3.53705;1.53352;0.497178;-10.2759;-0.00125592;-0.00124081;0.00847242;-3.15908;-14.3816;32.8268;1.46978;0.141936;0.20363;0;0;0;0;0;0;3.15908;14.3816;-32.8268;-19.4428;212.608;91.2739;
3.53801;1.5148;0.489745;-10.2859;-0.000845854;-0.000957779;0.00721357;0;0;0;0;0;0;0;0;0;0;0;0;0;-0;-0;0;0;0;
3.53902;1.49842;0.480356;-10.2952;-0.000342024;-0.000596192;0.00580732;0.351103;-0.313546;1.64246;0.0576685;0.119872;0.0105561;0;0;0;0;0;0;-0.351103;0.313546;-1.64246;-0.916131;10.4737;2.19528;
3.54003;1.49562;0.469424;-10.2985;7.31469e-05;-0.000232261;0.0048705;-9.73831;-6.18237;18.9175;1.13122;-1.01314;0.251224;0;0;0;0;0;0;9.73831;6.18237;-18.9175;-11.2772;124.413;34.8538;
3.54104;1.49796;0.459101;-10.2989;0.000402566;6.31949e-05;0.00434506;0;0;0;0;0;0;0;0;0;0;0;0;0;-0;-0;0;0;0;
3.54204;1.5053;0.455885;-10.2958;0.000609503;0.000295781;0.00423278;0.908216;-1.47738;25.9152;-0.252675;0.200289;-0.104878;0;0;0;0;0;0;-0.908216;1.47738;-25.9152;-12.9437;167.414;10.1228;
3.54304;1.50636;0.457068;-10.2934;0.000693599;0.000378688;0.00491416;-4.32513;3.77545;22.9042;-0.717869;0.197329;-0.132751;0;0;0;0;0;0;4.32513;-3.77545;-22.9042;-10.4346;148.458;-26.4771;
3.54403;1.50607;0.468696;-10.2893;0.000665478;0.000440807;0.00603344;-1.56031;-0.987931;3.02777;-0.2031;0.0998794;-0.0720744;0;0;0;0;0;0;1.56031;0.987931;-3.02777;-1.42062;19.6506;5.67971;
3.54504;1.50439;0.487766;-10.2843;0.00064786;0.000536501;0.00717811;0;0;0;0;0;0;0;0;0;0;0;0;0;-0;-0;0;0;0;
3.54606;1.50173;0.507656;-10.2794;0.000642861;0.000636474;0.00843284;-16.1218;-21.4437;49.6931;2.38952;-0.731529;0.511894;0;0;0;0;0;0;16.1218;21.4437;-49.6931;-29.5643;323.932;130.14;
3.54701;1.49789;0.525995;-10.2768;0.00060711;0.000665103;0.0094235;-2.7571;-1.60623;5.18272;0.310759;-0.276696;0.0795636;0;0;0;0;0;0;2.7571;1.60623;-5.18272;-3.0816;34.0929;8.92674;
3.548;1.48928;0.542097;-10.2787;0.000596048;0.00060419;0.0102775;-0.801576;-1.97118;4.3843;-0.306493;0.111197;-0.00604189;0;0;0;0;0;0;0.801576;1.97118;-4.3843;-2.09904;28.3416;12.3586;
3.54901;1.47806;0.55017;-10.2836;0.000762504;0.000563338;0.0105321;1.23969;-2.55839;8.62982;0.273181;0.649644;0.15335;0;0;0;0;0;0;-1.23969;2.55839;-8.62982;-4.87528;55.0722;17.027;
3.55001;1.46983;0.552665;-10.2889;0.00119186;0.000576054;0.00978625;-10.1199;-4.53671;25.2052;-0.111439;-0.258964;-0.021881;0;0;0;0;0;0;10.1199;4.53671;-25.2052;-13.035;164.387;24.2852;
3.55103;1.46564;0.553868;-10.295;0.00176996;0.000563607;0.00820738;0;0;0;0;0;0;0;0;0;0;0;0;0;-0;-0;0;0;0;
3.55204;1.46781;0.554394;-10.2993;0.00246128;0.00053606;0.00608692;-3.49719;-1.55937;6.07192;0.259389;-0.422318;0.04094;0;0;0;0;0;0;3.49719;1.55937;-6.07192;-3.47323;40.0672;8.28947;
3.55306;1.48053;0.556757;-10.2992;0.00317064;0.00054684;0.00359764;0;0;0;0;0;0;0;0;0;0;0;0;0;-0;-0;0;0;0;
3.55401;1.50411;0.560868;-10.2968;0.00367809;0.000366498;0.00123403;-0.563421;-0.991058;2.21798;0.0917472;-0.159355;-0.0478982;0;0;0;0;0;0;0.563421;0.991058;-2.21798;-1.30807;14.5693;6.17769;
3.555;1.53208;0.565114;-10.2936;0.00396855;1.14772e-05;-0.000766424;0.888103;8.69626;42.4243;-1.02941;0.584199;-0.1931;0;0;0;0;0;0;-0.888103;-8.69626;-42.4243;-19.4568;273.868;-55.6361;
3.55603;1.56188;0.564382;-10.2893;0.00399327;-0.000450122;-0.00175977;0;0;0;0;0;0;0;0;0;0;0;0;0;-0;-0;0;0;0;
3.55705;1.58762;0.558288;-10.2827;0.00385448;-0.000796539;-0.00152878;0;0;0;0;0;0;0;0;0;0;0;0;0;-0;-0;0;0;0;
3.55802;1.60453;0.547372;-10.2748;0.00355069;-0.000953835;-4.72883e-05;0;0;0;0;0;0;0;0;0;0;0;0;0;-0;-0;0;0;0;
3.55902;1.62549;0.534131;-10.2618;0.00324199;-0.000925652;0.00209258;0;0;0;0;0;0;0;0;0;0;0;0;0;-0;-0;0;0;0;
3.56002;1.64539;0.520232;-10.2452;0.00296114;-0.000641122;0.00482261;0;0;0;0;0;0;0;0;0;0;0;0;0;-0;-0;0;0;0;
3.56103;1.66366;0.510932;-10.2276;0.00264136;-0.000256999;0.007515;2.79406;-3.63409;15.0875;0.590379;0.680956;0.0693932;0;0;0;0;0;0;-2.79406;3.63409;-15.0875;-8.55197;96.6745;24.8548;
3.56202;1.68012;0.505441;-10.2133;0.00232104;2.90931e-05;0.00971826;-12.7158;4.57917;42.3326;-0.940052;-0.22098;-0.20807;0;0;0;0;0;0;12.7158;-4.57917;-42.3326;-19.9137;275.447;-35.8275;
3.56302;1.69419;0.504328;-10.2046;0.00189625;0.00015225;0.0109487;0.0853617;1.85668;4.69773;-0.23739;0.0974916;-0.034218;0;0;0;0;0;0;-0.0853617;-1.85668;-4.69773;-1.94128;30.2945;-11.938;
3.56402;1.7124;0.505917;-10.2007;0.0014707;0.000110864;0.0107327;0.473546;-0.394484;2.17176;0.0769091;0.1582;0.0119661;0;0;0;0;0;0;-0.473546;0.394484;-2.17176;-1.21001;13.8484;2.7793;
3.56502;1.73306;0.505371;-10.1989;0.00124435;4.83518e-05;0.0093641;0;0;0;0;0;0;0;0;0;0;0;0;0;-0;-0;0;0;0;
3.56603;1.75402;0.503113;-10.1993;0.00123786;-0.00011245;0.00708856;0;0;0;0;0;0;0;0;0;0;0;0;0;-0;-0;0;0;0;
3.56704;1.77327;0.496204;-10.2034;0.00145833;-0.000438891;0.00443735;0;0;0;0;0;0;0;0;0;0;0;0;0;-0;-0;0;0;0;
3.56806;1.78282;0.491504;-10.2118;0.00164574;-0.000905091;0.00172265;0.056114;1.29489;3.7263;-0.192379;0.0775972;-0.0240681;0;0;0;0;0;0;-0.056114;-1.29489;-3.7263;-1.55364;24.0309;-8.32737;
3.56902;1.78248;0.491658;-10.2212;0.00188445;-0.00121341;-0.00115395;0;0;0;0;0;0;0;0;0;0;0;0;0;-0;-0;0;0;0;
3.57004;1.77758;0.494583;-10.2296;0.00220246;-0.00129416;-0.00412789;0;0;0;0;0;0;0;0;0;0;0;0;0;-0;-0;0;0;0;
3.57105;1.77772;0.499567;-10.2327;0.00256555;-0.0011503;-0.00656939;0;0;0;0;0;0;0;0;0;0;0;0;0;-0;-0;0;0;0;
3.57206;1.78708;0.505901;-10.2298;0.00299414;-0.000880374;-0.00812309;0.463697;-5.90429;15.2053;0.546217;0.42427;0.151015;0;0;0;0;0;0;-0.463697;5.90429;-15.2053;-8.79528;97.9277;38.2911;
3.57301;1.80111;0.513071;-10.2241;0.00340211;-0.000566811;-0.00865183;0.376119;4.00451;10.3994;-0.527935;0.211524;-0.0623579;0;0;0;0;0;0;-0.376119;-4.00451;-10.3994;-4.30563;67.0486;-25.6628;
3.57402;1.81825;0.524742;-10.2177;0.00377428;-0.000312454;-0.0081014;0;0;0;0;0;0;0;0;0;0;0;0;0;-0;-0;0;0;0;
3.57503;1.81872;0.537412;-10.2226;0.00378093;-0.00057666;-0.00594769;0;0;0;0;0;0;0;0;0;0;0;0;0;-0;-0;0;0;0;
3.57603;1.79947;0.552828;-10.238;0.00352952;-0.00121007;-0.00286744;-1.24072;-1.49418;3.52095;-0.244103;0.10299;-0.0423119;0;0;0;0;0;0;1.24072;1.49418;-3.52095;-1.67882;22.8069;9.08694;
3.57704;1.77186;0.569825;-10.2597;0.00312661;-0.00217331;0.000386212;-0.921682;-2.95995;6.63929;0.327358;-0.103857;-0.000983595;0;0;0;0;0;0;0.921682;2.95995;-6.63929;-3.96764;43.1615;18.6917;
3.578;1.75019;0.588174;-10.2788;0.0028795;-0.00307359;0.00275189;0;0;0;0;0;0;0;0;0;0;0;0;0;-0;-0;0;0;0;
3.57901;1.73665;0.606542;-10.2945;0.00272999;-0.00392387;0.00442509;0.0581624;-4.40449;14.0875;0.0682871;0.885172;0.1025;0;0;0;0;0;0;-0.0581624;4.40449;-14.0875;-7.60383;90.2736;28.4297;
3.58003;1.72783;0.61521;-10.3051;0.00270977;-0.00454818;0.00561079;0;0;0;0;0;0;0;0;0;0;0;0;0;-0;-0;0;0;0;
3.58105;1.7265;0.616529;-10.3049;0.00306038;-0.00454201;0.00594511;0;0;0;0;0;0;0;0;0;0;0;0;0;-0;-0;0;0;0;
3.58201;1.7209;0.609415;-10.2996;0.00368604;-0.00405199;0.00598243;0.370547;5.29883;13.5792;-0.687757;0.278965;-0.0900892;0;0;0;0;0;0;-0.370547;-5.29883;-13.5792;-5.61676;87.5594;-34.0138;
3.58302;1.70959;0.595344;-10.2901;0.00451427;-0.00311104;0.00592132;0;0;0;0;0;0;0;0;0;0;0;0;0;-0;-0;0;0;0;
3.58403;1.68916;0.582393;-10.2823;0.00520883;-0.00209871;0.00581746;0;0;0;0;0;0;0;0;0;0;0;0;0;-0;-0;0;0;0;
3.58503;1.66283;0.572879;-10.2776;0.00561907;-0.0012518;0.00588436;-3.81192;2.80393;17.691;-0.441962;-0.0669223;-0.0900503;0;0;0;0;0;0;3.81192;-2.80393;-17.691;-8.18355;114.934;-19.9744;
3.58605;1.63651;0.564669;-10.2772;0.00570357;-0.00081698;0.00618577;0;0;0;0;0;0;0;0;0;0;0;0;0;-0;-0;0;0;0;
3.587;1.60977;0.558784;-10.2791;0.00548918;-0.000656406;0.00645912;-4.81052;-14.5878;32.648;1.49298;0.00897057;0.225962;0;0;0;0;0;0;4.81052;14.5878;-32.648;-19.397;211.751;91.7544;
3.58802;1.59018;0.550729;-10.28;0.00511917;-0.000672659;0.00675875;0;0;0;0;0;0;0;0;0;0;0;0;0;-0;-0;0;0;0;
3.58905;1.57801;0.542479;-10.2807;0.00460035;-0.000899326;0.00706019;0;0;0;0;0;0;0;0;0;0;0;0;0;-0;-0;0;0;0;
3.59001;1.5728;0.537053;-10.2805;0.00407851;-0.00120065;0.00700079;0;0;0;0;0;0;0;0;0;0;0;0;0;-0;-0;0;0;0;
3.59103;1.56904;0.531518;-10.282;0.00352549;-0.00162592;0.00676064;-6.97282;-4.57767;13.735;0.820474;-0.736507;0.171062;0;0;0;0;0;0;6.97282;4.57767;-13.735;-8.19598;90.3208;25.9418;
3.59205;1.57182;0.52779;-10.2837;0.00305927;-0.00210854;0.00612684;-15.4024;-12.9081;34.5013;1.79074;-1.69017;0.0905734;0;0;0;0;0;0;15.4024;12.9081;-34.5013;-20.4591;226.507;75.6872;
3.59301;1.57985;0.527271;-10.2858;0.00278516;-0.00257701;0.00500488;-0.201243;-5.81537;14.2235;0.51549;0.62213;0.256245;0;0;0;0;0;0;0.201243;5.81537;-14.2235;-8.26133;91.4428;37.2756;
3.59403;1.59656;0.52738;-10.2854;0.00278228;-0.00299516;0.00327291;-3.28944;-2.13574;6.44937;0.385395;-0.345682;0.0820927;0;0;0;0;0;0;3.28944;2.13574;-6.44937;-3.84724;42.4123;12.0828;
3.59504;1.62301;0.525794;-10.2801;0.00317805;-0.00325308;0.00119417;-1.8021;-9.99078;24.2739;0.853635;-0.0832506;0.0729238;0;0;0;0;0;0;1.8021;9.99078;-24.2739;-14.0794;157.349;63.6733;
3.596;1.65412;0.527058;-10.2706;0.00382236;-0.00330156;-0.00102783;0.264802;-1.07761;3.08933;-0.0649561;-0.0292423;-0.00743341;0;0;0;0;0;0;-0.264802;1.07761;-3.08933;-1.5988;19.9947;7.11434;
3.59703;1.68838;0.530804;-10.2581;0.00459379;-0.00319953;-0.00328766;0.290304;3.78704;9.7407;-0.493671;0.199538;-0.0628644;0;0;0;0;0;0;-0.290304;-3.78704;-9.7407;-4.03014;62.8066;-24.2982;
3.59805;1.71961;0.537417;-10.2473;0.00514668;-0.00307147;-0.00487257;-11.6168;2.53459;43.2789;-0.491545;-0.218657;0.00529782;0;0;0;0;0;0;11.6168;-2.53459;-43.2789;-21.0445;281.458;-22.2565;
3.599;1.74177;0.546734;-10.2427;0.00526559;-0.00306504;-0.00546165;0;0;0;0;0;0;0;0;0;0;0;0;0;-0;-0;0;0;0;
3.60003;1.75746;0.557236;-10.2444;0.00490121;-0.00317965;-0.00514836;-6.02534;-4.78463;13.0414;0.516547;-0.556459;0.0531478;0;0;0;0;0;0;6.02534;4.78463;-13.0414;-7.56363;85.5569;27.876;
3.60105;1.76709;0.564688;-10.2523;0.00405213;-0.00341776;-0.00378079;0;0;0;0;0;0;0;0;0;0;0;0;0;-0;-0;0;0;0;
3.60201;1.78054;0.569885;-10.2609;0.00304629;-0.00369674;-0.00222028;3.01097;-3.70265;15.8271;0.555762;0.792887;0.0839501;0;0;0;0;0;0;-3.01097;3.70265;-15.8271;-8.89671;101.327;25.3932;
3.60304;1.79745;0.576728;-10.2696;0.00192709;-0.00397789;-0.000907085;0;0;0;0;0;0;0;0;0;0;0;0;0;-0;-0;0;0;0;
3.60406;1.81569;0.586184;-10.2772;0.000978583;-0.00423537;-0.000428371;-0.00234999;-0.0110557;0.0252793;0.0014847;-0.00145671;-0.000499059;0;0;0;0;0;0;0.00234999;0.0110557;-0.0252793;-0.0153237;0.165283;0.0708606;
3.60501;1.82991;0.601668;-10.2814;0.000311644;-0.00435643;-0.000720272;-6.37736;-4.21231;12.5961;0.501456;-0.450843;0.0982332;0;0;0;0;0;0;6.37736;4.21231;-12.5961;-7.26686;82.6054;23.95;
3.60603;1.8455;0.62428;-10.2803;-0.000145638;-0.00431666;-0.00154739;0;0;0;0;0;0;0;0;0;0;0;0;0;-0;-0;0;0;0;
3.60706;1.85827;0.646614;-10.2741;-0.000384763;-0.00407955;-0.00235827;0;0;0;0;0;0;0;0;0;0;0;0;0;-0;-0;0;0;0;
3.60802;1.87316;0.665337;-10.2619;-0.000435684;-0.0036209;-0.002931;1.52039;-9.59436;29.4368;0.370053;0.666171;-0.106854;0;0;0;0;0;0;-1.52039;9.59436;-29.4368;-16.1555;189.676;62.9607;
3.60903;1.89467;0.67734;-10.2434;-0.000302508;-0.00290222;-0.00335132;0;0;0;0;0;0;0;0;0;0;0;0;0;-0;-0;0;0;0;
3.61004;1.91738;0.681476;-10.2217;4.6491e-06;-0.00197297;-0.00370221;-1.51824;9.61453;30.1037;-1.14402;0.269409;-0.218225;0;0;0;0;0;0;1.51824;-9.61453;-30.1037;-13.0469;194.694;-62.765;
3.61104;1.93298;0.679227;-10.2043;0.000350655;-0.00112938;-0.00396429;0;0;0;0;0;0;0;0;0;0;0;0;0;-0;-0;0;0;0;
3.61205;1.92789;0.671786;-10.1995;0.000540435;-0.000725015;-0.00400559;-1.48936;-1.57064;19.497;0.0810862;0.137446;0.0242638;0;0;0;0;0;0;1.48936;1.57064;-19.497;-10.0556;126.184;9.38999;
3.61305;1.90508;0.664294;-10.2086;0.000478547;-0.000917861;-0.00381576;0;0;0;0;0;0;0;0;0;0;0;0;0;-0;-0;0;0;0;
3.614;1.86892;0.65577;-10.2258;0.000304801;-0.00136904;-0.00344401;-0.0483381;-0.0902515;0.201348;-0.0140695;0.00537077;-0.000970327;0;0;0;0;0;0;0.0483381;0.0902515;-0.201348;-0.0963784;1.30248;0.560679;
3.61502;1.83149;0.645611;-10.2455;0.000107659;-0.00193066;-0.0029791;0;0;0;0;0;0;0;0;0;0;0;0;0;-0;-0;0;0;0;
3.61601;1.79812;0.63294;-10.2624;-5.4537e-05;-0.00236619;-0.00242775;0.378419;4.37939;11.9411;-0.611226;0.244097;-0.0701525;0;0;0;0;0;0;-0.378419;-4.37939;-11.9411;-4.96098;76.9927;-28.0798;
3.61701;1.77003;0.619975;-10.2745;-0.000155257;-0.00258393;-0.00180724;0;0;0;0;0;0;0;0;0;0;0;0;0;-0;-0;0;0;0;
3.61801;1.7441;0.604098;-10.283;-0.000247684;-0.00262427;-0.000902367;-11.3454;9.93062;64.6693;-1.19548;-0.0247845;-0.211366;0;0;0;0;0;0;11.3454;-9.93062;-64.6693;-30.3674;419.662;-69.7653;
3.61902;1.7241;0.590943;-10.2875;-0.000261192;-0.00250643;-0.000165907;0;0;0;0;0;0;0;0;0;0;0;0;0;-0;-0;0;0;0;
3.62004;1.71126;0.580445;-10.2877;-0.000196274;-0.00225736;0.000321884;0;0;0;0;0;0;0;0;0;0;0;0;0;-0;-0;0;0;0;
3.621;1.7046;0.571479;-10.2854;1.17943e-05;-0.00190688;0.000476889;-11.6433;-2.29916;73.472;-0.250779;0.115345;-0.14601;0;0;0;0;0;0;11.6433;2.29916;-73.472;-36.9733;476.516;9.16225;
3.62202;1.70731;0.565646;-10.2794;0.000379807;-0.00146176;0.000288958;-0.252126;-0.710127;1.58478;-0.110734;0.0393269;5.22657e-06;0;0;0;0;0;0;0.252126;0.710127;-1.58478;-0.758563;10.2416;4.46851;
3.62304;1.7122;0.561517;-10.2733;0.000810498;-0.00110639;-7.38911e-05;0.873787;-10.7911;27.8264;1.08084;0.644299;0.218359;0;0;0;0;0;0;-0.873787;10.7911;-27.8264;-16.1758;179.341;70.0543;
3.62406;1.71398;0.563466;-10.27;0.00114604;-0.00100159;-0.000421482;0;0;0;0;0;0;0;0;0;0;0;0;0;-0;-0;0;0;0;
3.62502;1.71107;0.569376;-10.2692;0.00135611;-0.00110829;-0.000743243;-1.07724;-0.751759;2.17989;0.129977;-0.117171;0.0238233;0;0;0;0;0;0;1.07724;0.751759;-2.17989;-1.3031;14.3322;4.29867;
3.62604;1.70732;0.578137;-10.2696;0.00157408;-0.00136738;-0.00127253;0;0;0;0;0;0;0;0;0;0;0;0;0;-0;-0;0;0;0;
3.62705;1.70808;0.585376;-10.267;0.0019756;-0.0014716;-0.00216696;-6.32296;4.66215;22.9597;-0.759177;0.123449;-0.144217;0;0;0;0;0;0;6.32296;-4.66215;-22.9597;-10.3325;149.092;-33.2097;
3.628;1.70978;0.587117;-10.2621;0.00250804;-0.00138842;-0.00295802;-1.4347;-0.963996;2.85442;0.170392;-0.153196;0.0339058;0;0;0;0;0;0;1.4347;0.963996;-2.85442;-1.70447;18.7693;5.48206;
3.62901;1.70673;0.58412;-10.2586;0.00308059;-0.00126991;-0.00367365;0;0;0;0;0;0;0;0;0;0;0;0;0;-0;-0;0;0;0;
3.63003;1.69502;0.572537;-10.2573;0.00366354;-0.00103753;-0.00372966;0;0;0;0;0;0;0;0;0;0;0;0;0;-0;-0;0;0;0;
3.63105;1.67392;0.557648;-10.2602;0.00405564;-0.000911588;-0.00322298;0;0;0;0;0;0;0;0;0;0;0;0;0;-0;-0;0;0;0;
3.63206;1.64335;0.542722;-10.2673;0.00416985;-0.000909017;-0.00224914;1.83615;-1.57817;8.49435;0.29964;0.619302;0.0502898;0;0;0;0;0;0;-1.83615;1.57817;-8.49435;-4.73513;54.1659;11.0871;
3.63306;1.60599;0.527546;-10.2774;0.00402313;-0.000999678;-0.000932737;-11.621;3.91893;32.9396;-0.646723;-0.252575;-0.118975;0;0;0;0;0;0;11.621;-3.91893;-32.9396;-15.5445;214.584;-31.0928;
3.63401;1.57407;0.515745;-10.2862;0.00372342;-0.00112856;0.000208082;0;0;0;0;0;0;0;0;0;0;0;0;0;-0;-0;0;0;0;
3.63501;1.54889;0.506528;-10.2919;0.00333739;-0.00120069;0.00111117;-0.140582;-0.412252;0.921305;0.0246073;0.0782917;0.0387877;0;0;0;0;0;0;0.140582;0.412252;-0.921305;-0.529912;5.8979;2.55825;
3.63603;1.53899;0.49711;-10.292;0.00299609;-0.00116108;0.00183113;-2.29621;-1.22426;4.18895;0.177902;-0.292173;0.0121282;0;0;0;0;0;0;2.29621;1.22426;-4.18895;-2.41007;27.631;6.7543;
3.63702;1.54234;0.491256;-10.2869;0.00275198;-0.000993498;0.0021128;-2.88422;-2.20895;6.10607;0.363081;-0.329494;0.0523033;0;0;0;0;0;0;2.88422;2.20895;-6.10607;-3.65947;40.1337;12.7904;
3.63801;1.55445;0.489039;-10.2789;0.00260987;-0.00075975;0.00208173;0;0;0;0;0;0;0;0;0;0;0;0;0;-0;-0;0;0;0;
3.63906;1.56794;0.494545;-10.2721;0.00242262;-0.000677467;0.00166822;0;0;0;0;0;0;0;0;0;0;0;0;0;-0;-0;0;0;0;
3.64006;1.57724;0.503702;-10.269;0.00221874;-0.000784307;0.000941248;0;0;0;0;0;0;0;0;0;0;0;0;0;-0;-0;0;0;0;
3.64101;1.57928;0.515271;-10.2712;0.00190864;-0.00112023;0.000262953;0;0;0;0;0;0;0;0;0;0;0;0;0;-0;-0;0;0;0;
3.64203;1.57532;0.529214;-10.2777;0.00158487;-0.00162751;-0.000677466;2.07843;-1.72594;9.52381;0.337374;0.693706;0.0520892;0;0;0;0;0;0;-2.07843;1.72594;-9.52381;-5.30606;60.7291;12.1635;
3.64304;1.56777;0.54174;-10.2851;0.0013878;-0.00206749;-0.00173302;-4.54825;-3.89834;10.2473;0.392357;-0.240361;0.0737386;0;0;0;0;0;0;4.54825;3.89834;-10.2473;-5.94363;67.011;22.8637;
3.64406;1.55409;0.551839;-10.294;0.00128188;-0.00243407;-0.00285995;0;0;0;0;0;0;0;0;0;0;0;0;0;-0;-0;0;0;0;
3.64502;1.54097;0.556664;-10.3018;0.00133288;-0.00268378;-0.00399006;-8.0229;-13.871;31.1143;1.5587;-0.547948;0.171993;0;0;0;0;0;0;8.0229;13.871;-31.1143;-18.6187;202.705;85.5526;
3.64604;1.52758;0.555915;-10.31;0.00144943;-0.00294173;-0.00516711;-1.66446;-1.20263;3.42347;0.203914;-0.184278;0.0344066;0;0;0;0;0;0;1.66446;1.20263;-3.42347;-2.04849;22.5059;6.91013;
3.647;1.51955;0.550897;-10.3167;0.00159855;-0.00320684;-0.00625561;0.157773;0.372998;1.81455;-0.0995888;0.0347903;0.00150766;0;0;0;0;0;0;-0.157773;-0.372998;-1.81455;-0.776554;11.6919;-2.33586;
3.64802;1.51871;0.541415;-10.3214;0.0017438;-0.00349366;-0.00726597;-6.24999;-4.04905;12.2427;0.731647;-0.656125;0.15651;0;0;0;0;0;0;6.24999;4.04905;-12.2427;-7.30276;80.5108;22.8993;
3.64904;1.52205;0.529105;-10.3244;0.00186104;-0.00373506;-0.00798494;0;0;0;0;0;0;0;0;0;0;0;0;0;-0;-0;0;0;0;
3.65;1.52945;0.516689;-10.3255;0.00197994;-0.00390465;-0.00841949;0;0;0;0;0;0;0;0;0;0;0;0;0;-0;-0;0;0;0;
3.65102;1.53425;0.501157;-10.3267;0.00212404;-0.00393961;-0.00819705;-2.93732;-1.81302;5.64247;0.337716;-0.301847;0.0788176;0;0;0;0;0;0;2.93732;1.81302;-5.64247;-3.3609;37.1113;10.1749;
3.65205;1.54494;0.485661;-10.3251;0.00233497;-0.00385059;-0.00761203;1.22204;-1.36492;6.17355;0.210636;0.453775;0.0586309;0;0;0;0;0;0;-1.22204;1.36492;-6.17355;-3.45619;39.3745;9.38949;
3.653;1.55678;0.471592;-10.3215;0.00261517;-0.00361696;-0.00686818;1.38474;-3.23847;23.6674;-0.265123;0.967098;-0.0680129;0;0;0;0;0;0;-1.38474;3.23847;-23.6674;-11.9769;152.054;21.7225;
3.65401;1.57452;0.457604;-10.3148;0.00290019;-0.00330118;-0.00587851;0.324819;1.35265;3.84313;-0.198021;0.0739011;-0.00927394;0;0;0;0;0;0;-0.324819;-1.35265;-3.84313;-1.60107;24.7636;-8.5806;
3.65502;1.5941;0.445704;-10.3074;0.00310554;-0.00308497;-0.00477033;0.293623;-0.32183;1.47257;0.0503654;0.108171;0.0135981;0;0;0;0;0;0;-0.293623;0.32183;-1.47257;-0.824151;9.39184;2.21691;
3.65604;1.61271;0.436149;-10.3004;0.00321674;-0.00302392;-0.00360283;-17.0514;-7.11839;29.1771;0.310185;-0.526148;0.0225975;0;0;0;0;0;0;17.0514;7.11839;-29.1771;-15.7162;191.054;37.4574;
3.65705;1.62786;0.430706;-10.2934;0.0032915;-0.00302433;-0.00246806;0;0;0;0;0;0;0;0;0;0;0;0;0;-0;-0;0;0;0;
3.65806;1.63885;0.43138;-10.2886;0.00331312;-0.00319235;-0.00142557;0;0;0;0;0;0;0;0;0;0;0;0;0;-0;-0;0;0;0;
3.65901;1.64297;0.435525;-10.2852;0.00336562;-0.00332482;-0.000440471;-0.948204;-0.888761;2.25395;0.133317;-0.122751;0.00768218;0;0;0;0;0;0;0.948204;0.888761;-2.25395;-1.3575;14.8041;5.26636;
3.66002;1.6442;0.444868;-10.2834;0.00339518;-0.00348423;0.000536218;0.62575;8.85594;22.7039;-1.15001;0.466213;-0.150156;0;0;0;0;0;0;-0.62575;-8.85594;-22.7039;-9.3915;146.396;-56.8445;
3.66102;1.64331;0.454514;-10.2821;0.00350703;-0.00349745;0.0014586;0;0;0;0;0;0;0;0;0;0;0;0;0;-0;-0;0;0;0;
3.66203;1.64356;0.465229;-10.2799;0.00361483;-0.00336186;0.00253015;-6.97313;-4.42856;13.5506;0.806008;-0.701887;0.18345;0;0;0;0;0;0;6.97313;4.42856;-13.5506;-8.07379;89.0927;24.9642;
3.66305;1.64295;0.476692;-10.2775;0.00369817;-0.00310694;0.00356777;1.51078;-2.22192;8.68198;0.326431;0.457135;0.0503049;0;0;0;0;0;0;-1.51078;2.22192;-8.68198;-4.92112;55.575;15.0891;
3.664;1.64378;0.488443;-10.2729;0.00375218;-0.00271791;0.00445665;-7.60822;-6.60444;17.2566;1.02263;-0.936426;0.0924756;0;0;0;0;0;0;7.60822;6.60444;-17.2566;-10.3751;113.374;38.8163;
3.66502;1.64624;0.502804;-10.2655;0.00376887;-0.00219465;0.00502599;2.4211;-4.60261;16.0211;0.562615;0.516404;0.0493646;0;0;0;0;0;0;-2.4211;4.60261;-16.0211;-9.09184;102.918;30.9546;
3.66604;1.64595;0.518322;-10.2581;0.00367707;-0.00170374;0.00507967;-6.6453;5.70488;32.162;-0.996195;0.0631363;-0.180681;0;0;0;0;0;0;6.6453;-5.70488;-32.162;-14.6242;208.736;-40.0834;
3.66706;1.64299;0.533804;-10.2518;0.00349987;-0.00131016;0.00431686;-2.32321;0.125677;45.9884;-0.222126;0.190339;-0.201777;0;0;0;0;0;0;2.32321;-0.125677;-45.9884;-22.9206;297.649;-1.78126;
3.668;1.6357;0.545567;-10.2499;0.00319444;-0.00120582;0.00303378;-6.54391;-2.66142;11.1316;0.476976;-0.773264;0.0955219;0;0;0;0;0;0;6.54391;2.66142;-11.1316;-6.34921;73.4669;13.8325;
3.66901;1.6267;0.554023;-10.2503;0.00279001;-0.00125066;0.00124148;-32.0126;6.21409;104.063;-1.38331;-1.05607;-0.264034;0;0;0;0;0;0;32.0126;-6.21409;-104.063;-50.388;677.696;-56.0678;
3.67002;1.62122;0.557713;-10.2528;0.00232509;-0.00149736;-0.000819164;0.219241;1.7893;4.82772;-0.246688;0.09716;-0.0248077;0;0;0;0;0;0;-0.219241;-1.7893;-4.82772;-2.00427;31.1225;-11.444;
3.67104;1.62155;0.556778;-10.2577;0.00177164;-0.00200694;-0.0028885;0;0;0;0;0;0;0;0;0;0;0;0;0;-0;-0;0;0;0;
3.67205;1.62931;0.553694;-10.2617;0.00125847;-0.00254776;-0.0047999;0.0976234;-0.0375119;3.80539;-0.227652;0.0783094;0.00661213;0;0;0;0;0;0;-0.0976234;0.0375119;-3.80539;-1.69215;24.5378;0.285293;
3.67302;1.64174;0.548742;-10.2662;0.000830558;-0.00316084;-0.00629756;0;0;0;0;0;0;0;0;0;0;0;0;0;-0;-0;0;0;0;
3.67403;1.6585;0.548277;-10.2696;0.000557569;-0.00371963;-0.00797157;-5.18904;-1.73299;34.0114;-0.204331;0.278706;-0.0296087;0;0;0;0;0;0;5.18904;1.73299;-34.0114;-17.0947;220.342;8.63162;
3.67504;1.68002;0.551848;-10.2714;0.00042152;-0.00425892;-0.00955973;-28.0136;5.26195;68.2367;-0.707887;-1.11698;-0.096749;0;0;0;0;0;0;28.0136;-5.26195;-68.2367;-33.1208;445.514;-48.06;
3.67601;1.70523;0.56073;-10.2692;0.000467703;-0.00460848;-0.0111743;0;0;0;0;0;0;0;0;0;0;0;0;0;-0;-0;0;0;0;
3.677;1.73007;0.576482;-10.2654;0.000653592;-0.00488543;-0.01286;0;0;0;0;0;0;0;0;0;0;0;0;0;-0;-0;0;0;0;
3.67802;1.74929;0.594604;-10.2602;0.000881558;-0.00505373;-0.0142509;0.351242;-1.219;3.57674;0.213406;-0.212703;-0.0934486;0;0;0;0;0;0;-0.351242;1.219;-3.57674;-2.13681;23.3236;8.15883;
3.67903;1.7589;0.610152;-10.256;0.00110872;-0.00514487;-0.0149376;-5.2472;-3.39019;10.2668;0.613619;-0.55018;0.131936;0;0;0;0;0;0;5.2472;3.39019;-10.2668;-6.12371;67.5175;19.1651;
3.68004;1.7544;0.618385;-10.2546;0.00128569;-0.00514742;-0.0147861;0;0;0;0;0;0;0;0;0;0;0;0;0;-0;-0;0;0;0;
3.68106;1.73837;0.619665;-10.2575;0.00140041;-0.00511599;-0.014066;-5.92238;-3.31883;10.9824;0.410986;-0.415213;0.0971971;0;0;0;0;0;0;5.92238;3.31883;-10.9824;-6.27418;72.0808;18.3981;
3.68202;1.71627;0.61516;-10.2627;0.00152373;-0.00499835;-0.013296;-8.3197;2.0621;37.0309;-0.727199;-0.388403;-0.151761;0;0;0;0;0;0;8.3197;-2.0621;-37.0309;-17.7108;240.863;-17.3818;
3.68304;1.68565;0.603812;-10.2713;0.00163341;-0.0047819;-0.0123957;-0.588633;0.712053;6.5056;-0.371389;0.151198;-0.0501526;0;0;0;0;0;0;0.588633;-0.712053;-6.5056;-2.83266;42.0078;-4.85416;
3.68406;1.64921;0.587181;-10.2823;0.00176576;-0.00446102;-0.0114906;8.68925;2.08292;34.38;-0.291535;1.47751;-0.0101707;0;0;0;0;0;0;-8.68925;-2.08292;-34.38;-16.8097;220.134;-9.09401;
3.68501;1.60699;0.566424;-10.2944;0.00186712;-0.00408134;-0.0102285;0;0;0;0;0;0;0;0;0;0;0;0;0;-0;-0;0;0;0;
3.68601;1.56475;0.54544;-10.3074;0.00191773;-0.00376666;-0.00908892;2.02021;-2.29718;10.3117;0.30175;0.413617;0.0470777;0;0;0;0;0;0;-2.02021;2.29718;-10.3117;-5.72463;66.114;15.8359;
3.68701;1.5294;0.527143;-10.3183;0.00196683;-0.0035294;-0.00841443;-2.16754;-2.48535;5.92496;-0.410108;0.175121;-0.0765723;0;0;0;0;0;0;2.16754;2.48535;-5.92496;-2.82291;38.385;15.0687;
3.68804;1.49802;0.509006;-10.3279;0.00195648;-0.00340434;-0.00789951;0;0;0;0;0;0;0;0;0;0;0;0;0;-0;-0;0;0;0;
3.689;1.47912;0.494398;-10.3325;0.00200789;-0.00331126;-0.00773177;0;0;0;0;0;0;0;0;0;0;0;0;0;-0;-0;0;0;0;
3.69002;1.46557;0.479543;-10.3334;0.00210971;-0.00316774;-0.00753355;-8.57333;-3.21109;14.3546;0.616653;-0.99621;0.145448;0;0;0;0;0;0;8.57333;3.21109;-14.3546;-8.16698;94.751;16.3178;
3.69103;1.46129;0.466268;-10.3287;0.00229864;-0.00289583;-0.00736399;0;0;0;0;0;0;0;0;0;0;0;0;0;-0;-0;0;0;0;
3.69204;1.46196;0.453396;-10.3198;0.00258732;-0.00247408;-0.00703312;0;0;0;0;0;0;0;0;0;0;0;0;0;-0;-0;0;0;0;
3.69305;1.46684;0.443396;-10.3094;0.00293567;-0.00206263;-0.00682294;0;0;0;0;0;0;0;0;0;0;0;0;0;-0;-0;0;0;0;
3.69401;1.47398;0.436698;-10.2985;0.00321345;-0.00168588;-0.0065128;0;0;0;0;0;0;0;0;0;0;0;0;0;-0;-0;0;0;0;
3.69503;1.47943;0.432864;-10.2897;0.00344776;-0.00144563;-0.00624413;0;0;0;0;0;0;0;0;0;0;0;0;0;-0;-0;0;0;0;
3.69604;1.4818;0.434481;-10.2846;0.00359464;-0.00140723;-0.00635429;-0.0890619;-0.115881;0.268801;0.0158038;-0.0148707;-0.00117454;0;0;0;0;0;0;0.0890619;0.115881;-0.268801;-0.162793;1.76332;0.706238;
3.69704;1.47857;0.43733;-10.2847;0.0036297;-0.00158516;-0.00664532;0;0;0;0;0;0;0;0;0;0;0;0;0;-0;-0;0;0;0;
3.698;1.47419;0.440465;-10.2877;0.00356854;-0.00188563;-0.00704818;-0.834253;-0.352588;1.43076;0.0612313;-0.0994375;0.0111982;0;0;0;0;0;0;0.834253;0.352588;-1.43076;-0.817064;9.4422;1.85046;
3.69902;1.46553;0.440709;-10.2941;0.00345769;-0.00226716;-0.00764589;-1.29089;-0.707524;2.37606;0.100817;-0.165809;0.00539969;0;0;0;0;0;0;1.29089;0.707524;-2.37606;-1.36829;15.6718;3.92325;
3.70003;1.45882;0.439485;-10.3006;0.00329369;-0.00261248;-0.00829781;0;0;0;0;0;0;0;0;0;0;0;0;0;-0;-0;0;0;0;
3.70105;1.45199;0.436979;-10.3075;0.00312085;-0.00289989;-0.00890763;-11.7073;-2.66815;43.7669;0.239485;-0.755811;-0.0955105;0;0;0;0;0;0;11.7073;2.66815;-43.7669;-22.5446;285.162;11.4673;
3.70205;1.44755;0.433352;-10.313;0.00295096;-0.00306066;-0.00952023;0;0;0;0;0;0;0;0;0;0;0;0;0;-0;-0;0;0;0;
3.70306;1.44928;0.431497;-10.3149;0.00281387;-0.00304946;-0.010267;0;0;0;0;0;0;0;0;0;0;0;0;0;-0;-0;0;0;0;
3.704;1.45367;0.429841;-10.3138;0.00275778;-0.00291164;-0.0109284;0;0;0;0;0;0;0;0;0;0;0;0;0;-0;-0;0;0;0;
3.70501;1.46377;0.428642;-10.3086;0.00278704;-0.0026203;-0.0114042;-0.71496;-2.82428;7.03816;0.293439;-0.513311;-0.176173;0;0;0;0;0;0;0.71496;2.82428;-7.03816;-4.12103;46.1314;18.093;
3.70603;1.47504;0.427138;-10.3007;0.00289138;-0.00219143;-0.0116353;-9.17468;-15.5666;54.4811;1.62326;-0.0498136;0.31842;0;0;0;0;0;0;9.17468;15.5666;-54.4811;-30.6193;353.536;95.7986;
3.70704;1.4885;0.426396;-10.2911;0.0030152;-0.00174664;-0.0115335;0;0;0;0;0;0;0;0;0;0;0;0;0;-0;-0;0;0;0;
3.70806;1.50106;0.425781;-10.2816;0.00315264;-0.00131664;-0.0110933;0;0;0;0;0;0;0;0;0;0;0;0;0;-0;-0;0;0;0;
3.70902;1.50784;0.424727;-10.2751;0.00322983;-0.000994751;-0.0102883;0;0;0;0;0;0;0;0;0;0;0;0;0;-0;-0;0;0;0;
3.71003;1.50598;0.422891;-10.2742;0.00320653;-0.00089319;-0.00893889;0;0;0;0;0;0;0;0;0;0;0;0;0;-0;-0;0;0;0;
3.71103;1.49771;0.420695;-10.2786;0.00314106;-0.00102566;-0.00746483;0;0;0;0;0;0;0;0;0;0;0;0;0;-0;-0;0;0;0;
3.71205;1.48535;0.418795;-10.2876;0.0030339;-0.00141905;-0.00599577;0;0;0;0;0;0;0;0;0;0;0;0;0;-0;-0;0;0;0;
3.71301;1.47608;0.419753;-10.297;0.00295145;-0.0019436;-0.00488696;-0.243135;-0.225737;0.574491;0.0339878;-0.0312731;0.00209597;0;0;0;0;0;0;0.243135;0.225737;-0.574491;-0.345934;3.77343;1.3363;
3.71403;1.47134;0.421678;-10.3052;0.00292467;-0.00252955;-0.00400801;0.0509153;-0.0860329;0.723905;-0.0451159;0.0141551;0.00485547;0;0;0;0;0;0;-0.0509153;0.0860329;-0.723905;-0.328023;4.66536;0.577527;
3.71505;1.47253;0.423463;-10.3095;0.00295353;-0.00301169;-0.00344066;0;0;0;0;0;0;0;0;0;0;0;0;0;-0;-0;0;0;0;
3.716;1.48196;0.425067;-10.308;0.00303691;-0.00329679;-0.00327747;0;0;0;0;0;0;0;0;0;0;0;0;0;-0;-0;0;0;0;
3.71702;1.49765;0.424954;-10.3011;0.00312133;-0.00340173;-0.00319999;0;0;0;0;0;0;0;0;0;0;0;0;0;-0;-0;0;0;0;
3.71802;1.5169;0.424004;-10.2898;0.00319467;-0.00331901;-0.00327619;0;0;0;0;0;0;0;0;0;0;0;0;0;-0;-0;0;0;0;
3.71902;1.53791;0.424261;-10.2763;0.00319113;-0.00308976;-0.00328232;0;0;0;0;0;0;0;0;0;0;0;0;0;-0;-0;0;0;0;
3.72003;1.55397;0.425408;-10.2637;0.00311456;-0.00275855;-0.00308298;0;0;0;0;0;0;0;0;0;0;0;0;0;-0;-0;0;0;0;
3.72105;1.56391;0.42788;-10.2537;0.00298938;-0.00240304;-0.00284704;3.21969;6.66581;22.4595;-1.18567;0.401567;0.0507897;0;0;0;0;0;0;-3.21969;-6.66581;-22.4595;-9.45307;144.618;-41.5663;
3.722;1.56651;0.432201;-10.2493;0.00283549;-0.00218065;-0.00270145;0;0;0;0;0;0;0;0;0;0;0;0;0;-0;-0;0;0;0;
3.72301;1.56093;0.437691;-10.2508;0.00264818;-0.00211074;-0.00270416;-0.24471;-0.47413;1.05626;0.0619197;-0.0594509;-0.0123408;0;0;0;0;0;0;0.24471;0.47413;-1.05626;-0.641402;6.91941;2.95737;
3.72401;1.55287;0.445697;-10.2566;0.00247842;-0.00225891;-0.00321637;0;0;0;0;0;0;0;0;0;0;0;0;0;-0;-0;0;0;0;
3.72502;1.54512;0.452812;-10.2644;0.00243541;-0.00255385;-0.00417193;0;0;0;0;0;0;0;0;0;0;0;0;0;-0;-0;0;0;0;
3.72604;1.54203;0.458753;-10.2721;0.00249714;-0.00293713;-0.00543508;0;0;0;0;0;0;0;0;0;0;0;0;0;-0;-0;0;0;0;
3.72705;1.54642;0.460053;-10.2745;0.00277893;-0.00318831;-0.00666107;-4.82021;-1.74912;8.02632;0.329063;-0.54118;0.079251;0;0;0;0;0;0;4.82021;1.74912;-8.02632;-4.54618;52.9665;8.81286;
3.728;1.55619;0.459543;-10.2721;0.00317097;-0.00329692;-0.00768964;0;0;0;0;0;0;0;0;0;0;0;0;0;-0;-0;0;0;0;
3.729;1.56909;0.45726;-10.2645;0.00366903;-0.00317689;-0.00834102;2.71574;-2.37635;12.6283;0.444467;0.921167;0.0777587;0;0;0;0;0;0;-2.71574;2.37635;-12.6283;-7.04175;80.5276;16.6678;
3.73002;1.58433;0.453557;-10.2508;0.0043159;-0.00273017;-0.00876305;1.95524;2.90773;17.6858;-0.69336;0.49166;-0.0390809;0;0;0;0;0;0;-1.95524;-2.90773;-17.6858;-7.91942;113.762;-17.7933;
3.73102;1.6037;0.451228;-10.2332;0.00499273;-0.00201111;-0.00921265;0;0;0;0;0;0;0;0;0;0;0;0;0;-0;-0;0;0;0;
3.73203;1.62782;0.4486;-10.213;0.00563666;-0.00102947;-0.00969437;0;0;0;0;0;0;0;0;0;0;0;0;0;-0;-0;0;0;0;
3.73305;1.6517;0.450705;-10.1974;0.00598009;-0.000183199;-0.0104644;-7.6153;7.40444;51.8927;-0.987824;-0.0334597;-0.165356;0;0;0;0;0;0;7.6153;-7.40444;-51.8927;-24.3966;336.613;-51.5856;
3.73401;1.66951;0.461704;-10.1922;0.00583854;0.000123138;-0.0115167;0;0;0;0;0;0;0;0;0;0;0;0;0;-0;-0;0;0;0;
3.73503;1.67795;0.476742;-10.1973;0.00526902;-8.62527e-05;-0.0127973;0;0;0;0;0;0;0;0;0;0;0;0;0;-0;-0;0;0;0;
3.73605;1.67655;0.494741;-10.2114;0.00439639;-0.000764313;-0.0141137;0;0;0;0;0;0;0;0;0;0;0;0;0;-0;-0;0;0;0;
3.73701;1.66327;0.508072;-10.2305;0.00350631;-0.00157979;-0.0150516;-8.47125;-5.15577;16.1847;0.969138;-0.86538;0.231583;0;0;0;0;0;0;8.47125;5.15577;-16.1847;-9.63647;106.453;28.8677;
3.73804;1.63888;0.513528;-10.2531;0.00269954;-0.0023485;-0.0154538;0;0;0;0;0;0;0;0;0;0;0;0;0;-0;-0;0;0;0;
3.739;1.60447;0.508285;-10.2747;0.00211341;-0.00283735;-0.0150056;0;0;0;0;0;0;0;0;0;0;0;0;0;-0;-0;0;0;0;
3.74001;1.56718;0.494714;-10.2935;0.00176097;-0.00302216;-0.0142054;-6.41133;-4.02558;12.3999;0.741427;-0.661751;0.168248;0;0;0;0;0;0;6.41133;4.02558;-12.3999;-7.38949;81.55;22.6544;
3.74103;1.52842;0.477291;-10.3097;0.00150675;-0.00306079;-0.013069;1.72026;-2.55038;9.8773;0.325;0.733715;0.132846;0;0;0;0;0;0;-1.72026;2.55038;-9.8773;-5.55464;63.0126;17.2376;
3.74204;1.493;0.458589;-10.3234;0.00128959;-0.00308068;-0.0119227;0;0;0;0;0;0;0;0;0;0;0;0;0;-0;-0;0;0;0;
3.74305;1.46285;0.440794;-10.3336;0.00106841;-0.0030962;-0.0108067;0.800995;-0.630761;3.61979;-0.230196;0.0582523;0.0610888;0;0;0;0;0;0;-0.800995;0.630761;-3.61979;-1.6558;23.2861;4.42408;
3.744;1.43741;0.425754;-10.3408;0.000851259;-0.00312285;-0.0098567;0;0;0;0;0;0;0;0;0;0;0;0;0;-0;-0;0;0;0;
3.74505;1.41805;0.411578;-10.3441;0.000607223;-0.00311424;-0.00897588;0.1223;-0.257027;0.861505;0.0272149;0.0649029;0.0155001;0;0;0;0;0;0;-0.1223;0.257027;-0.861505;-0.486823;5.49788;1.70939;
3.74605;1.40754;0.400677;-10.3424;0.000455378;-0.00301962;-0.00836025;0;0;0;0;0;0;0;0;0;0;0;0;0;-0;-0;0;0;0;
3.74705;1.40361;0.392269;-10.3366;0.000378525;-0.00281663;-0.0078944;0.0396163;-0.0515003;0.213417;-0.0139002;0.00360917;0.0034512;0;0;0;0;0;0;-0.0396163;0.0515003;-0.213417;-0.0987337;1.3735;0.349772;
3.748;1.4023;0.384973;-10.3289;0.000402687;-0.00252014;-0.00752708;1.27468;-0.762147;5.44171;0.124059;0.350409;0.0204862;0;0;0;0;0;0;-1.27468;0.762147;-5.44171;-2.94062;34.7365;5.55343;
3.74903;1.40492;0.380267;-10.3194;0.000471461;-0.00218604;-0.00727735;-3.59294;-16.8319;45.5662;1.38478;0.177182;0.392851;0;0;0;0;0;0;3.59294;16.8319;-45.5662;-26.0194;295.057;106.723;
3.75002;1.40727;0.377245;-10.3116;0.000534908;-0.00191461;-0.00714028;0;0;0;0;0;0;0;0;0;0;0;0;0;-0;-0;0;0;0;
3.75101;1.40818;0.374797;-10.3061;0.000561644;-0.00174653;-0.0070402;0;0;0;0;0;0;0;0;0;0;0;0;0;-0;-0;0;0;0;
3.75201;1.40545;0.374464;-10.3046;0.000477407;-0.00174776;-0.00708546;0.541067;4.15323;11.0144;-0.561184;0.220734;-0.0556658;0;0;0;0;0;0;-0.541067;-4.15323;-11.0144;-4.56732;71.0023;-26.5488;
3.75302;1.40065;0.376795;-10.3069;0.000352238;-0.00188927;-0.00734067;0;0;0;0;0;0;0;0;0;0;0;0;0;-0;-0;0;0;0;
3.75404;1.39416;0.378196;-10.3115;0.000320061;-0.00204133;-0.0078604;0;0;0;0;0;0;0;0;0;0;0;0;0;-0;-0;0;0;0;
3.75501;1.3866;0.379402;-10.3166;0.0003949;-0.00212936;-0.00859861;-0.882191;1.03065;41.5115;-0.110723;0.412182;-0.00265716;0;0;0;0;0;0;0.882191;-1.03065;-41.5115;-20.6873;268.311;-7.1112;
3.75603;1.37872;0.381573;-10.3228;0.000572709;-0.00221074;-0.00969238;0.268113;0.104727;1.08816;0.048431;0.0782581;-0.0194647;0;0;0;0;0;0;-0.268113;-0.104727;-1.08816;-0.585811;6.93664;-0.523261;
3.75705;1.37296;0.383264;-10.3272;0.000916151;-0.00219002;-0.0107573;0;0;0;0;0;0;0;0;0;0;0;0;0;-0;-0;0;0;0;
3.758;1.36685;0.384197;-10.3303;0.00129067;-0.00214909;-0.0115013;0;0;0;0;0;0;0;0;0;0;0;0;0;-0;-0;0;0;0;
3.75901;1.36111;0.385662;-10.3328;0.00168259;-0.00216515;-0.0120836;-7.53795;2.16696;46.1705;-0.458839;-0.357077;-0.0459091;0;0;0;0;0;0;7.53795;-2.16696;-46.1705;-22.5709;299.899;-17.7726;
3.76003;1.35029;0.385896;-10.3362;0.00204201;-0.00223973;-0.0120708;-0.463496;-0.212605;0.810341;0.0345874;-0.056383;0.00499027;0;0;0;0;0;0;0.463496;0.212605;-0.810341;-0.463971;5.34694;1.13747;
3.76105;1.33676;0.385015;-10.3401;0.0023205;-0.00240452;-0.0115383;0;0;0;0;0;0;0;0;0;0;0;0;0;-0;-0;0;0;0;
3.76201;1.32291;0.382691;-10.3436;0.00250869;-0.00259475;-0.0107852;-14.9666;-10.4606;30.3228;1.74948;-1.32145;0.392316;0;0;0;0;0;0;14.9666;10.4606;-30.3228;-18.0687;199.054;59.7656;
3.76302;1.30719;0.378545;-10.3475;0.0026032;-0.00279541;-0.00974638;0;0;0;0;0;0;0;0;0;0;0;0;0;-0;-0;0;0;0;
3.76403;1.29456;0.374544;-10.3484;0.00262421;-0.00285515;-0.00873748;-8.00986;-4.33076;14.6779;0.623065;-1.02403;0.0378689;0;0;0;0;0;0;8.00986;4.33076;-14.6779;-8.4488;96.8141;23.9548;
3.76505;1.28421;0.369019;-10.3471;0.00260509;-0.00273796;-0.00782136;0;0;0;0;0;0;0;0;0;0;0;0;0;-0;-0;0;0;0;
3.76601;1.27981;0.364221;-10.3424;0.00258828;-0.00242405;-0.00712351;0;0;0;0;0;0;0;0;0;0;0;0;0;-0;-0;0;0;0;
3.76703;1.27886;0.358864;-10.3353;0.00257682;-0.00194729;-0.00656208;0;0;0;0;0;0;0;0;0;0;0;0;0;-0;-0;0;0;0;
3.76805;1.28526;0.35423;-10.3259;0.00258195;-0.00139988;-0.00633568;-4.23524;1.82173;30.1678;-0.245277;0.0285323;-0.0378149;0;0;0;0;0;0;4.23524;-1.82173;-30.1678;-14.7616;195.623;-13.8837;
3.76906;1.29643;0.35108;-10.3172;0.00251575;-0.000984928;-0.00623142;-3.63839;-2.21343;6.95016;0.416175;-0.371619;0.0995161;0;0;0;0;0;0;3.63839;2.21343;-6.95016;-4.13812;45.714;12.3923;
3.77002;1.30693;0.350955;-10.312;0.00230531;-0.000821617;-0.00623715;0;0;0;0;0;0;0;0;0;0;0;0;0;-0;-0;0;0;0;
3.77103;1.32158;0.356275;-10.3083;0.00195292;-0.000918489;-0.00647217;0;0;0;0;0;0;0;0;0;0;0;0;0;-0;-0;0;0;0;
3.77204;1.3397;0.365487;-10.3053;0.00149344;-0.00118771;-0.00679853;0;0;0;0;0;0;0;0;0;0;0;0;0;-0;-0;0;0;0;
3.77305;1.36043;0.376638;-10.3018;0.00102355;-0.00150305;-0.00713908;-8.24702;-8.81701;41.4491;0.415439;-0.0557357;0.123515;0;0;0;0;0;0;8.24702;8.81701;-41.4491;-22.1718;269.115;52.7817;
3.77402;1.38433;0.387127;-10.2964;0.000675567;-0.00174399;-0.00749131;0;0;0;0;0;0;0;0;0;0;0;0;0;-0;-0;0;0;0;
3.77503;1.41013;0.395751;-10.289;0.000414298;-0.00187914;-0.00779149;-2.60474;-11.572;29.5205;1.02463;0.0974321;0.23109;0;0;0;0;0;0;2.60474;11.572;-29.5205;-17.0516;191.201;73.3433;
3.77605;1.43802;0.403759;-10.28;0.00028161;-0.00193332;-0.00821676;-10.5855;-3.80569;17.5986;0.756939;-1.2208;0.191299;0;0;0;0;0;0;10.5855;3.80569;-17.5986;-10.0006;116.171;19.1066;
3.77701;1.46189;0.407522;-10.2705;0.000306136;-0.00184914;-0.00851539;-1.6516;-1.87786;4.48626;0.264302;-0.246597;-0.00591884;0;0;0;0;0;0;1.6516;1.87786;-4.48626;-2.71192;29.4446;11.3266;
3.77802;1.4847;0.407957;-10.2604;0.000479582;-0.0016686;-0.00887748;0;0;0;0;0;0;0;0;0;0;0;0;0;-0;-0;0;0;0;
3.77903;1.50327;0.406245;-10.2512;0.000734083;-0.00148498;-0.00919473;0;0;0;0;0;0;0;0;0;0;0;0;0;-0;-0;0;0;0;
3.78005;1.51347;0.40245;-10.2459;0.00104349;-0.00140095;-0.00948014;0;0;0;0;0;0;0;0;0;0;0;0;0;-0;-0;0;0;0;
3.78101;1.51939;0.399424;-10.243;0.00132373;-0.00142681;-0.00985261;-1.34568;-1.39033;3.66011;0.153157;-0.260001;-0.0424542;0;0;0;0;0;0;1.34568;1.39033;-3.66011;-2.1358;24.081;8.36213;
3.78203;1.51974;0.395262;-10.242;0.0016715;-0.00146311;-0.0101322;0;0;0;0;0;0;0;0;0;0;0;0;0;-0;-0;0;0;0;
3.78306;1.51864;0.392276;-10.241;0.00204231;-0.00149161;-0.010195;0;0;0;0;0;0;0;0;0;0;0;0;0;-0;-0;0;0;0;
3.784;1.5165;0.39074;-10.2401;0.00239458;-0.00148197;-0.0100655;-2.5532;-4.65313;10.4576;0.456994;0.129319;0.156587;0;0;0;0;0;0;2.5532;4.65313;-10.4576;-6.19017;67.8015;28.6697;
3.78501;1.51256;0.391413;-10.2404;0.00272696;-0.00148818;-0.00964186;0;0;0;0;0;0;0;0;0;0;0;0;0;-0;-0;0;0;0;
3.78602;1.50893;0.395463;-10.2417;0.00301813;-0.00149839;-0.00923042;0;0;0;0;0;0;0;0;0;0;0;0;0;-0;-0;0;0;0;
3.78703;1.50573;0.403206;-10.2442;0.00322684;-0.00154245;-0.00879776;0;0;0;0;0;0;0;0;0;0;0;0;0;-0;-0;0;0;0;
3.78805;1.50132;0.413771;-10.2486;0.00332313;-0.00164165;-0.00840577;-3.45321;-2.23621;21.7714;0.196433;-0.00093618;0.043712;0;0;0;0;0;0;3.45321;2.23621;-21.7714;-11.3834;141.238;12.6888;
3.78901;1.49618;0.424815;-10.2543;0.00331051;-0.00179317;-0.00820961;0.389192;3.33591;8.77655;-0.446557;0.176855;-0.0474189;0;0;0;0;0;0;-0.389192;-3.33591;-8.77655;-3.63736;56.5799;-21.3443;
3.79003;1.4892;0.434431;-10.2602;0.0032581;-0.00190102;-0.0080851;-0.437015;-0.312029;0.893794;-0.0604234;0.0289418;-0.0194399;0;0;0;0;0;0;0.437015;0.312029;-0.893794;-0.420975;5.799;1.81863;
3.79106;1.47697;0.441298;-10.2677;0.00314045;-0.00202999;-0.00804382;-1.0681;-1.01443;2.5604;-0.175857;0.078692;-0.042183;0;0;0;0;0;0;1.0681;1.01443;-2.5604;-1.2153;16.5978;6.06907;
3.79201;1.46133;0.443071;-10.2752;0.0030229;-0.00211025;-0.00800332;0;0;0;0;0;0;0;0;0;0;0;0;0;-0;-0;0;0;0;
3.79303;1.4414;0.438901;-10.2828;0.00293974;-0.00211436;-0.00793883;0;0;0;0;0;0;0;0;0;0;0;0;0;-0;-0;0;0;0;
3.79404;1.41929;0.429805;-10.2896;0.00290669;-0.00203457;-0.00780588;1.99682;-2.18229;10.0033;0.34227;0.734728;0.0919631;0;0;0;0;0;0;-1.99682;2.18229;-10.0033;-5.59843;63.7992;15.0358;
3.79505;1.39793;0.416946;-10.2952;0.00293746;-0.001905;-0.00774061;0;0;0;0;0;0;0;0;0;0;0;0;0;-0;-0;0;0;0;
3.79606;1.38061;0.400115;-10.2973;0.00312824;-0.00160448;-0.00783911;0;0;0;0;0;0;0;0;0;0;0;0;0;-0;-0;0;0;0;
3.797;1.36941;0.382636;-10.296;0.00341893;-0.00119225;-0.00812211;-8.9449;-3.243;14.8921;0.640366;-1.03314;0.159651;0;0;0;0;0;0;8.9449;3.243;-14.8921;-8.46471;98.3034;16.3229;
3.79801;1.36501;0.363732;-10.2911;0.00387919;-0.000629447;-0.00869329;0.410582;-1.75816;4.97361;0.296139;-0.295021;-0.128736;0;0;0;0;0;0;-0.410582;1.75816;-4.97361;-2.97713;32.4396;11.7131;
3.79902;1.36815;0.344851;-10.2826;0.00444804;3.48825e-05;-0.0093712;0;0;0;0;0;0;0;0;0;0;0;0;0;-0;-0;0;0;0;
3.80002;1.36943;0.328243;-10.2764;0.00492382;0.000545783;-0.00988939;-1.62524;-1.36073;3.61017;0.214141;-0.195581;0.0226855;0;0;0;0;0;0;1.62524;1.36073;-3.61017;-2.16868;23.7215;7.96469;
3.80103;1.36741;0.316217;-10.2748;0.00520678;0.00075747;-0.0101822;0;0;0;0;0;0;0;0;0;0;0;0;0;-0;-0;0;0;0;
3.80205;1.36051;0.307909;-10.2785;0.00522007;0.000651702;-0.0101174;0.939494;0.189475;3.69875;-0.216091;0.0567488;0.0519807;0;0;0;0;0;0;-0.939494;-0.189475;-3.69875;-1.62726;23.7847;-0.805081;
3.80301;1.35362;0.304432;-10.2849;0.00502742;0.000335169;-0.0100283;0.00347394;-0.274181;0.682107;0.0192345;0.0544442;0.0217865;0;0;0;0;0;0;-0.00347394;0.274181;-0.682107;-0.390242;4.35934;1.75427;
3.80402;1.35003;0.303384;-10.2916;0.00471335;-6.93292e-05;-0.00993843;0;0;0;0;0;0;0;0;0;0;0;0;0;-0;-0;0;0;0;
3.80504;1.34896;0.303321;-10.2975;0.00432855;-0.000453731;-0.00975137;1.4824;-3.61195;11.6216;0.396447;0.466412;0.0750235;0;0;0;0;0;0;-1.4824;3.61195;-11.6216;-6.61112;74.5916;24.0455;
3.80606;1.34681;0.304857;-10.3034;0.00389416;-0.000829123;-0.00948609;0;0;0;0;0;0;0;0;0;0;0;0;0;-0;-0;0;0;0;
3.80702;1.33998;0.308487;-10.3094;0.00351573;-0.00110425;-0.00912517;-6.55674;-4.67423;13.4002;0.798475;-0.720902;0.139232;0;0;0;0;0;0;6.55674;4.67423;-13.4002;-8.01547;88.0967;26.8078;
3.80804;1.32637;0.315182;-10.3163;0.0031467;-0.00130384;-0.00882529;3.30217;0.704159;13.1238;-0.0671257;0.588938;-0.0270922;0;0;0;0;0;0;-3.30217;-0.704159;-13.1238;-6.47021;84.0074;-2.86704;
3.80906;1.3135;0.322702;-10.3225;0.00290941;-0.00144127;-0.00886697;0;0;0;0;0;0;0;0;0;0;0;0;0;-0;-0;0;0;0;
3.81001;1.30654;0.329486;-10.3266;0.00277292;-0.00153459;-0.00939049;0.483583;-0.296456;2.07314;-0.130352;0.0327944;0.0350957;0;0;0;0;0;0;-0.483583;0.296456;-2.07314;-0.943307;13.3345;2.12686;
3.81103;1.30068;0.334069;-10.3305;0.00273565;-0.00163192;-0.0102151;0;0;0;0;0;0;0;0;0;0;0;0;0;-0;-0;0;0;0;
3.81205;1.29612;0.336608;-10.3351;0.00270076;-0.00182501;-0.011225;-7.23182;-7.742;21.6881;0.819312;-0.352851;0.153612;0;0;0;0;0;0;7.23182;7.742;-21.6881;-12.5177;141.43;46.3059;
3.813;1.29092;0.338141;-10.3407;0.0026286;-0.00211949;-0.0123031;-6.95394;3.88615;36.5681;-0.702539;-0.00992377;-0.117448;0;0;0;0;0;0;6.95394;-3.88615;-36.5681;-17.3197;237.353;-28.5325;
3.81401;1.28387;0.33836;-10.3476;0.00251938;-0.00251991;-0.0133835;-5.51193;3.02364;23.5359;-0.719459;0.157425;-0.0949688;0;0;0;0;0;0;5.51193;-3.02364;-23.5359;-10.8275;152.704;-22.2473;
3.81502;1.27547;0.337143;-10.3545;0.00242314;-0.00294324;-0.0143964;-9.73494;-6.70547;19.6012;1.13185;-0.852038;0.256781;0;0;0;0;0;0;9.73494;6.70547;-19.6012;-11.6753;128.676;38.2347;
3.81604;1.26702;0.334653;-10.3597;0.00236982;-0.00328369;-0.0151194;0.42763;10.3418;28.4331;-1.17636;0.339055;-0.212167;0;0;0;0;0;0;-0.42763;-10.3418;-28.4331;-12.101;183.617;-66.4973;
3.81706;1.26099;0.330188;-10.3607;0.00248727;-0.00337951;-0.0156655;0;0;0;0;0;0;0;0;0;0;0;0;0;-0;-0;0;0;0;
3.81802;1.25795;0.324186;-10.3569;0.00273982;-0.00321749;-0.0158067;-6.77968;-2.64757;11.4398;0.490803;-0.79429;0.107043;0;0;0;0;0;0;6.77968;2.64757;-11.4398;-6.51704;75.5061;13.6125;
3.81903;1.25484;0.316801;-10.3499;0.00311264;-0.00285835;-0.0154766;1.68682;-1.59578;8.05875;0.129189;-0.265135;-0.078443;0;0;0;0;0;0;-1.68682;1.59578;-8.05875;-4.34731;52.2463;11.2546;
3.82004;1.25475;0.309706;-10.3398;0.00354068;-0.00237871;-0.0147764;0;0;0;0;0;0;0;0;0;0;0;0;0;-0;-0;0;0;0;
3.82106;1.25546;0.302588;-10.328;0.00397821;-0.00182898;-0.0136766;1.02525;1.48598;5.82;-0.297394;0.108176;0.0247271;0;0;0;0;0;0;-1.02525;-1.48598;-5.82;-2.48377;37.4518;-9.12471;
3.82201;1.25479;0.297648;-10.3178;0.00430883;-0.00136752;-0.0124957;0.306065;0.778654;2.85653;-0.124974;0.0299316;-0.00773452;0;0;0;0;0;0;-0.306065;-0.778654;-2.85653;-1.2351;18.4248;-4.87707;
3.82301;1.25388;0.296019;-10.3094;0.00450917;-0.00102659;-0.0112801;-11.5552;-8.96654;24.6292;1.46396;-1.3298;0.202715;0;0;0;0;0;0;11.5552;8.96654;-24.6292;-14.7664;161.874;52.0043;
3.82401;1.25257;0.297256;-10.3031;0.00452476;-0.000804005;-0.0101567;-5.81259;0.684533;18.9873;-0.22829;-0.328643;0.00632109;0;0;0;0;0;0;5.81259;-0.684533;-18.9873;-9.26346;123.786;-7.36292;
3.82502;1.25151;0.303188;-10.2994;0.00433292;-0.00074167;-0.00932984;3.73835;6.82349;24.1035;-1.28002;0.424484;0.078359;0;0;0;0;0;0;-3.73835;-6.82349;-24.1035;-10.1709;155.181;-42.353;
3.82603;1.25026;0.313089;-10.2988;0.00394579;-0.000850392;-0.00887188;-6.50717;-2.43515;10.8935;0.467977;-0.755985;0.110549;0;0;0;0;0;0;6.50717;2.43515;-10.8935;-6.19781;71.9053;12.3716;
3.82705;1.25417;0.324735;-10.298;0.00351565;-0.000967415;-0.00884375;-0.251094;-0.240674;0.605481;0.0357946;-0.0330091;0.0017232;0;0;0;0;0;0;0.251094;0.240674;-0.605481;-0.364854;3.9765;1.42932;
3.828;1.26332;0.336201;-10.2963;0.00316507;-0.00101801;-0.00918111;0;0;0;0;0;0;0;0;0;0;0;0;0;-0;-0;0;0;0;
3.82901;1.2771;0.3472;-10.2938;0.00287678;-0.00101851;-0.00974637;-1.41527;-5.72685;15.1123;0.526261;0.0417227;0.135625;0;0;0;0;0;0;1.41527;5.72685;-15.1123;-8.71115;97.8971;36.212;
3.83002;1.29594;0.357116;-10.2904;0.00266156;-0.00098919;-0.0103469;1.03888;0.336598;4.16331;-0.240403;0.0643013;0.0547897;0;0;0;0;0;0;-1.03888;-0.336598;-4.16331;-1.82209;26.7734;-1.70992;
3.83102;1.31344;0.365907;-10.2889;0.00243697;-0.00105323;-0.0107408;0.291973;0.320125;1.50759;-0.0825072;0.0252163;0.0106246;0;0;0;0;0;0;-0.291973;-0.320125;-1.50759;-0.644427;9.70152;-1.93524;
3.83203;1.33008;0.376504;-10.2908;0.00208015;-0.0013975;-0.0109089;0;0;0;0;0;0;0;0;0;0;0;0;0;-0;-0;0;0;0;
3.83304;1.34519;0.387402;-10.2939;0.00169055;-0.00184426;-0.0108344;0;0;0;0;0;0;0;0;0;0;0;0;0;-0;-0;0;0;0;
3.83404;1.35737;0.395315;-10.297;0.00131926;-0.00226539;-0.0103806;-9.85504;-7.48569;56.716;0.234303;-0.703468;0.162129;0;0;0;0;0;0;9.85504;7.48569;-56.716;-29.5443;368.721;43.3179;
3.83504;1.36706;0.400424;-10.3002;0.000994944;-0.00267877;-0.00966194;2.18275;-1.7415;9.89695;0.352301;0.720137;0.0490186;0;0;0;0;0;0;-2.18275;1.7415;-9.89695;-5.51065;63.1068;12.3198;
3.83604;1.37369;0.400889;-10.3027;0.000764883;-0.0029876;-0.00867896;-1.84214;8.54172;27.8022;-1.46105;0.630773;-0.290601;0;0;0;0;0;0;1.84214;-8.54172;-27.8022;-11.6796;179.471;-55.9131;
3.83705;1.37852;0.395958;-10.3033;0.000682617;-0.0031285;-0.00747925;-1.28298;-1.07989;2.8585;0.169531;-0.154899;0.0175724;0;0;0;0;0;0;1.28298;1.07989;-2.8585;-1.71737;18.7821;6.32473;
3.83804;1.38131;0.386428;-10.3024;0.000748954;-0.00310227;-0.0063041;0;0;0;0;0;0;0;0;0;0;0;0;0;-0;-0;0;0;0;
3.83902;1.38136;0.373694;-10.3005;0.000945852;-0.00294003;-0.00529373;0;0;0;0;0;0;0;0;0;0;0;0;0;-0;-0;0;0;0;
3.84006;1.38126;0.356579;-10.2961;0.00131907;-0.00256224;-0.00444674;-0.488406;-1.12129;2.49226;0.0663667;0.215329;0.109885;0;0;0;0;0;0;0.488406;1.12129;-2.49226;-1.43396;15.962;6.90043;
3.84104;1.37997;0.338312;-10.2902;0.00181698;-0.00200822;-0.00388298;-1.23118;-0.934732;2.5949;0.154335;-0.139972;0.0228059;0;0;0;0;0;0;1.23118;0.934732;-2.5949;-1.55486;17.0561;5.40621;
3.84203;1.379;0.321235;-10.2828;0.00233576;-0.00132927;-0.00349001;0.294519;1.9559;5.25045;-0.268058;0.104383;-0.0238483;0;0;0;0;0;0;-0.294519;-1.9559;-5.25045;-2.17912;33.8433;-12.4851;
3.84304;1.37598;0.306771;-10.2745;0.00291715;-0.000511602;-0.00332452;-4.31477;-3.90475;10.0343;0.594014;-0.545583;0.0431187;0;0;0;0;0;0;4.31477;3.90475;-10.0343;-6.03895;65.9146;23.0532;
3.84405;1.36852;0.296208;-10.2678;0.00341824;0.000300397;-0.00330483;1.03409;13.8156;35.5002;-1.79888;0.727736;-0.230814;0;0;0;0;0;0;-1.03409;-13.8156;-35.5002;-14.688;228.901;-88.6539;
3.84501;1.35347;0.291153;-10.2661;0.00369639;0.000845005;-0.00321587;0;0;0;0;0;0;0;0;0;0;0;0;0;-0;-0;0;0;0;
3.84602;1.33215;0.293253;-10.2695;0.0037166;0.00107893;-0.00327499;0;0;0;0;0;0;0;0;0;0;0;0;0;-0;-0;0;0;0;
3.84702;1.30819;0.299791;-10.2769;0.00357653;0.00103718;-0.00361594;0;0;0;0;0;0;0;0;0;0;0;0;0;-0;-0;0;0;0;
3.84802;1.28479;0.307717;-10.2851;0.00332828;0.00085208;-0.00403144;0;0;0;0;0;0;0;0;0;0;0;0;0;-0;-0;0;0;0;
3.84903;1.26404;0.314181;-10.2921;0.00314143;0.000711796;-0.00460429;0.965878;-1.32057;5.32743;0.177097;0.394493;0.0656794;0;0;0;0;0;0;-0.965878;1.32057;-5.32743;-2.99229;33.9839;8.9665;
3.85004;1.24782;0.317521;-10.2964;0.00301306;0.000665436;-0.00512169;-9.49321;-7.91308;21.0348;1.24784;-1.13933;0.134558;0;0;0;0;0;0;9.49321;7.91308;-21.0348;-12.6346;138.216;46.2934;
3.851;1.23699;0.317282;-10.2972;0.00296613;0.00076264;-0.00563929;-10.2946;-18.078;43.8312;1.9891;-0.617559;0.25511;0;0;0;0;0;0;10.2946;18.078;-43.8312;-25.8759;285.298;111.55;
3.85201;1.22786;0.312217;-10.2976;0.00297714;0.000893287;-0.00623905;1.06225;5.39027;14.9231;-0.692171;0.332175;-0.0736413;0;0;0;0;0;0;-1.06225;-5.39027;-14.9231;-6.28033;96.1334;-34.2736;
3.85302;1.22103;0.302223;-10.2968;0.00306114;0.00110018;-0.00684264;0;0;0;0;0;0;0;0;0;0;0;0;0;-0;-0;0;0;0;
3.85403;1.21809;0.287672;-10.2945;0.00323879;0.00140961;-0.00752276;-1.4127;-0.583588;2.41093;0.103253;-0.16751;0.0199543;0;0;0;0;0;0;1.4127;0.583588;-2.41093;-1.37586;15.9113;3.0453;
3.85504;1.2163;0.267755;-10.2921;0.00354403;0.0017915;-0.00822687;-5.98129;-3.99384;11.8678;0.708572;-0.63678;0.142822;0;0;0;0;0;0;5.98129;3.99384;-11.8678;-7.08564;78.038;22.6909;
3.85604;1.21641;0.245936;-10.2898;0.00388747;0.00216119;-0.00891327;0;0;0;0;0;0;0;0;0;0;0;0;0;-0;-0;0;0;0;
3.85706;1.21337;0.224865;-10.2911;0.00414073;0.00233127;-0.00960424;0.355584;-0.401212;1.80353;0.0614549;0.132613;0.0173845;0;0;0;0;0;0;-0.355584;0.401212;-1.80353;-1.0099;11.5029;2.75803;
3.85802;1.20843;0.210083;-10.297;0.00416818;0.00212802;-0.010308;1.95766;6.46091;19.1512;-0.993192;0.360475;-0.0200858;0;0;0;0;0;0;-1.95766;-6.46091;-19.1512;-8.00063;123.376;-40.8048;
3.85904;1.20002;0.200389;-10.3076;0.00397795;0.00157949;-0.0110863;0;0;0;0;0;0;0;0;0;0;0;0;0;-0;-0;0;0;0;
3.86006;1.19076;0.197197;-10.3213;0.00359489;0.000746858;-0.0118664;3.7441;-6.11912;23.0553;0.926047;0.822901;0.138091;0;0;0;0;0;0;-3.7441;6.11912;-23.0553;-13.1499;147.999;41.3459;
3.86101;1.18272;0.199945;-10.3357;0.00314753;-0.000186614;-0.0126728;0.0695108;-0.0236517;0.279376;-0.0171924;0.00431955;0.0046433;0;0;0;0;0;0;-0.0695108;0.0236517;-0.279376;-0.125857;1.79662;0.183415;
3.86203;1.17702;0.206246;-10.3497;0.00270284;-0.00114976;-0.0133912;0.491054;-0.557443;2.49665;0.0850061;0.183616;0.0242776;0;0;0;0;0;0;-0.491054;0.557443;-2.49665;-1.39815;15.9236;3.83037;
3.86305;1.1762;0.215025;-10.3604;0.00238423;-0.00196613;-0.0139511;0;0;0;0;0;0;0;0;0;0;0;0;0;-0;-0;0;0;0;
3.86401;1.17964;0.224716;-10.3671;0.00222955;-0.00255817;-0.0143683;-3.84742;-5.17395;11.9334;0.586845;-0.130528;0.129769;0;0;0;0;0;0;3.84742;5.17395;-11.9334;-7.11557;77.7421;31.4152;
3.86502;1.18834;0.236423;-10.3704;0.00222732;-0.00298204;-0.0148117;1.04;7.60878;20.2553;-1.03267;0.404903;-0.0990769;0;0;0;0;0;0;-1.04;-7.60878;-20.2553;-8.4018;130.569;-48.6161;
3.86603;1.20178;0.247961;-10.37;0.0023681;-0.0032096;-0.0151652;0;0;0;0;0;0;0;0;0;0;0;0;0;-0;-0;0;0;0;
3.86705;1.21883;0.259;-10.3652;0.00265734;-0.00318146;-0.0155932;0;0;0;0;0;0;0;0;0;0;0;0;0;-0;-0;0;0;0;
3.86801;1.23312;0.268527;-10.3598;0.00293763;-0.0030503;-0.0159707;0;0;0;0;0;0;0;0;0;0;0;0;0;-0;-0;0;0;0;
3.86904;1.24594;0.278813;-10.3541;0.00318479;-0.00285541;-0.0164004;0;0;0;0;0;0;0;0;0;0;0;0;0;-0;-0;0;0;0;
3.87;1.25369;0.288572;-10.3499;0.00330374;-0.00269304;-0.0167083;-0.42013;-1.1419;5.60446;-0.127348;-0.0961062;0.080653;0;0;0;0;0;0;0.42013;1.1419;-5.60446;-2.80939;36.4065;7.09738;
3.87103;1.25659;0.298904;-10.3476;0.0032919;-0.00258711;-0.017016;-3.11442;-0.469587;39.1681;0.210836;-0.75583;-0.197191;0;0;0;0;0;0;3.11442;0.469587;-39.1681;-19.9802;254.538;1.66784;
3.87204;1.25231;0.307519;-10.3471;0.00317002;-0.00247591;-0.0171492;0;0;0;0;0;0;0;0;0;0;0;0;0;-0;-0;0;0;0;
3.87304;1.24616;0.313704;-10.3468;0.00302951;-0.00232962;-0.0172128;0;0;0;0;0;0;0;0;0;0;0;0;0;-0;-0;0;0;0;
3.87404;1.23547;0.316098;-10.3468;0.00290647;-0.0021068;-0.017119;-11.0783;-1.79126;32.7129;0.132266;-0.507418;0.0557873;0;0;0;0;0;0;11.0783;1.79126;-32.7129;-16.7841;213.316;5.95781;
3.87504;1.22252;0.315653;-10.3475;0.00278946;-0.0018595;-0.0169601;-1.89442;-1.66401;4.32693;0.180913;-0.305206;-0.0381655;0;0;0;0;0;0;1.89442;1.66401;-4.32693;-2.52686;28.4965;9.8526;
3.87605;1.20988;0.313116;-10.3483;0.00268416;-0.00163404;-0.0167666;0;0;0;0;0;0;0;0;0;0;0;0;0;-0;-0;0;0;0;
3.87701;1.19847;0.309104;-10.3493;0.00258954;-0.00144771;-0.0165476;1.84686;-1.39315;8.2835;0.299897;0.517819;0.0280524;0;0;0;0;0;0;-1.84686;1.39315;-8.2835;-4.61086;52.9017;9.91737;
3.87803;1.18843;0.30403;-10.3504;0.00248891;-0.00129204;-0.0162152;2.20058;-1.37556;9.46624;0.582656;-0.57521;-0.219033;0;0;0;0;0;0;-2.20058;1.37556;-9.46624;-5.48739;61.6131;10.2288;
3.87905;1.17946;0.297833;-10.3514;0.00239443;-0.0011792;-0.0157493;0;0;0;0;0;0;0;0;0;0;0;0;0;-0;-0;0;0;0;
3.88002;1.17432;0.292165;-10.3507;0.00235474;-0.00103836;-0.0152161;-1.7764;-5.31719;12.7614;0.602145;-0.0643646;0.0776939;0;0;0;0;0;0;1.7764;5.31719;-12.7614;-7.56218;82.8257;33.437;
3.88104;1.17362;0.285922;-10.3486;0.00232748;-0.00090431;-0.01443;0;0;0;0;0;0;0;0;0;0;0;0;0;-0;-0;0;0;0;
3.88201;1.17721;0.280309;-10.3437;0.00239141;-0.000685108;-0.013584;0;0;0;0;0;0;0;0;0;0;0;0;0;-0;-0;0;0;0;
3.88303;1.18649;0.27532;-10.3356;0.00257615;-0.000353687;-0.0126849;0;0;0;0;0;0;0;0;0;0;0;0;0;-0;-0;0;0;0;
3.88405;1.20023;0.272192;-10.3262;0.00280189;-6.26095e-05;-0.0117694;0.416395;-0.459933;2.0945;0.0715676;0.153894;0.0195658;0;0;0;0;0;0;-0.416395;0.459933;-2.0945;-1.17243;13.3584;3.16647;
3.88501;1.21129;0.270763;-10.3203;0.00292186;1.30928e-06;-0.0108884;-8.23222;7.95506;43.1932;-0.885791;-0.128101;-0.143503;0;0;0;0;0;0;8.23222;-7.95506;-43.1932;-20.0638;280.472;-55.4813;
3.88603;1.22318;0.273623;-10.3177;0.00291475;-0.000270631;-0.0101321;0;0;0;0;0;0;0;0;0;0;0;0;0;-0;-0;0;0;0;
3.88705;1.23326;0.279729;-10.3187;0.00280498;-0.000811324;-0.00965625;0;0;0;0;0;0;0;0;0;0;0;0;0;-0;-0;0;0;0;
3.88806;1.24178;0.285076;-10.3198;0.00270291;-0.00131203;-0.00940907;1.79075;2.3541;9.69659;-0.523905;0.164192;0.0568921;0;0;0;0;0;0;-1.79075;-2.3541;-9.69659;-4.12203;62.4055;-14.3893;
3.88901;1.25154;0.289564;-10.3197;0.00272181;-0.00169472;-0.00955581;0;0;0;0;0;0;0;0;0;0;0;0;0;-0;-0;0;0;0;
3.89002;1.26042;0.291288;-10.3179;0.00283134;-0.0018931;-0.00993555;0.443918;-0.462264;2.18436;0.0752071;0.160181;0.0186142;0;0;0;0;0;0;-0.443918;0.462264;-2.18436;-1.22155;13.9309;3.19636;
3.89103;1.26935;0.289232;-10.3144;0.00302179;-0.00194101;-0.0104303;0;0;0;0;0;0;0;0;0;0;0;0;0;-0;-0;0;0;0;
3.89205;1.27538;0.28264;-10.3103;0.00323439;-0.00186708;-0.0107592;0;0;0;0;0;0;0;0;0;0;0;0;0;-0;-0;0;0;0;
3.89302;1.27607;0.274677;-10.3075;0.00339859;-0.0017686;-0.0107759;-8.73739;6.27817;56.4282;-0.763368;-0.259546;-0.12238;0;0;0;0;0;0;8.73739;-6.27817;-56.4282;-27.0189;366.302;-44.9051;
3.89404;1.27168;0.26599;-10.3066;0.00347676;-0.00172262;-0.0104543;-4.34809;-1.60555;7.26185;0.312087;-0.503889;0.0754575;0;0;0;0;0;0;4.34809;1.60555;-7.26185;-4.12998;47.9345;8.12519;
3.89501;1.2626;0.258425;-10.3076;0.00347321;-0.00174113;-0.00986953;0;0;0;0;0;0;0;0;0;0;0;0;0;-0;-0;0;0;0;
3.89603;1.25234;0.25435;-10.3103;0.00337;-0.00188909;-0.00921818;-2.83666;-3.46699;8.14332;0.479189;-0.449178;-0.0243148;0;0;0;0;0;0;2.83666;3.46699;-8.14332;-4.92798;53.4322;21.032;
3.89706;1.24305;0.253469;-10.3131;0.00321203;-0.00208275;-0.00863859;0;0;0;0;0;0;0;0;0;0;0;0;0;-0;-0;0;0;0;
3.89801;1.23649;0.255663;-10.3162;0.00306587;-0.00232598;-0.00833645;1.37857;-1.12975;6.29453;0.223343;0.458325;0.033346;0;0;0;0;0;0;-1.37857;1.12975;-6.29453;-3.50635;40.137;7.97173;
3.89902;1.23223;0.260766;-10.3191;0.00289815;-0.00261476;-0.00825193;0;0;0;0;0;0;0;0;0;0;0;0;0;-0;-0;0;0;0;
3.90004;1.23056;0.26758;-10.3216;0.00276967;-0.00289228;-0.00845785;-1.90483;3.84904;18.4175;-1.00936;0.433544;-0.194999;0;0;0;0;0;0;1.90483;-3.84904;-18.4175;-7.87761;118.944;-25.6725;
3.901;1.22656;0.273274;-10.3245;0.00268543;-0.00311101;-0.00873315;0.441856;1.03701;3.35296;-0.176045;0.0608422;0.00438195;0;0;0;0;0;0;-0.441856;-1.03701;-3.35296;-1.40805;21.5928;-6.49273;
3.90202;1.2233;0.28031;-10.3272;0.00262355;-0.00330835;-0.00929764;5.11892;-2.89013;22.1173;0.156931;0.877702;0.00221536;0;0;0;0;0;0;-5.11892;2.89013;-22.1173;-11.5841;141.736;21.2782;
3.90303;1.21677;0.286297;-10.3308;0.00258785;-0.00344934;-0.0100238;0.613645;-0.963362;3.63108;0.219291;-0.218418;-0.0950079;0;0;0;0;0;0;-0.613645;0.963362;-3.63108;-2.14446;23.6546;6.63821;
3.90405;1.20985;0.291416;-10.3333;0.00259515;-0.00347602;-0.0110414;-6.81838;-2.7815;16.2398;0.246164;-0.375944;0.069456;0;0;0;0;0;0;6.81838;2.7815;-16.2398;-8.70292;106.154;14.4973;
3.90501;1.20655;0.295503;-10.3337;0.00265086;-0.00339187;-0.0122356;0.554299;3.37767;9.14221;-0.46739;0.180817;-0.0384662;0;0;0;0;0;0;-0.554299;-3.37767;-9.14221;-3.79655;58.9255;-21.5404;
3.90603;1.2019;0.296514;-10.3328;0.00275513;-0.00318769;-0.0135607;0.170318;-0.415881;1.32876;0.0796359;-0.079403;-0.0350596;0;0;0;0;0;0;-0.170318;0.415881;-1.32876;-0.790496;8.66108;2.81211;
3.90705;1.19497;0.294036;-10.3329;0.00280516;-0.00302085;-0.0145087;0;0;0;0;0;0;0;0;0;0;0;0;0;-0;-0;0;0;0;
3.90806;1.18193;0.286719;-10.3351;0.00275242;-0.00297209;-0.0147319;0;0;0;0;0;0;0;0;0;0;0;0;0;-0;-0;0;0;0;
3.90902;1.16318;0.277687;-10.3397;0.00257095;-0.00307895;-0.0142984;-6.44863;-3.75437;12.1204;0.719921;-0.609642;0.192423;0;0;0;0;0;0;6.44863;3.75437;-12.1204;-7.2002;79.6928;20.8562;
3.91005;1.13857;0.268176;-10.3466;0.00231343;-0.0033483;-0.013473;1.80105;19.5078;50.6148;-2.56912;1.03014;-0.305616;0;0;0;0;0;0;-1.80105;-19.5078;-50.6148;-20.9566;326.333;-125.029;
3.911;1.11568;0.261283;-10.3526;0.00211032;-0.00368172;-0.0127137;0.659678;2.85554;8.06468;-0.415145;0.155589;-0.0211326;0;0;0;0;0;0;-0.659678;-2.85554;-8.06468;-3.3587;51.9671;-18.1258;
3.91202;1.09447;0.25555;-10.3566;0.00200007;-0.0040437;-0.0120808;0;0;0;0;0;0;0;0;0;0;0;0;0;-0;-0;0;0;0;
3.91303;1.07971;0.253715;-10.3568;0.00204721;-0.00435835;-0.011849;-0.414143;3.89381;13.0571;-0.56119;0.357134;-0.139378;0;0;0;0;0;0;0.414143;-3.89381;-13.0571;-5.62216;84.181;-25.2672;
3.91405;1.06994;0.252613;-10.3539;0.00224352;-0.00462499;-0.0118408;1.54921;-0.703403;13.4255;-0.241352;-0.117649;0.0378438;0;0;0;0;0;0;-1.54921;0.703403;-13.4255;-6.58949;86.8427;5.29417;
3.91502;1.06523;0.25218;-10.3489;0.00255199;-0.00479208;-0.0120357;0;0;0;0;0;0;0;0;0;0;0;0;0;-0;-0;0;0;0;
3.91604;1.065;0.251724;-10.3415;0.00292516;-0.00485525;-0.0122781;6.87744;-3.40817;28.6314;0.637311;1.8202;0.0795979;0;0;0;0;0;0;-6.87744;3.40817;-28.6314;-15.3966;182.771;25.4387;
3.917;1.06858;0.251339;-10.3343;0.00325208;-0.00485013;-0.0125329;1.40122;3.83104;11.8643;-0.61922;0.219019;0.00240985;0;0;0;0;0;0;-1.40122;-3.83104;-11.8643;-4.96982;76.4175;-24.0887;
3.91802;1.07548;0.251134;-10.3269;0.00354793;-0.00474043;-0.0129041;-3.14446;-2.13493;6.28482;0.375044;-0.33745;0.0730143;0;0;0;0;0;0;3.14446;2.13493;-6.28482;-3.75418;41.3244;12.1594;
3.91903;1.08374;0.251061;-10.3205;0.00375124;-0.00454034;-0.0132638;-0.582341;-0.641091;1.54472;0.00194126;0.11621;0.0491811;0;0;0;0;0;0;0.582341;0.641091;-1.54472;-0.844179;9.93867;3.80629;
3.92004;1.09374;0.252143;-10.3149;0.00388311;-0.00428856;-0.0136779;0;0;0;0;0;0;0;0;0;0;0;0;0;-0;-0;0;0;0;
3.92106;1.10278;0.252987;-10.3102;0.00399398;-0.00400241;-0.0140312;0;0;0;0;0;0;0;0;0;0;0;0;0;-0;-0;0;0;0;
3.92202;1.10905;0.253201;-10.3067;0.00411039;-0.00374927;-0.0142957;2.64267;6.06151;29.1907;-1.10398;0.831322;-0.128926;0;0;0;0;0;0;-2.64267;-6.06151;-29.1907;-12.9853;187.805;-37.7663;
3.92302;1.11243;0.252301;-10.3046;0.00423513;-0.00359704;-0.0144185;1.4295;3.11534;10.3142;-0.543255;0.18555;0.0192484;0;0;0;0;0;0;-1.4295;-3.11534;-10.3142;-4.33721;66.4173;-19.4598;
3.92403;1.11221;0.248328;-10.3034;0.00441695;-0.00355884;-0.0143386;1.09488;0.333801;9.45135;-0.555619;0.174959;0.0581857;0;0;0;0;0;0;-1.09488;-0.333801;-9.45135;-4.16989;60.8776;-1.66701;
3.92504;1.10716;0.241258;-10.3028;0.00464753;-0.00361535;-0.0139219;3.05587;-1.39032;12.5903;0.349926;0.835719;0.0025471;0;0;0;0;0;0;-3.05587;1.39032;-12.5903;-6.82926;80.333;10.5333;
3.92605;1.10017;0.231395;-10.3016;0.00494799;-0.00374222;-0.0131986;-6.79886;-5.11999;15.2865;0.59988;-0.442044;0.114505;0;0;0;0;0;0;6.79886;5.11999;-15.2865;-8.8116;100.049;29.5951;
3.92701;1.09367;0.221347;-10.299;0.00532832;-0.00386277;-0.0123752;0.236674;0.191233;1.07664;-0.059779;0.0173619;0.0100572;0;0;0;0;0;0;-0.236674;-0.191233;-1.07664;-0.463124;6.9261;-1.12841;
3.92801;1.08891;0.210576;-10.2936;0.00584391;-0.00392825;-0.0114991;-1.6606;-4.99237;11.1871;0.555539;-0.192432;-0.00183736;0;0;0;0;0;0;1.6606;4.99237;-11.1871;-6.69028;72.7544;31.4728;
3.92901;1.08806;0.201054;-10.2857;0.00641044;-0.00386774;-0.0106561;0;0;0;0;0;0;0;0;0;0;0;0;0;-0;-0;0;0;0;
3.93001;1.09066;0.194802;-10.2774;0.00694058;-0.00375053;-0.00996752;0;0;0;0;0;0;0;0;0;0;0;0;0;-0;-0;0;0;0;
3.93101;1.0933;0.192238;-10.2718;0.0072698;-0.00361322;-0.00941605;0;0;0;0;0;0;0;0;0;0;0;0;0;-0;-0;0;0;0;
3.93202;1.09812;0.193787;-10.2695;0.00734235;-0.00353548;-0.00904963;0.789809;-0.785064;3.82342;-0.245868;0.0628272;0.0636896;0;0;0;0;0;0;-0.789809;0.785064;-3.82342;-1.75824;24.6003;5.4144;
3.93304;1.10219;0.198955;-10.2714;0.00712809;-0.00347478;-0.00885754;-9.86125;6.25624;53.7753;-0.700959;-0.139018;-0.119113;0;0;0;0;0;0;9.86125;-6.25624;-53.7753;-25.7479;349.126;-45.3324;
3.93405;1.1058;0.20601;-10.2759;0.00673226;-0.00340951;-0.00879841;0;0;0;0;0;0;0;0;0;0;0;0;0;-0;-0;0;0;0;
3.93506;1.10858;0.212329;-10.2814;0.00625784;-0.00333911;-0.00880988;0.264375;0.151456;1.365;0.0168087;-0.0594809;-0.0131249;0;0;0;0;0;0;-0.264375;-0.151456;-1.365;-0.688908;8.86623;-0.833873;
3.93601;1.11102;0.216178;-10.2861;0.00583496;-0.00327544;-0.00882148;1.54593;-1.43325;7.31513;0.255621;0.53448;0.0506992;0;0;0;0;0;0;-1.54593;1.43325;-7.31513;-4.08305;46.6486;10.0027;
3.93701;1.11248;0.21793;-10.2894;0.00545087;-0.00321293;-0.00881457;0.691594;6.83773;17.8298;-0.905795;0.36157;-0.103528;0;0;0;0;0;0;-0.691594;-6.83773;-17.8298;-7.38493;114.951;-43.7973;
3.93802;1.10946;0.216078;-10.292;0.00518232;-0.00316785;-0.0086461;0;0;0;0;0;0;0;0;0;0;0;0;0;-0;-0;0;0;0;
3.93903;1.104;0.213044;-10.2925;0.00507267;-0.00311898;-0.00852738;0;0;0;0;0;0;0;0;0;0;0;0;0;-0;-0;0;0;0;
3.94005;1.09722;0.210447;-10.2911;0.00508743;-0.0031368;-0.00849656;0;0;0;0;0;0;0;0;0;0;0;0;0;-0;-0;0;0;0;
3.94105;1.0878;0.209539;-10.2898;0.00516222;-0.00333486;-0.00871727;0;0;0;0;0;0;0;0;0;0;0;0;0;-0;-0;0;0;0;
3.942;1.07963;0.210877;-10.2891;0.00519297;-0.00373349;-0.00908165;1.73668;18.1458;48.7771;-2.05627;0.719404;-0.36645;0;0;0;0;0;0;-1.73668;-18.1458;-48.7771;-20.6811;314.758;-116.186;
3.94301;1.07185;0.214271;-10.2897;0.00518513;-0.00436482;-0.00972361;-9.00231;4.4157;46.3808;-0.531283;-0.242966;-0.154343;0;0;0;0;0;0;9.00231;-4.4157;-46.3808;-22.3792;301.292;-32.954;
3.94402;1.06592;0.218749;-10.2912;0.0051449;-0.00500099;-0.0105322;0.620623;4.1894;11.2295;-0.573169;0.223477;-0.0516953;0;0;0;0;0;0;-0.620623;-4.1894;-11.2295;-4.66026;72.3837;-26.7467;
3.94503;1.06536;0.221994;-10.2915;0.00514164;-0.00545403;-0.0113945;-2.59115;4.67811;44.4631;-0.74421;0.19652;-0.0319699;0;0;0;0;0;0;2.59115;-4.67811;-44.4631;-21.1743;287.798;-31.5462;
3.94605;1.06902;0.224557;-10.2913;0.0051847;-0.00557325;-0.0123903;0.346935;-0.0607325;1.362;0.0602463;-0.102795;-0.0199299;0;0;0;0;0;0;-0.346935;0.0607325;-1.362;-0.75216;8.88184;0.587642;
3.94701;1.07622;0.22504;-10.2901;0.00526385;-0.00534856;-0.0132852;-3.73722;11.5613;42.9554;-2.07676;1.13052;-0.380485;0;0;0;0;0;0;3.73722;-11.5613;-42.9554;-18.3909;277.223;-76.3182;
3.94802;1.08498;0.222265;-10.289;0.00538473;-0.0048443;-0.0140373;-13.6357;-7.00407;70.0521;0.36141;-0.492864;0.0501366;0;0;0;0;0;0;13.6357;7.00407;-70.0521;-36.3388;455.191;38.4093;
3.94904;1.09118;0.216566;-10.2892;0.00549041;-0.00422626;-0.0142687;0;0;0;0;0;0;0;0;0;0;0;0;0;-0;-0;0;0;0;
3.95;1.09292;0.209567;-10.2904;0.00561726;-0.00367223;-0.0141191;0;0;0;0;0;0;0;0;0;0;0;0;0;-0;-0;0;0;0;
3.95103;1.0901;0.202864;-10.2928;0.00574851;-0.00325052;-0.0136386;0;0;0;0;0;0;0;0;0;0;0;0;0;-0;-0;0;0;0;
3.95204;1.08492;0.196812;-10.2951;0.00587873;-0.00306476;-0.0128939;0;0;0;0;0;0;0;0;0;0;0;0;0;-0;-0;0;0;0;
3.953;1.07881;0.193037;-10.2979;0.0059589;-0.00317375;-0.0121021;0.819308;-1.79421;6.14036;0.369238;-0.367252;-0.156578;0;0;0;0;0;0;-0.819308;1.79421;-6.14036;-3.64141;40.021;12.18;
3.95403;1.07319;0.190474;-10.3001;0.00602323;-0.00351955;-0.011289;-8.00677;-2.71142;13.2428;0.430401;-0.778151;0.07466;0;0;0;0;0;0;8.00677;2.71142;-13.2428;-7.37104;87.2807;13.4401;
3.95504;1.07042;0.190333;-10.3005;0.00608199;-0.00403691;-0.0106662;0.718567;2.72607;7.86708;-0.406338;0.150055;-0.0148822;0;0;0;0;0;0;-0.718567;-2.72607;-7.86708;-3.28105;50.688;-17.2646;
3.95604;1.07076;0.192276;-10.2987;0.00617759;-0.00463673;-0.0103337;0;0;0;0;0;0;0;0;0;0;0;0;0;-0;-0;0;0;0;
3.95706;1.07348;0.195682;-10.2951;0.00628273;-0.00520601;-0.0102356;0.735496;7.6827;20.5331;-0.932985;0.317072;-0.142322;0;0;0;0;0;0;-0.735496;-7.6827;-20.5331;-8.63409;132.485;-49.2044;
3.95801;1.07666;0.198981;-10.2913;0.00636069;-0.00562219;-0.0103083;0;0;0;0;0;0;0;0;0;0;0;0;0;-0;-0;0;0;0;
3.95902;1.0813;0.20265;-10.2868;0.00641357;-0.00584132;-0.010538;3.09187;3.17517;15.1392;-0.448948;0.459411;-0.00468557;0;0;0;0;0;0;-3.09187;-3.17517;-15.1392;-6.8551;97.2006;-18.9859;
3.96004;1.08596;0.205951;-10.2838;0.0063632;-0.00579343;-0.0107944;1.4566;14.1379;36.9049;-1.8752;0.747798;-0.212461;0;0;0;0;0;0;-1.4566;-14.1379;-36.9049;-15.2869;237.929;-90.5445;
3.961;1.08995;0.207742;-10.282;0.00625323;-0.00547497;-0.0110088;-0.519174;-1.33848;2.97974;-0.208279;0.0749808;-0.00260843;0;0;0;0;0;0;0.519174;1.33848;-2.97974;-1.42663;19.26;8.4029;
3.96202;1.09287;0.20752;-10.2809;0.00612856;-0.00495649;-0.0111625;-3.65158;-3.64084;26.1656;-0.218858;-0.411345;-0.010012;0;0;0;0;0;0;3.65158;3.64084;-26.1656;-13.3223;170.104;21.7323;
3.96303;1.0944;0.205777;-10.2808;0.00600772;-0.00435457;-0.0111426;0;0;0;0;0;0;0;0;0;0;0;0;0;-0;-0;0;0;0;
3.96405;1.09282;0.20123;-10.2819;0.00594999;-0.00381253;-0.0108977;0;0;0;0;0;0;0;0;0;0;0;0;0;-0;-0;0;0;0;
3.96502;1.08996;0.194998;-10.2826;0.00598314;-0.00339127;-0.0105347;0.421716;-0.0301889;1.6435;0.066984;0.117648;-0.0150268;0;0;0;0;0;0;-0.421716;0.0301889;-1.6435;-0.897578;10.4756;0.422737;
3.96604;1.08542;0.187383;-10.284;0.00608394;-0.00316429;-0.0100191;2.63992;-6.76475;23.6146;0.680924;-0.119465;0.0728973;0;0;0;0;0;0;-2.63992;6.76475;-23.6146;-13.2515;152.672;45.0332;
3.96706;1.08181;0.180162;-10.2844;0.00627829;-0.00316757;-0.00953749;-0.945231;-0.395409;1.61747;0.0692425;-0.1124;0.012987;0;0;0;0;0;0;0.945231;0.395409;-1.61747;-0.923429;10.6745;2.06987;
3.96801;1.08057;0.173542;-10.2831;0.00656586;-0.00332791;-0.00914335;0;0;0;0;0;0;0;0;0;0;0;0;0;-0;-0;0;0;0;
3.96903;1.08141;0.166573;-10.2797;0.00695181;-0.00361554;-0.00879977;5.47668;2.32359;22.4801;-0.408594;0.835121;0.00335007;0;0;0;0;0;0;-5.47668;-2.32359;-22.4801;-10.6774;144.09;-12.2823;
3.97004;1.08442;0.1601;-10.2743;0.00740933;-0.00395905;-0.00855931;1.58199;-3.99576;12.9835;0.469381;0.000249305;-0.00206756;0;0;0;0;0;0;-1.58199;3.99576;-12.9835;-7.40856;83.8609;26.6565;
3.97105;1.08802;0.154561;-10.2683;0.0078492;-0.00430228;-0.00827901;0;0;0;0;0;0;0;0;0;0;0;0;0;-0;-0;0;0;0;
3.97206;1.09184;0.15145;-10.2633;0.00817048;-0.00455495;-0.00799703;0;0;0;0;0;0;0;0;0;0;0;0;0;-0;-0;0;0;0;
3.97306;1.09628;0.151101;-10.2606;0.00828479;-0.0046761;-0.00779664;-4.90953;0.0165095;24.5759;-0.577839;-0.23115;0.0818768;0;0;0;0;0;0;4.90953;-0.0165095;-24.5759;-11.7953;159.763;-2.66083;
3.974;1.10106;0.153846;-10.2608;0.008169;-0.0046726;-0.00778787;6.21013;4.04484;30.1403;-0.452619;0.168225;-0.11841;0;0;0;0;0;0;-6.21013;-4.04484;-30.1403;-14.3176;194.254;-22.9299;
3.97502;1.10412;0.159096;-10.2647;0.00783273;-0.00461201;-0.00804624;0;0;0;0;0;0;0;0;0;0;0;0;0;-0;-0;0;0;0;
3.97603;1.10414;0.166109;-10.2713;0.00735924;-0.00449751;-0.0084687;0;0;0;0;0;0;0;0;0;0;0;0;0;-0;-0;0;0;0;
3.97704;1.09889;0.172764;-10.2794;0.00685129;-0.00431597;-0.00893952;0.340884;0.202765;1.45396;-0.0820019;0.0229612;0.0160234;0;0;0;0;0;0;-0.340884;-0.202765;-1.45396;-0.629743;9.35181;-1.15653;
3.97805;1.08836;0.178034;-10.2885;0.00636598;-0.00414647;-0.00936604;0;0;0;0;0;0;0;0;0;0;0;0;0;-0;-0;0;0;0;
3.97906;1.07234;0.179971;-10.2974;0.00598543;-0.00400921;-0.00970879;0.208266;0.411988;1.41106;-0.0746469;0.0250939;0.00369089;0;0;0;0;0;0;-0.208266;-0.411988;-1.41106;-0.594471;9.08537;-2.56492;
3.98001;1.05414;0.178078;-10.3044;0.00576659;-0.00389886;-0.00992525;0.60278;0.868362;3.41095;-0.183368;0.0583793;0.0175424;0;0;0;0;0;0;-0.60278;-0.868362;-3.41095;-1.44691;21.9543;-5.33345;
3.98102;1.03352;0.171448;-10.3092;0.00571539;-0.00382901;-0.00989935;0;0;0;0;0;0;0;0;0;0;0;0;0;-0;-0;0;0;0;
3.98203;1.01431;0.16234;-10.312;0.00577767;-0.00384753;-0.009701;1.17994;-1.49736;6.28771;-0.409067;0.106046;0.102019;0;0;0;0;0;0;-1.17994;1.49736;-6.28771;-2.90749;40.4651;10.182;
3.98304;0.998465;0.151007;-10.3121;0.00594836;-0.00389993;-0.00938146;0;0;0;0;0;0;0;0;0;0;0;0;0;-0;-0;0;0;0;
3.98403;0.98494;0.138253;-10.3105;0.0061641;-0.00399871;-0.00895624;-5.8035;6.65386;30.8785;-0.775037;-0.0991299;-0.124872;0;0;0;0;0;0;5.8035;-6.65386;-30.8785;-14.1048;200.507;-45.8566;
3.98503;0.975539;0.127095;-10.3086;0.00632163;-0.00414116;-0.00859103;0.818589;4.85245;18.3881;-0.984596;0.370467;-0.0539312;0;0;0;0;0;0;-0.818589;-4.85245;-18.3881;-7.78684;118.542;-30.9355;
3.98604;0.970778;0.119251;-10.3066;0.00638322;-0.00424333;-0.00836841;-15.2569;-10.9142;48.0836;1.18277;-0.847157;0.118633;0;0;0;0;0;0;15.2569;10.9142;-48.0836;-26.4913;313.543;62.8282;
3.98704;0.968813;0.113803;-10.3062;0.00625923;-0.00422859;-0.00820878;0;0;0;0;0;0;0;0;0;0;0;0;0;-0;-0;0;0;0;
3.98804;0.970034;0.111775;-10.3069;0.00601314;-0.00406261;-0.00824221;0;0;0;0;0;0;0;0;0;0;0;0;0;-0;-0;0;0;0;
3.98905;0.974987;0.113041;-10.3075;0.00568937;-0.0037489;-0.00838021;-4.02017;-6.30446;14.9314;0.752315;-0.255093;0.102521;0;0;0;0;0;0;4.02017;6.30446;-14.9314;-8.90433;97.2845;38.6712;
3.99001;0.982146;0.116543;-10.3076;0.00541087;-0.00335655;-0.00862571;0;0;0;0;0;0;0;0;0;0;0;0;0;-0;-0;0;0;0;
3.99102;0.991898;0.123051;-10.3068;0.00515303;-0.00291333;-0.00895224;0;0;0;0;0;0;0;0;0;0;0;0;0;-0;-0;0;0;0;
3.99204;1.00237;0.130461;-10.3047;0.00501688;-0.00246039;-0.00929727;-11.6179;-0.684438;50.6227;-0.0929837;-0.344776;0.0596162;0;0;0;0;0;0;11.6179;0.684438;-50.6227;-25.4662;329.107;-1.48043;
3.99303;1.01288;0.138491;-10.3016;0.00498147;-0.00210997;-0.00961162;1.33831;-1.1224;6.14901;0.217572;0.448009;0.0344224;0;0;0;0;0;0;-1.33831;1.1224;-6.14901;-3.42661;39.2096;7.90282;
3.99402;1.02298;0.148786;-10.2977;0.00497879;-0.00192802;-0.00994948;0;0;0;0;0;0;0;0;0;0;0;0;0;-0;-0;0;0;0;
3.99504;1.03049;0.159768;-10.2938;0.00498859;-0.0019726;-0.0101838;-9.39981;-4.18986;31.2835;-0.345458;-0.689631;0.16746;0;0;0;0;0;0;9.39981;4.18986;-31.2835;-15.828;204.079;22.2133;
3.99605;1.03498;0.168928;-10.2901;0.00505846;-0.00221159;-0.0103134;0;0;0;0;0;0;0;0;0;0;0;0;0;-0;-0;0;0;0;
3.99701;1.03519;0.175411;-10.2872;0.00516795;-0.00256446;-0.010353;-10.5001;-1.4279;39.624;0.447261;-0.636158;-0.018962;0;0;0;0;0;0;10.5001;1.4279;-39.624;-20.5429;258.11;3.97217;
3.99803;1.03069;0.17991;-10.2871;0.00530154;-0.00311634;-0.0103719;-2.70441;-2.74741;6.77839;0.4002;-0.370578;0.00946774;0;0;0;0;0;0;2.70441;2.74741;-6.77839;-4.08945;44.5074;16.4081;
3.99906;1.0239;0.181771;-10.2889;0.00542367;-0.00366133;-0.0103506;0;0;0;0;0;0;0;0;0;0;0;0;0;-0;-0;0;0;0;
4.00002;1.0178;0.180028;-10.2909;0.00552344;-0.0040204;-0.0102102;0;0;0;0;0;0;0;0;0;0;0;0;0;-0;-0;0;0;0;
4.00102;1.01006;0.175071;-10.2945;0.00555956;-0.00422205;-0.00985682;0;0;0;0;0;0;0;0;0;0;0;0;0;-0;-0;0;0;0;
4.00202;1.00351;0.168133;-10.2991;0.00555635;-0.00423642;-0.00938106;-3.58061;-2.26816;6.94946;0.415594;-0.372133;0.0926725;0;0;0;0;0;0;3.58061;2.26816;-6.94946;-4.14283;45.704;12.7823;
4.00304;0.998513;0.159676;-10.3041;0.0055686;-0.00404578;-0.008853;-1.04452;-1.11509;2.70999;0.159839;-0.148515;0.000497029;0;0;0;0;0;0;1.04452;1.11509;-2.70999;-1.63647;17.7906;6.68961;
4.00405;0.995661;0.150122;-10.3083;0.00557859;-0.00371284;-0.00815562;0.770771;-0.429233;3.25388;0.120526;0.235022;0.00245284;0;0;0;0;0;0;-0.770771;0.429233;-3.25388;-1.80211;20.7444;3.16335;
4.00501;0.995466;0.141604;-10.3105;0.00560248;-0.00339213;-0.00742087;1.62989;-1.25239;7.32113;0.261795;0.532213;0.0327602;0;0;0;0;0;0;-1.62989;1.25239;-7.32113;-4.07411;46.6812;8.89256;
4.00601;0.998245;0.134686;-10.3107;0.00561137;-0.00309412;-0.00661035;-2.68297;3.51085;15.8507;-0.403926;-0.0480802;-0.0620631;0;0;0;0;0;0;2.68297;-3.51085;-15.8507;-7.22471;102.893;-24.0087;
4.00701;1.00213;0.130504;-10.3096;0.00566377;-0.00290109;-0.00598274;0.343458;-2.48539;6.62231;0.392904;-0.390858;-0.167069;0;0;0;0;0;0;-0.343458;2.48539;-6.62231;-3.97724;43.2113;16.4237;
4.00801;1.00627;0.129022;-10.3072;0.00579883;-0.00281085;-0.00564203;0;0;0;0;0;0;0;0;0;0;0;0;0;-0;-0;0;0;0;
4.00902;1.01059;0.132363;-10.3044;0.00599491;-0.00282282;-0.00573513;0.149296;0.118315;0.67577;-0.0375603;0.0108817;0.00639292;0;0;0;0;0;0;-0.149296;-0.118315;-0.67577;-0.290826;4.34722;-0.696867;
4.01003;1.01438;0.137648;-10.2993;0.0063226;-0.00291412;-0.0061366;-1.2327;-1.00539;2.70495;0.155325;-0.122046;0.0275198;0;0;0;0;0;0;1.2327;1.00539;-2.70495;-1.6184;17.7505;5.85795;
4.01105;1.02164;0.145151;-10.2917;0.00668962;-0.00300351;-0.0067872;0;0;0;0;0;0;0;0;0;0;0;0;0;-0;-0;0;0;0;
4.012;1.03209;0.151573;-10.2817;0.00713386;-0.00301509;-0.00761241;2.33713;-17.8998;48.1992;2.02089;0.919899;0.328631;0;0;0;0;0;0;-2.33713;17.8998;-48.1992;-28.0898;310.757;116.683;
4.01302;1.04643;0.157765;-10.2702;0.00751839;-0.00297745;-0.00841918;2.071;-1.99991;9.92886;0.345178;0.72633;0.0743013;0;0;0;0;0;0;-2.071;1.99991;-9.92886;-5.5457;63.3182;13.9105;
4.01403;1.06326;0.163412;-10.259;0.0077952;-0.00285567;-0.0092322;0.261461;-0.184643;1.15196;-0.0728878;0.0183902;0.019491;0;0;0;0;0;0;-0.261461;0.184643;-1.15196;-0.525724;7.41004;1.30705;
4.01505;1.07947;0.168012;-10.2501;0.00783811;-0.0026838;-0.00987726;0;0;0;0;0;0;0;0;0;0;0;0;0;-0;-0;0;0;0;
4.01602;1.09272;0.172622;-10.2458;0.00761537;-0.00255555;-0.0104097;0;0;0;0;0;0;0;0;0;0;0;0;0;-0;-0;0;0;0;
4.01704;1.10391;0.176949;-10.2448;0.00717931;-0.00246523;-0.0108831;0.670788;-0.497016;2.98719;0.129539;-0.224813;-0.0664934;0;0;0;0;0;0;-0.670788;0.497016;-2.98719;-1.68365;19.4884;3.6206;
4.01806;1.11074;0.18021;-10.2473;0.0066377;-0.0024347;-0.011294;5.38282;10.0715;55.424;-1.74296;0.80946;-0.314227;0;0;0;0;0;0;-5.38282;-10.0715;-55.424;-25.1531;357.315;-62.1513;
4.01902;1.11219;0.18159;-10.2519;0.00613005;-0.00245767;-0.0116023;-5.51589;-1.30541;19.3476;0.0771754;-0.322229;0.0571663;0;0;0;0;0;0;5.51589;1.30541;-19.3476;-9.95063;126.081;5.61304;
4.02005;1.11062;0.181393;-10.2571;0.00572229;-0.00251107;-0.0118962;0;0;0;0;0;0;0;0;0;0;0;0;0;-0;-0;0;0;0;
4.02101;1.1066;0.17916;-10.2616;0.00551081;-0.00259365;-0.0120946;0;0;0;0;0;0;0;0;0;0;0;0;0;-0;-0;0;0;0;
4.02203;1.09945;0.174341;-10.2655;0.00548107;-0.00274899;-0.0122166;-3.27716;-1.40742;5.64046;0.241255;-0.392107;0.042332;0;0;0;0;0;0;3.27716;1.40742;-5.64046;-3.22287;37.2225;7.41534;
4.02305;1.09001;0.168056;-10.2687;0.0056074;-0.00298509;-0.0122263;-2.46135;-7.56444;49.9982;0.864328;0.0933833;-0.0073887;0;0;0;0;0;0;2.46135;7.56444;-49.9982;-26.8005;323.707;47.7197;
4.02401;1.07946;0.162155;-10.2723;0.00577623;-0.00338214;-0.0121209;0;0;0;0;0;0;0;0;0;0;0;0;0;-0;-0;0;0;0;
4.02503;1.06877;0.155971;-10.2747;0.00600386;-0.00388327;-0.0119349;0.795813;-0.22042;3.16472;0.139419;-0.238781;-0.0516898;0;0;0;0;0;0;-0.795813;0.22042;-3.16472;-1.75513;20.6387;1.87882;
4.02606;1.05854;0.148955;-10.2775;0.00622694;-0.00444858;-0.0116542;0;0;0;0;0;0;0;0;0;0;0;0;0;-0;-0;0;0;0;
4.02701;1.04918;0.14084;-10.2804;0.00637804;-0.00495374;-0.0112084;5.84803;-2.42269;23.8572;0.643623;1.56821;0.00518708;0;0;0;0;0;0;-5.84803;2.42269;-23.8572;-12.9001;152.231;18.6175;
4.02802;1.03951;0.129874;-10.2843;0.00647256;-0.00536531;-0.0106294;0;0;0;0;0;0;0;0;0;0;0;0;0;-0;-0;0;0;0;
4.02903;1.03112;0.119332;-10.2885;0.00648028;-0.00554259;-0.0101181;1.3446;-0.756967;5.68558;0.210373;0.41073;0.00493198;0;0;0;0;0;0;-1.3446;0.756967;-5.68558;-3.14935;36.2472;5.57068;
4.03004;1.02415;0.109115;-10.2936;0.00640798;-0.00552299;-0.00969894;-0.156625;-0.931716;2.37955;0.0679174;0.195451;0.0809996;0;0;0;0;0;0;0.156625;0.931716;-2.37955;-1.35974;15.2191;5.86955;
4.03104;1.01564;0.0987565;-10.3003;0.00625895;-0.00538145;-0.00931729;0;0;0;0;0;0;0;0;0;0;0;0;0;-0;-0;0;0;0;
4.03206;1.00373;0.0889548;-10.3082;0.00607367;-0.00517677;-0.00901675;-4.18315;-1.57021;7.00673;0.30096;-0.486283;0.0707023;0;0;0;0;0;0;4.18315;1.57021;-7.00673;-3.98691;46.2492;7.98421;
4.03302;0.991397;0.0809237;-10.3158;0.00590929;-0.00497631;-0.00885146;0;0;0;0;0;0;0;0;0;0;0;0;0;-0;-0;0;0;0;
4.03405;0.97727;0.0747169;-10.3224;0.0057958;-0.00480605;-0.00877671;0;0;0;0;0;0;0;0;0;0;0;0;0;-0;-0;0;0;0;
4.03502;0.962834;0.0710808;-10.3274;0.00573509;-0.00471893;-0.00880938;0;0;0;0;0;0;0;0;0;0;0;0;0;-0;-0;0;0;0;
4.03604;0.945703;0.0683468;-10.3317;0.00574308;-0.00471965;-0.00889544;0;0;0;0;0;0;0;0;0;0;0;0;0;-0;-0;0;0;0;
4.037;0.930168;0.0673276;-10.3337;0.00582302;-0.00477862;-0.00904343;0;0;0;0;0;0;0;0;0;0;0;0;0;-0;-0;0;0;0;
4.03802;0.914258;0.0667408;-10.3336;0.00600731;-0.00487196;-0.00927904;0;0;0;0;0;0;0;0;0;0;0;0;0;-0;-0;0;0;0;
4.03904;0.900789;0.0665083;-10.3315;0.006256;-0.00495878;-0.00955666;-0.675456;-7.60379;60.0871;0.350517;0.0889755;0.250158;0;0;0;0;0;0;0.675456;7.60379;-60.0871;-31.3709;388.82;48.6161;
4.04006;0.890078;0.0660399;-10.3279;0.00650971;-0.00494709;-0.00981836;0;0;0;0;0;0;0;0;0;0;0;0;0;-0;-0;0;0;0;
4.04101;0.882925;0.0641565;-10.3237;0.00673891;-0.00481962;-0.010014;-1.189;0.271732;25.1831;-0.0597137;0.0758896;0.00899807;0;0;0;0;0;0;1.189;-0.271732;-25.1831;-12.5937;163.011;-2.36617;
4.04202;0.878164;0.0618073;-10.3197;0.00690709;-0.0045259;-0.01022;0;0;0;0;0;0;0;0;0;0;0;0;0;-0;-0;0;0;0;
4.04302;0.877166;0.0588203;-10.3156;0.00699096;-0.00405606;-0.0104135;4.30369;-1.64144;17.7275;-0.450682;0.1384;0.0814075;0;0;0;0;0;0;-4.30369;1.64144;-17.7275;-8.64076;114.149;12.7079;
4.04402;0.880071;0.055862;-10.3116;0.00699229;-0.00342958;-0.0105644;0;0;0;0;0;0;0;0;0;0;0;0;0;-0;-0;0;0;0;
4.04501;0.884023;0.0538593;-10.3088;0.0068886;-0.00278894;-0.0106526;1.36881;-0.937812;5.99255;0.217152;0.434489;0.0183945;0;0;0;0;0;0;-1.36881;0.937812;-5.99255;-3.32888;38.2075;6.73971;
4.04601;0.886146;0.0535701;-10.3089;0.00664826;-0.00234015;-0.0105513;0;0;0;0;0;0;0;0;0;0;0;0;0;-0;-0;0;0;0;
4.04701;0.885619;0.0554061;-10.3117;0.00629512;-0.00216455;-0.0103126;0;0;0;0;0;0;0;0;0;0;0;0;0;-0;-0;0;0;0;
4.04801;0.88309;0.0593646;-10.3167;0.00587299;-0.00233825;-0.0100286;0;0;0;0;0;0;0;0;0;0;0;0;0;-0;-0;0;0;0;
4.04901;0.88064;0.0656589;-10.3224;0.00546434;-0.00275615;-0.00981654;0;0;0;0;0;0;0;0;0;0;0;0;0;-0;-0;0;0;0;
4.05002;0.879653;0.0716964;-10.3263;0.00519098;-0.00329812;-0.00967954;-0.166547;-4.03297;16.3533;-0.0575443;-0.192922;0.169561;0;0;0;0;0;0;0.166547;4.03297;-16.3533;-8.58226;106.037;25.8451;
4.05103;0.880666;0.0761509;-10.3281;0.00508114;-0.00386265;-0.00956158;0;0;0;0;0;0;0;0;0;0;0;0;0;-0;-0;0;0;0;
4.05204;0.883479;0.0777242;-10.3274;0.00511887;-0.00438875;-0.00942019;4.3615;4.9836;23.5486;-0.819745;0.219635;0.010996;0;0;0;0;0;0;-4.3615;-4.9836;-23.5486;-10.5371;151.732;-30.0651;
4.05305;0.8873;0.0769803;-10.3251;0.00526087;-0.00482754;-0.00928566;0;0;0;0;0;0;0;0;0;0;0;0;0;-0;-0;0;0;0;
4.05404;0.894674;0.0745548;-10.3199;0.00547639;-0.00507744;-0.00915894;-11.1704;-8.88635;33.8532;0.984782;-0.546793;0.202057;0;0;0;0;0;0;11.1704;8.88635;-33.8532;-18.9242;220.743;51.6794;
4.05504;0.904244;0.0711766;-10.3141;0.00569449;-0.00512368;-0.00907548;0.118852;7.14707;17.8153;-0.897825;0.374417;-0.144217;0;0;0;0;0;0;-0.118852;-7.14707;-17.8153;-7.35469;114.901;-46.0467;
4.05605;0.914565;0.0673358;-10.3088;0.00583474;-0.00495385;-0.00892208;0;0;0;0;0;0;0;0;0;0;0;0;0;-0;-0;0;0;0;
4.057;0.926505;0.0633241;-10.3036;0.00593421;-0.00457149;-0.00879083;0.353342;0.361598;1.7279;0.112264;-0.10453;-0.00108213;0;0;0;0;0;0;-0.353342;-0.361598;-1.7279;-0.945996;11.2508;-2.161;
4.05801;0.939204;0.0603629;-10.2994;0.00597667;-0.004026;-0.00867063;3.39565;-17.2277;48.6144;1.76488;0.75771;0.296583;0;0;0;0;0;0;-3.39565;17.2277;-48.6144;-27.9754;313.499;112.899;
4.05902;0.952155;0.0601258;-10.2966;0.00597735;-0.00344084;-0.00867718;-0.126375;-0.341067;0.760165;-0.0531247;0.0189906;-0.000311215;0;0;0;0;0;0;0.126375;0.341067;-0.760165;-0.363922;4.91296;2.14382;
4.06003;0.9649;0.0620868;-10.2945;0.0060153;-0.00292618;-0.00884906;-6.00766;-2.89364;27.5789;0.496566;-0.739969;-0.050557;0;0;0;0;0;0;6.00766;2.89364;-27.5789;-14.6745;179.815;15.7511;
4.06105;0.976774;0.0667591;-10.2931;0.00609652;-0.00252963;-0.0091875;-7.64281;3.14651;35.6901;-0.480656;-0.137833;-0.107352;0;0;0;0;0;0;7.64281;-3.14651;-35.6901;-17.1746;231.867;-24.1031;
4.06206;0.988592;0.0750506;-10.2922;0.00622298;-0.00233555;-0.00971264;0.850408;6.21717;21.682;-0.952264;0.311243;-0.0815;0;0;0;0;0;0;-0.850408;-6.21717;-21.682;-9.34074;139.913;-39.7234;
4.06304;0.999026;0.0843695;-10.2914;0.00637745;-0.00233617;-0.0102466;-1.16165;-1.1566;2.87224;0.0809346;0.267751;0.140552;0;0;0;0;0;0;1.16165;1.1566;-2.87224;-1.64345;18.4361;6.75923;
4.06406;1.01085;0.0958856;-10.2892;0.00657376;-0.00250088;-0.0107977;-0.234986;-0.29155;0.68262;0.0186891;0.0622896;0.0330377;0;0;0;0;0;0;0.234986;0.29155;-0.68262;-0.391714;4.37875;1.73534;
4.06504;1.02111;0.10635;-10.286;0.00678064;-0.00277201;-0.0111583;0;0;0;0;0;0;0;0;0;0;0;0;0;-0;-0;0;0;0;
4.06603;1.0312;0.116104;-10.2811;0.00699125;-0.00309702;-0.0113226;0;0;0;0;0;0;0;0;0;0;0;0;0;-0;-0;0;0;0;
4.06703;1.04001;0.123685;-10.275;0.00716417;-0.00339365;-0.0111864;8.63072;9.58632;51.9221;-2.21516;0.340441;0.0504076;0;0;0;0;0;0;-8.63072;-9.58632;-51.9221;-22.9665;334.795;-57.7403;
4.06802;1.04579;0.128242;-10.2689;0.00727473;-0.00358428;-0.0107683;0;0;0;0;0;0;0;0;0;0;0;0;0;-0;-0;0;0;0;
4.06904;1.05038;0.130573;-10.2628;0.00730056;-0.00359572;-0.0102126;0.11893;-1.86092;51.1662;0.156462;0.547086;0.0411857;0;0;0;0;0;0;-0.11893;1.86092;-51.1662;-26.1078;330.552;12.0612;
4.07005;1.0527;0.130552;-10.2587;0.00719802;-0.00343908;-0.00961359;-2.09627;-8.56641;22.189;1.12274;-0.428703;-0.0155669;0;0;0;0;0;0;2.09627;8.56641;-22.189;-13.1566;144.231;54.3957;
4.07106;1.05367;0.128189;-10.2561;0.00700802;-0.00311941;-0.00904144;0;0;0;0;0;0;0;0;0;0;0;0;0;-0;-0;0;0;0;
4.07205;1.05404;0.1231;-10.2548;0.00680545;-0.00268291;-0.00861115;0;0;0;0;0;0;0;0;0;0;0;0;0;-0;-0;0;0;0;
4.07302;1.05456;0.117087;-10.2543;0.00664644;-0.0022441;-0.00843386;3.12267;-2.19694;13.747;0.496666;0.997282;0.0465589;0;0;0;0;0;0;-3.12267;2.19694;-13.747;-7.63962;87.6497;15.7428;
4.07405;1.05426;0.108214;-10.2544;0.00655528;-0.00181259;-0.00834591;0;0;0;0;0;0;0;0;0;0;0;0;0;-0;-0;0;0;0;
4.07505;1.05256;0.0988307;-10.255;0.00656238;-0.00154237;-0.00839108;2.74435;0.289176;14.6818;-0.0424643;0.340065;0.00108178;0;0;0;0;0;0;-2.74435;-0.289176;-14.6818;-7.3214;94.3945;-0.490524;
4.07606;1.04953;0.0886771;-10.256;0.00665393;-0.0014569;-0.00843076;1.5843;3.45318;11.4322;-0.602126;0.205686;0.0213151;0;0;0;0;0;0;-1.5843;-3.45318;-11.4322;-4.80747;73.6161;-21.5701;
4.07701;1.04453;0.0784414;-10.2569;0.0068197;-0.00156009;-0.00833932;0;0;0;0;0;0;0;0;0;0;0;0;0;-0;-0;0;0;0;
4.07801;1.03606;0.0678555;-10.2584;0.00703505;-0.00187404;-0.00811172;0;0;0;0;0;0;0;0;0;0;0;0;0;-0;-0;0;0;0;
4.07901;1.02591;0.0574119;-10.2598;0.00728276;-0.00230022;-0.0077364;3.55002;3.87439;17.7749;-0.844962;0.364093;0.0893931;0;0;0;0;0;0;-3.55002;-3.87439;-17.7749;-7.71614;114.306;-23.3741;
4.08002;1.01382;0.0461393;-10.2604;0.00762666;-0.002802;-0.00728452;0.531738;0.133697;2.10669;-0.122485;0.0324044;0.0288593;0;0;0;0;0;0;-0.531738;-0.133697;-2.10669;-0.924889;13.5472;-0.626301;
4.08104;1.00233;0.0357775;-10.2607;0.00797064;-0.00322457;-0.0068789;-6.19996;-6.93441;16.6476;0.61504;-0.291218;0.117529;0;0;0;0;0;0;6.19996;6.93441;-16.6476;-9.69464;108.646;41.6351;
4.082;0.992768;0.0267874;-10.2608;0.00826044;-0.00347946;-0.00658576;0.0544955;-0.0415048;0.244259;0.0149759;-0.0148208;-0.00585957;0;0;0;0;0;0;-0.0544955;0.0415048;-0.244259;-0.142142;1.59002;0.30189;
4.08302;0.983927;0.0189423;-10.2623;0.0084693;-0.00354228;-0.00648028;0;0;0;0;0;0;0;0;0;0;0;0;0;-0;-0;0;0;0;
4.08403;0.97449;0.0126437;-10.2651;0.00860389;-0.00341502;-0.00663002;0;0;0;0;0;0;0;0;0;0;0;0;0;-0;-0;0;0;0;
4.08503;0.965264;0.00805439;-10.2696;0.00860385;-0.00313812;-0.00697459;0;0;0;0;0;0;0;0;0;0;0;0;0;-0;-0;0;0;0;
4.08605;0.955647;0.00443779;-10.2757;0.00853846;-0.00280766;-0.00755577;0;0;0;0;0;0;0;0;0;0;0;0;0;-0;-0;0;0;0;
4.087;0.945166;0.00298006;-10.2828;0.00839776;-0.00253011;-0.00821891;1.23951;7.43103;20.1467;-1.03025;0.398063;-0.0834386;0;0;0;0;0;0;-1.23951;-7.43103;-20.1467;-8.36774;129.852;-47.3807;
4.08801;0.934262;0.00243941;-10.2898;0.00827494;-0.00232759;-0.00907934;0;0;0;0;0;0;0;0;0;0;0;0;0;-0;-0;0;0;0;
4.08901;0.923665;0.00331664;-10.2963;0.0081614;-0.00223779;-0.00991478;0;0;0;0;0;0;0;0;0;0;0;0;0;-0;-0;0;0;0;
4.09003;0.913323;0.004828;-10.3017;0.00807124;-0.00229751;-0.0106452;0;0;0;0;0;0;0;0;0;0;0;0;0;-0;-0;0;0;0;
4.09104;0.903352;0.00696436;-10.3051;0.00804301;-0.00246282;-0.0112315;6.93531;1.16013;27.2136;-0.230973;1.17441;0.00376931;0;0;0;0;0;0;-6.93531;-1.16013;-27.2136;-13.3557;174.236;-4.01905;
4.092;0.894156;0.00919467;-10.3068;0.00804475;-0.00270822;-0.0115622;0;0;0;0;0;0;0;0;0;0;0;0;0;-0;-0;0;0;0;
4.09302;0.885489;0.0106873;-10.3063;0.00810705;-0.00301718;-0.0117068;0;0;0;0;0;0;0;0;0;0;0;0;0;-0;-0;0;0;0;
4.09404;0.876508;0.0109402;-10.3049;0.00814932;-0.00332133;-0.011622;0;0;0;0;0;0;0;0;0;0;0;0;0;-0;-0;0;0;0;
4.09506;0.868482;0.00977574;-10.3034;0.00813869;-0.00356024;-0.011346;0.069345;1.55235;5.76749;-0.308122;0.120505;-0.0287299;0;0;0;0;0;0;-0.069345;-1.55235;-5.76749;-2.44007;37.1956;-9.98202;
4.09601;0.8626;0.00776128;-10.3022;0.00804279;-0.00366406;-0.0109774;0;0;0;0;0;0;0;0;0;0;0;0;0;-0;-0;0;0;0;
4.09702;0.857795;0.00452518;-10.3017;0.00784077;-0.00363026;-0.0105034;0;0;0;0;0;0;0;0;0;0;0;0;0;-0;-0;0;0;0;
4.09802;0.854508;0.00150804;-10.3026;0.00751904;-0.00347678;-0.0100138;0;0;0;0;0;0;0;0;0;0;0;0;0;-0;-0;0;0;0;
4.09902;0.853348;-0.00147133;-10.3039;0.00713275;-0.00322655;-0.00955575;0;0;0;0;0;0;0;0;0;0;0;0;0;-0;-0;0;0;0;
4.10003;0.852989;-0.00332563;-10.3058;0.00674505;-0.0029317;-0.00925986;0;0;0;0;0;0;0;0;0;0;0;0;0;-0;-0;0;0;0;
4.10104;0.854976;-0.00366877;-10.3072;0.00640154;-0.00265738;-0.00912144;0;0;0;0;0;0;0;0;0;0;0;0;0;-0;-0;0;0;0;
4.102;0.85772;-0.00313127;-10.3077;0.0061773;-0.00246632;-0.0091484;-1.4902;-0.948798;2.89824;0.173291;-0.155233;0.0382831;0;0;0;0;0;0;1.4902;0.948798;-2.89824;-1.72802;19.0603;5.35128;
4.10302;0.861298;-0.00195734;-10.3072;0.00606846;-0.0023525;-0.00926656;0.178362;-0.0510835;0.710331;0.0442233;-0.0432918;-0.0142177;0;0;0;0;0;0;-0.178362;0.0510835;-0.710331;-0.407039;4.62213;0.434607;
4.10403;0.86548;-0.000382878;-10.3054;0.00611044;-0.00235027;-0.00946477;-3.49564;-1.73887;9.84827;0.176679;-0.258466;0.0555741;0;0;0;0;0;0;3.49564;1.73887;-9.84827;-5.31044;64.3407;9.43694;
4.10505;0.87081;0.00167409;-10.3023;0.00630462;-0.00243256;-0.00971117;0.776856;-0.494243;3.38974;-0.00601041;0.172485;0.0336123;0;0;0;0;0;0;-0.776856;0.494243;-3.38974;-1.75053;21.6854;3.55595;
4.106;0.875196;0.00313104;-10.2985;0.0065915;-0.00256515;-0.00991112;0;0;0;0;0;0;0;0;0;0;0;0;0;-0;-0;0;0;0;
4.10702;0.879837;0.00427975;-10.2938;0.00697254;-0.00274286;-0.0100786;1.61366;-2.6132;10.5042;0.51144;-0.0668041;-0.0340154;0;0;0;0;0;0;-1.61366;2.6132;-10.5042;-6.06336;67.8804;17.7573;
4.10804;0.883399;0.00489765;-10.2893;0.00735054;-0.00292372;-0.0100766;-12.0095;-0.126;64.2836;0.00464497;-0.154592;0.0137442;0;0;0;0;0;0;12.0095;0.126;-64.2836;-32.3869;417.359;-5.24565;
4.109;0.885016;0.00472536;-10.2864;0.00763283;-0.00305503;-0.00993649;0;0;0;0;0;0;0;0;0;0;0;0;0;-0;-0;0;0;0;
4.11003;0.886014;0.00460602;-10.2851;0.00780387;-0.0031044;-0.00968204;-8.70879;-7.86893;20.2337;1.19779;-1.10008;0.0877181;0;0;0;0;0;0;8.70879;7.86893;-20.2337;-12.177;132.913;46.4491;
4.11105;0.88656;0.00494788;-10.2861;0.00777805;-0.00304526;-0.00933467;4.99069;-1.2267;19.7808;0.118069;1.04927;0.0458494;0;0;0;0;0;0;-4.99069;1.2267;-19.7808;-10.2018;126.456;10.4055;
4.11201;0.887181;0.00548953;-10.2886;0.0076136;-0.0029074;-0.00896836;-6.7304;1.64416;29.2564;-0.198772;-0.252225;-0.0128284;0;0;0;0;0;0;6.7304;-1.64416;-29.2564;-14.3679;190.255;-14.0161;
4.11304;0.888782;0.00696521;-10.292;0.00734093;-0.00270016;-0.00859918;0;0;0;0;0;0;0;0;0;0;0;0;0;-0;-0;0;0;0;
4.11406;0.892909;0.00954337;-10.2949;0.00704487;-0.00249088;-0.00834785;0;0;0;0;0;0;0;0;0;0;0;0;0;-0;-0;0;0;0;
4.11501;0.89925;0.0122334;-10.2956;0.00683057;-0.002301;-0.00820467;0.312016;-0.357668;1.59256;0.0541609;0.117161;0.0157016;0;0;0;0;0;0;-0.312016;0.357668;-1.59256;-0.892025;10.1574;2.45598;
4.11601;0.90954;0.0169579;-10.2941;0.00669595;-0.00215668;-0.00830005;0;0;0;0;0;0;0;0;0;0;0;0;0;-0;-0;0;0;0;
4.11703;0.921385;0.022547;-10.2909;0.00667256;-0.00212033;-0.00851817;0;0;0;0;0;0;0;0;0;0;0;0;0;-0;-0;0;0;0;
4.11805;0.935487;0.0284203;-10.2852;0.00675135;-0.00216135;-0.00877633;0;0;0;0;0;0;0;0;0;0;0;0;0;-0;-0;0;0;0;
4.11901;0.946896;0.0339119;-10.2795;0.00690782;-0.00232484;-0.00898856;3.84648;8.32264;29.2791;-0.865797;0.568266;-0.161667;0;0;0;0;0;0;-3.84648;-8.32264;-29.2791;-13.0412;188.518;-51.7596;
4.12003;0.957528;0.0401977;-10.274;0.00708159;-0.00264184;-0.00909191;0;0;0;0;0;0;0;0;0;0;0;0;0;-0;-0;0;0;0;
4.12105;0.964225;0.0449329;-10.2698;0.00725865;-0.00303702;-0.0089935;0.401786;-0.289676;1.77824;0.0640665;0.129075;0.00655083;0;0;0;0;0;0;-0.401786;0.289676;-1.77824;-0.988594;11.338;2.07034;
4.12201;0.9677;0.0487401;-10.2671;0.0073975;-0.00340501;-0.00876274;-5.05011;-7.8638;19.4587;0.91987;-0.461665;0.11241;0;0;0;0;0;0;5.05011;7.8638;-19.4587;-11.5084;126.892;48.2335;
4.12302;0.970257;0.0523236;-10.2654;0.00748899;-0.0036546;-0.0084368;0;0;0;0;0;0;0;0;0;0;0;0;0;-0;-0;0;0;0;
4.12405;0.972272;0.0530137;-10.2643;0.00756998;-0.00368948;-0.00814839;0;0;0;0;0;0;0;0;0;0;0;0;0;-0;-0;0;0;0;
4.12501;0.976964;0.0513176;-10.2624;0.00764289;-0.00343974;-0.00793009;-4.35275;-3.51212;9.49417;0.541234;-0.408368;0.105249;0;0;0;0;0;0;4.35275;3.51212;-9.49417;-5.67489;62.2852;20.4309;
4.12603;0.98489;0.0472451;-10.2589;0.00772508;-0.00290086;-0.00786077;-4.25913;-2.87462;8.49045;0.506741;-0.455786;0.0998849;0;0;0;0;0;0;4.25913;2.87462;-8.49045;-5.07092;55.8279;16.3579;
4.12705;0.995592;0.0399981;-10.2537;0.00786938;-0.00214205;-0.00797692;-7.12274;-6.66507;25.072;1.06943;-1.796;-0.173627;0;0;0;0;0;0;7.12274;6.66507;-25.072;-14.364;164.76;39.7186;
4.12801;1.00676;0.0302428;-10.2467;0.00808913;-0.00131369;-0.00822477;0.981226;7.97777;21.0666;-1.07254;0.423486;-0.110415;0;0;0;0;0;0;-0.981226;-7.97777;-21.0666;-8.73376;135.806;-51.0219;
4.12903;1.01786;0.0180316;-10.2384;0.00838052;-0.000481387;-0.00855492;-11.1085;4.53536;38.0398;-0.352077;-0.68849;-0.101741;0;0;0;0;0;0;11.1085;-4.53536;-38.0398;-18.3469;247.971;-34.8415;
4.13006;1.02434;0.0057706;-10.2314;0.00863967;0.000127411;-0.00888536;0;0;0;0;0;0;0;0;0;0;0;0;0;-0;-0;0;0;0;
4.13103;1.0229;-0.0045824;-10.228;0.00880151;0.000357539;-0.00915345;-6.8501;-6.34898;16.1778;0.870312;-0.452443;0.180085;0;0;0;0;0;0;6.8501;6.34898;-16.1778;-9.65453;105.832;37.4566;
4.13205;1.01498;-0.0141259;-10.227;0.00888187;0.000274933;-0.00927897;1.08688;-0.523969;4.5022;0.196835;-0.339375;-0.0870148;0;0;0;0;0;0;-1.08688;0.523969;-4.5022;-2.51654;29.3652;4.02506;
4.13301;1.00161;-0.0208978;-10.2285;0.00887327;-5.49873e-05;-0.00934477;0;0;0;0;0;0;0;0;0;0;0;0;0;-0;-0;0;0;0;
4.13402;0.983787;-0.028258;-10.2307;0.00887714;-0.000478058;-0.00929718;-0.801257;-0.30301;1.53731;0.0663261;-0.107525;0.0133761;0;0;0;0;0;0;0.801257;0.30301;-1.53731;-0.870878;10.1364;1.54402;
4.13503;0.964828;-0.034957;-10.2327;0.00890048;-0.000841756;-0.00917407;0;0;0;0;0;0;0;0;0;0;0;0;0;-0;-0;0;0;0;
4.13605;0.946783;-0.0401741;-10.2347;0.00888567;-0.0010922;-0.00906372;0;0;0;0;0;0;0;0;0;0;0;0;0;-0;-0;0;0;0;
4.13701;0.931856;-0.0451429;-10.2364;0.00886274;-0.0011466;-0.00895671;0;0;0;0;0;0;0;0;0;0;0;0;0;-0;-0;0;0;0;
4.13803;0.919446;-0.0490847;-10.2385;0.00876609;-0.000994978;-0.00889233;0.902819;1.30636;5.12055;-0.246345;0.103618;0.0169441;0;0;0;0;0;0;-0.902819;-1.30636;-5.12055;-2.20081;32.9422;-8.01615;
4.13904;0.909804;-0.052855;-10.2406;0.00862189;-0.000691568;-0.0088292;1.05009;0.00872605;4.08641;0.169304;0.292464;-0.0441308;0;0;0;0;0;0;-1.05009;-0.00872605;-4.08641;-2.22612;26.0463;0.516431;
4.14005;0.903243;-0.0566196;-10.2426;0.00843787;-0.000293983;-0.00873298;-2.7167;-5.83127;14.5181;0.708674;-0.161718;0.104764;0;0;0;0;0;0;2.7167;5.83127;-14.5181;-8.60517;94.3857;36.2631;
4.14106;0.897915;-0.060895;-10.2448;0.00821952;9.027e-05;-0.00852222;-3.2115;-1.44901;6.31423;-0.218867;0.0678677;-0.0180404;0;0;0;0;0;0;3.2115;1.44901;-6.31423;-3.10624;41.116;7.77785;
4.14202;0.894651;-0.0649673;-10.2466;0.00801666;0.000344938;-0.00824591;0;0;0;0;0;0;0;0;0;0;0;0;0;-0;-0;0;0;0;
4.14303;0.890063;-0.0703916;-10.2489;0.00782539;0.000434304;-0.00779419;2.46672;11.3034;36.6247;-1.2656;0.603533;-0.221044;0;0;0;0;0;0;-2.46672;-11.3034;-36.6247;-16.0408;236.157;-71.6842;
4.14406;0.886437;-0.0748086;-10.2509;0.00770006;0.000307661;-0.00740999;0;0;0;0;0;0;0;0;0;0;0;0;0;-0;-0;0;0;0;
4.14502;0.883829;-0.0778897;-10.2529;0.00763919;-3.45942e-05;-0.00711354;0.762746;-0.019548;2.96871;0.186694;-0.181102;-0.0491594;0;0;0;0;0;0;-0.762746;0.019548;-2.96871;-1.68354;19.3158;0.559737;
4.14603;0.881499;-0.0800928;-10.2542;0.00768218;-0.000512429;-0.00692796;0;0;0;0;0;0;0;0;0;0;0;0;0;-0;-0;0;0;0;
4.14705;0.879896;-0.0816358;-10.2548;0.00783804;-0.00104232;-0.00689597;2.37835;9.32034;26.7463;-1.38023;0.511689;-0.0555757;0;0;0;0;0;0;-2.37835;-9.32034;-26.7463;-11.1512;172.332;-59.0613;
4.14805;0.879162;-0.0828598;-10.2546;0.00811408;-0.00157079;-0.00709279;0;0;0;0;0;0;0;0;0;0;0;0;0;-0;-0;0;0;0;
4.14906;0.880758;-0.0821471;-10.2541;0.00837742;-0.00199688;-0.00747137;0;0;0;0;0;0;0;0;0;0;0;0;0;-0;-0;0;0;0;
4.15;0.885392;-0.0813154;-10.2526;0.00865311;-0.00223637;-0.00808809;-1.64528;-1.93756;4.74337;0.247379;-0.117335;0.0502687;0;0;0;0;0;0;1.64528;1.93756;-4.74337;-2.83057;30.9783;11.6598;
4.15101;0.89354;-0.07996;-10.2512;0.0088781;-0.00226758;-0.00893484;-1.14814;-2.52382;6.28093;0.302218;-0.0504397;0.0512198;0;0;0;0;0;0;1.14814;2.52382;-6.28093;-3.71855;40.8114;15.703;
4.15203;0.905374;-0.0790356;-10.2493;0.00904499;-0.00206852;-0.00991394;-2.65708;-4.01486;10.4145;0.378142;0.0621636;0.0649202;0;0;0;0;0;0;2.65708;4.01486;-10.4145;-6.02573;67.5997;24.5784;
4.15304;0.918245;-0.0776512;-10.2479;0.00912509;-0.00168658;-0.0108703;0.303229;-0.159191;1.26951;-0.0793086;0.0199224;0.0214414;0;0;0;0;0;0;-0.303229;0.159191;-1.26951;-0.575944;8.16497;1.16141;
4.15401;0.926588;-0.0774214;-10.2478;0.00914155;-0.00125977;-0.0115523;-0.239505;-0.208501;0.631898;0.0377661;-0.0346696;0.0028747;0;0;0;0;0;0;0.239505;0.208501;-0.631898;-0.376907;4.14792;1.22579;
4.15503;0.933697;-0.0777797;-10.2472;0.00914804;-0.000759359;-0.0119997;1.43077;10.6155;28.7619;-1.31874;0.480601;-0.170206;0;0;0;0;0;0;-1.43077;-10.6155;-28.7619;-12.0975;185.502;-67.8049;
4.15605;0.937688;-0.0787496;-10.2458;0.00921338;-0.00027418;-0.0121496;0.234188;-0.00743204;0.911586;0.0405571;-0.0688153;-0.0109802;0;0;0;0;0;0;-0.234188;0.00743204;-0.911586;-0.500328;5.94441;0.176999;
4.15701;0.938525;-0.0794769;-10.2439;0.0093235;0.000114221;-0.0120459;-2.46391;-4.72518;13.2593;0.480265;-0.089276;0.113876;0;0;0;0;0;0;2.46391;4.72518;-13.2593;-7.63173;86.1414;29.2234;
4.15802;0.936906;-0.0785916;-10.2419;0.00944245;0.000346302;-0.0117368;0;0;0;0;0;0;0;0;0;0;0;0;0;-0;-0;0;0;0;
4.15903;0.931811;-0.0745045;-10.2408;0.00952241;0.000361024;-0.0113438;-7.16628;-4.54276;13.9127;0.831969;-0.74506;0.185262;0;0;0;0;0;0;7.16628;4.54276;-13.9127;-8.29414;91.4983;25.6036;
4.16005;0.923505;-0.0673045;-10.2424;0.00944921;6.04129e-05;-0.0108546;0;0;0;0;0;0;0;0;0;0;0;0;0;-0;-0;0;0;0;
4.161;0.914994;-0.0572876;-10.2454;0.00928319;-0.000429215;-0.0105684;0;0;0;0;0;0;0;0;0;0;0;0;0;-0;-0;0;0;0;
4.16201;0.905326;-0.0454773;-10.2498;0.00901249;-0.00102437;-0.010327;-2.15796;-0.898058;3.68858;0.161132;-0.253318;0.0325919;0;0;0;0;0;0;2.15796;0.898058;-3.68858;-2.10874;24.34;4.69236;
4.16303;0.896809;-0.0338312;-10.2539;0.0086967;-0.00155791;-0.0101737;-2.6142;-7.21795;19.887;0.872138;-0.183894;0.123055;0;0;0;0;0;0;2.6142;7.21795;-19.887;-11.6114;129.141;45.2699;
4.16404;0.886787;-0.0236602;-10.2553;0.00841801;-0.0018884;-0.010144;0;0;0;0;0;0;0;0;0;0;0;0;0;-0;-0;0;0;0;
4.16505;0.862885;-0.014692;-10.252;0.00814562;-0.00216686;-0.0100918;0.201829;0.1782;0.940977;-0.0519918;0.015292;0.00825569;0;0;0;0;0;0;-0.201829;-0.1782;-0.940977;-0.403926;6.05374;-1.05981;
4.166;0.809578;-0.00328227;-10.2392;0.00781874;-0.00273316;-0.0100659;0;0;0;0;0;0;0;0;0;0;0;0;0;-0;-0;0;0;0;
4.16703;0.713105;0.0145871;-10.2118;0.00732608;-0.00396292;-0.00992161;0.444214;-0.560725;2.36155;0.0793221;0.17434;0.0264744;0;0;0;0;0;0;-0.444214;0.560725;-2.36155;-1.32482;15.0633;3.82581;
4.16804;0.637865;0.0280697;-10.1856;0.00694384;-0.00508915;-0.009458;0;0;0;0;0;0;0;0;0;0;0;0;0;-0;-0;0;0;0;
4.16904;0.652618;0.0248212;-10.1851;0.00703868;-0.00473382;-0.00850851;0;0;0;0;0;0;0;0;0;0;0;0;0;-0;-0;0;0;0;
4.17003;0.709599;0.0117154;-10.1994;0.00752579;-0.00347412;-0.00724134;0.20536;-0.743641;3.39431;0.145911;-0.251487;-0.0639248;0;0;0;0;0;0;-0.20536;0.743641;-3.39431;-1.92982;22.1963;4.97963;
4.17105;0.750003;0.000149624;-10.2071;0.0080671;-0.00261487;-0.00567442;2.51199;-1.67375;10.9359;0.397536;0.79244;0.0299689;0;0;0;0;0;0;-2.51199;1.67375;-10.9359;-6.07246;69.7245;12.0662;
4.17205;0.785091;-0.0161286;-10.214;0.00863737;-0.00185529;-0.00423928;0.547052;3.99554;10.638;-0.542352;0.212667;-0.0519857;0;0;0;0;0;0;-0.547052;-3.99554;-10.638;-4.41287;68.5737;-25.5288;
4.17305;0.785066;-0.0200721;-10.2121;0.0092729;-0.00167089;-0.00231437;1.69727;-1.40245;7.76731;0.182247;0.512565;0.053612;0;0;0;0;0;0;-1.69727;1.40245;-7.76731;-4.23437;49.5813;9.87668;
4.17404;0.775361;-0.0156802;-10.2041;0.00989601;-0.00207749;1.87383e-05;0.893577;5.6187;15.1607;-0.774663;0.300477;-0.0657006;0;0;0;0;0;0;-0.893577;-5.6187;-15.1607;-6.29486;97.7189;-35.8445;
4.175;0.763062;-0.0103761;-10.1949;0.0104644;-0.00277425;0.0022421;0;0;0;0;0;0;0;0;0;0;0;0;0;-0;-0;0;0;0;
4.17604;0.717844;0.00473074;-10.1796;0.0107037;-0.00399643;0.0041608;0;0;0;0;0;0;0;0;0;0;0;0;0;-0;-0;0;0;0;
4.17704;0.663418;0.0103625;-10.1628;0.010342;-0.00535574;0.00423284;0;0;0;0;0;0;0;0;0;0;0;0;0;-0;-0;0;0;0;
4.17804;0.561488;0.0188677;-10.1345;0.00917921;-0.00725791;0.0025011;0;0;0;0;0;0;0;0;0;0;0;0;0;-0;-0;0;0;0;
4.17903;0.453663;0.0250562;-10.1034;0.00756188;-0.00913879;-0.000522285;0;0;0;0;0;0;0;0;0;0;0;0;0;-0;-0;0;0;0;
4.18005;0.454687;0.0244309;-10.1068;0.00703035;-0.00917631;-0.00217844;0;0;0;0;0;0;0;0;0;0;0;0;0;-0;-0;0;0;0;
4.18102;0.520785;0.0284182;-10.1284;0.00754594;-0.00811674;-0.00190898;0.22317;-0.023876;0.871323;0.0386462;-0.0657719;-0.0117006;0;0;0;0;0;0;-0.22317;0.023876;-0.871323;-0.479797;5.68192;0.278585;
4.18201;0.579504;0.0370922;-10.1555;0.00849152;-0.00666139;-0.00131746;0;0;0;0;0;0;0;0;0;0;0;0;0;-0;-0;0;0;0;
4.18305;0.589194;0.0439109;-10.1655;0.00879719;-0.00593433;-0.00216308;0;0;0;0;0;0;0;0;0;0;0;0;0;-0;-0;0;0;0;
4.18403;0.5597;0.0586351;-10.1612;0.00879459;-0.00605997;-0.00287192;0;0;0;0;0;0;0;0;0;0;0;0;0;-0;-0;0;0;0;
4.18503;0.525032;0.0698803;-10.1562;0.00868928;-0.00637603;-0.00363749;0;0;0;0;0;0;0;0;0;0;0;0;0;-0;-0;0;0;0;
4.18603;0.508524;0.0776729;-10.1586;0.00880734;-0.00663082;-0.00381068;0;0;0;0;0;0;0;0;0;0;0;0;0;-0;-0;0;0;0;
4.18705;0.525699;0.0741706;-10.1758;0.00944288;-0.00635402;-0.00332972;-11.0715;5.73309;57.743;-0.703819;-0.292864;-0.0937278;0;0;0;0;0;0;11.0715;-5.73309;-57.743;-27.7964;375.076;-42.5816;
4.18806;0.550534;0.0551368;-10.1981;0.0100966;-0.00593123;-0.00324118;0;0;0;0;0;0;0;0;0;0;0;0;0;-0;-0;0;0;0;
4.18901;0.576183;0.0316839;-10.2149;0.0104191;-0.00568524;-0.00330915;1.81986;4.77894;14.9587;-0.781886;0.274951;0.00728342;0;0;0;0;0;0;-1.81986;-4.77894;-14.9587;-6.27033;96.3441;-30.0167;
4.19002;0.59409;0.00271726;-10.2266;0.0104864;-0.00561837;-0.00370874;0;0;0;0;0;0;0;0;0;0;0;0;0;-0;-0;0;0;0;
4.19102;0.608399;-0.0238284;-10.2345;0.0104012;-0.00550112;-0.00387219;0.620798;4.12573;11.0744;-0.565377;0.220216;-0.0503473;0;0;0;0;0;0;-0.620798;-4.12573;-11.0744;-4.59655;71.383;-26.3358;
4.19202;0.614804;-0.043814;-10.2376;0.0102303;-0.00538209;-0.00377354;0;0;0;0;0;0;0;0;0;0;0;0;0;-0;-0;0;0;0;
4.19303;0.608817;-0.0616111;-10.2395;0.0100446;-0.00524715;-0.00366921;0.413333;-0.0842698;1.62769;0.101651;-0.0992459;-0.0309513;0;0;0;0;0;0;-0.413333;0.0842698;-1.62769;-0.929737;10.5909;0.784417;
4.19404;0.603898;-0.0782666;-10.2389;0.00990702;-0.00506655;-0.00346889;0.272292;-0.00275101;1.05963;0.0471856;-0.0799919;-0.0123329;0;0;0;0;0;0;-0.272292;0.00275101;-1.05963;-0.581035;6.90977;0.167247;
4.19503;0.598527;-0.0912087;-10.2374;0.00977931;-0.00468278;-0.00352797;0;0;0;0;0;0;0;0;0;0;0;0;0;-0;-0;0;0;0;
4.19601;0.595925;-0.100618;-10.2373;0.00971468;-0.00399719;-0.00394884;0;0;0;0;0;0;0;0;0;0;0;0;0;-0;-0;0;0;0;
4.197;0.595422;-0.106129;-10.2368;0.00973264;-0.00320066;-0.00454589;0.132542;-1.71901;4.42256;0.261814;-0.260102;-0.108946;0;0;0;0;0;0;-0.132542;1.71901;-4.42256;-2.66152;28.8664;11.2998;
4.19805;0.604049;-0.108906;-10.2347;0.00989248;-0.00240675;-0.00504076;-6.50843;-5.69022;14.8244;0.87829;-0.804765;0.0766978;0;0;0;0;0;0;6.50843;5.69022;-14.8244;-8.91485;97.3913;33.4689;
4.19905;0.622784;-0.116067;-10.2324;0.010133;-0.0017673;-0.00543642;0;0;0;0;0;0;0;0;0;0;0;0;0;-0;-0;0;0;0;
4.20001;0.648481;-0.124309;-10.2319;0.0102919;-0.00131995;-0.00584119;0;0;0;0;0;0;0;0;0;0;0;0;0;-0;-0;0;0;0;
4.20101;0.66502;-0.130794;-10.2337;0.0103708;-0.00113903;-0.00628913;0;0;0;0;0;0;0;0;0;0;0;0;0;-0;-0;0;0;0;
4.20205;0.667255;-0.135871;-10.2383;0.0103732;-0.00118957;-0.0066605;-8.39182;5.83585;62.9459;-0.62492;-0.145023;-0.081817;0;0;0;0;0;0;8.39182;-5.83585;-62.9459;-30.485;408.328;-41.9092;
4.20305;0.646476;-0.134578;-10.2455;0.0101368;-0.00136274;-0.0072804;-4.05452;4.46421;21.2047;-0.485904;-0.112236;-0.0783629;0;0;0;0;0;0;4.05452;-4.46421;-21.2047;-9.74312;137.741;-30.8524;
4.20405;0.606698;-0.127597;-10.2547;0.00975424;-0.00160324;-0.00773882;0.615321;-0.275363;2.52829;0.0955606;0.182076;-0.00342667;0;0;0;0;0;0;-0.615321;0.275363;-2.52829;-1.39635;16.1173;2.09522;
4.20501;0.569356;-0.116892;-10.2673;0.00932216;-0.00152171;-0.00797209;-3.48584;-2.58812;7.26525;0.432374;-0.391551;0.0679681;0;0;0;0;0;0;3.48584;2.58812;-7.26525;-4.35084;47.7572;14.9252;
4.20603;0.552391;-0.0991398;-10.2859;0.00887623;-0.000793518;-0.00735805;3.59089;-4.34837;18.8436;0.735731;0.873249;0.0901018;0;0;0;0;0;0;-3.59089;4.34837;-18.8436;-10.6613;120.708;29.8575;
4.20704;0.555159;-0.0807613;-10.3074;0.00849683;0.000432072;-0.00607874;0.414852;0.0583304;1.62358;-0.0954213;0.0248591;0.0234886;0;0;0;0;0;0;-0.414852;-0.0583304;-1.62358;-0.716269;10.4401;-0.192062;
4.20806;0.580633;-0.0678444;-10.3269;0.00820601;0.00183305;-0.00461532;0.285114;-0.150223;1.19425;0.0444785;0.0861855;0.000222428;0;0;0;0;0;0;-0.285114;0.150223;-1.19425;-0.660937;7.61349;1.11548;
4.20901;0.605202;-0.0599199;-10.3381;0.00804875;0.00289045;-0.00346121;11.2932;13.9013;59.3873;-1.6994;1.83711;-0.1076;0;0;0;0;0;0;-11.2932;-13.9013;-59.3873;-26.8081;381.339;-84.165;
4.21002;0.62666;-0.0643258;-10.3305;0.00815657;0.0027458;-0.00325905;0;0;0;0;0;0;0;0;0;0;0;0;0;-0;-0;0;0;0;
4.21104;0.630977;-0.069769;-10.3104;0.00844176;0.00186925;-0.00356348;0;0;0;0;0;0;0;0;0;0;0;0;0;-0;-0;0;0;0;
4.212;0.616337;-0.0711758;-10.2845;0.00878855;0.000566276;-0.00398002;0;0;0;0;0;0;0;0;0;0;0;0;0;-0;-0;0;0;0;
4.21302;0.580289;-0.0624288;-10.2531;0.00912066;-0.000858443;-0.00427728;-3.87245;-2.65729;8.32695;0.352013;-0.585751;-0.0232207;0;0;0;0;0;0;3.87245;2.65729;-8.32695;-4.81204;54.8607;15.2693;
4.21403;0.527187;-0.0412408;-10.2217;0.00941077;-0.00230838;-0.00420468;2.92518;7.59287;23.842;-1.24676;0.437658;0.0135856;0;0;0;0;0;0;-2.92518;-7.59287;-23.842;-9.99588;153.556;-47.6761;
4.21505;0.4894;-0.0172795;-10.1971;0.0098028;-0.00347798;-0.00353402;1.16583;0.251165;4.59724;-0.268217;0.070595;0.064161;0;0;0;0;0;0;-1.16583;-0.251165;-4.59724;-2.02148;29.5622;-1.10247;
4.216;0.478734;-0.00105967;-10.1841;0.0102786;-0.00413155;-0.00262272;0;0;0;0;0;0;0;0;0;0;0;0;0;-0;-0;0;0;0;
4.217;0.497893;0.00673911;-10.1888;0.0106563;-0.00400016;-0.00172169;0.966218;-2.19758;7.17538;0.224848;0.542264;0.1358;0;0;0;0;0;0;-0.966218;2.19758;-7.17538;-4.05882;45.7944;14.5718;
4.21801;0.525039;0.0120889;-10.2025;0.0107184;-0.00352399;-0.00146166;0;0;0;0;0;0;0;0;0;0;0;0;0;-0;-0;0;0;0;
4.21902;0.545251;0.0203371;-10.2185;0.0103292;-0.00293574;-0.00196402;9.5954;6.93216;42.5624;-1.0143;1.43291;-0.00990171;0;0;0;0;0;0;-9.5954;-6.93216;-42.5624;-19.7214;273.035;-40.0182;
4.22003;0.57021;0.0288083;-10.2361;0.00984338;-0.00230728;-0.00255953;-7.55829;-12.4119;35.5075;1.32831;-0.388796;0.142194;0;0;0;0;0;0;7.55829;12.4119;-35.5075;-20.4553;230.927;76.3727;
4.22104;0.598213;0.0372657;-10.252;0.00937201;-0.00186217;-0.00301482;-0.002767;-0.00519667;0.0115907;0.000679487;-0.000651629;-0.000129946;0;0;0;0;0;0;0.002767;0.00519667;-0.0115907;-0.00703813;0.075936;0.0323656;
4.22206;0.621644;0.0432575;-10.2654;0.00890283;-0.00154759;-0.00360003;0.593831;-0.0729174;2.32092;-0.13999;0.0355168;0.0369337;0;0;0;0;0;0;-0.593831;0.0729174;-2.32092;-1.03603;14.9241;0.733957;
4.22301;0.634357;0.0459409;-10.2759;0.00861426;-0.00140766;-0.0040445;-0.906968;-10.1192;25.8937;1.14541;0.211016;0.180169;0;0;0;0;0;0;0.906968;10.1192;-25.8937;-15.201;167.445;64.847;
4.224;0.639304;0.0468235;-10.2853;0.00846489;-0.00138767;-0.00447162;0;0;0;0;0;0;0;0;0;0;0;0;0;-0;-0;0;0;0;
4.22506;0.625846;0.0498497;-10.2901;0.00841695;-0.00164068;-0.00484137;2.04057;16.5879;65.3882;-2.18385;0.466791;-0.191547;0;0;0;0;0;0;-2.04057;-16.5879;-65.3882;-29.0755;422.472;-106.125;
4.22605;0.59292;0.0579168;-10.2907;0.00850601;-0.00211016;-0.00474104;1.87968;4.10507;20.1444;-0.171255;-0.424088;-0.265081;0;0;0;0;0;0;-1.87968;-4.10507;-20.1444;-9.55995;130.595;-25.3534;
4.22701;0.553948;0.0684368;-10.2875;0.00876086;-0.00268969;-0.00408372;1.3779;-1.81756;7.73701;0.315204;-0.19194;-0.144445;0;0;0;0;0;0;-1.3779;1.81756;-7.73701;-4.3938;50.1217;12.6002;
4.22806;0.50548;0.0818169;-10.2793;0.00905487;-0.00340541;-0.00287868;-3.43884;-2.64615;7.29787;0.433867;-0.393914;0.0616134;0;0;0;0;0;0;3.43884;2.64615;-7.29787;-4.3746;47.9659;15.3307;
4.22901;0.452211;0.0984657;-10.2661;0.00924393;-0.00410518;-0.00151801;0.355453;-1.49088;21.1244;-0.129596;-0.314179;0.0212317;0;0;0;0;0;0;-0.355453;1.49088;-21.1244;-10.6574;136.98;9.80565;
4.23003;0.400723;0.115064;-10.2495;0.00945658;-0.0047932;0.000382337;0;0;0;0;0;0;0;0;0;0;0;0;0;-0;-0;0;0;0;
4.23105;0.359953;0.124708;-10.2338;0.0096264;-0.00527124;0.0023928;0;0;0;0;0;0;0;0;0;0;0;0;0;-0;-0;0;0;0;
4.23201;0.335208;0.124272;-10.2212;0.00975033;-0.0055461;0.0042143;0;0;0;0;0;0;0;0;0;0;0;0;0;-0;-0;0;0;0;
4.23301;0.329127;0.107137;-10.2146;0.00991174;-0.00556277;0.00582908;0;0;0;0;0;0;0;0;0;0;0;0;0;-0;-0;0;0;0;
4.23405;0.322201;0.0811727;-10.2131;0.0100122;-0.00539079;0.00686228;0;0;0;0;0;0;0;0;0;0;0;0;0;-0;-0;0;0;0;
4.23504;0.306367;0.0587036;-10.2116;0.00997129;-0.00528086;0.00721914;-7.45842;-2.15944;62.4674;-0.365261;-0.763397;-0.0182287;0;0;0;0;0;0;7.45842;2.15944;-62.4674;-31.3072;405.756;10.2368;
4.23605;0.292871;0.040246;-10.2119;0.00992521;-0.00505774;0.00724783;0;0;0;0;0;0;0;0;0;0;0;0;0;-0;-0;0;0;0;
4.237;0.287548;0.0304677;-10.2104;0.00995165;-0.0048892;0.00729518;0;0;0;0;0;0;0;0;0;0;0;0;0;-0;-0;0;0;0;
4.23803;0.29021;0.0276749;-10.2055;0.0100484;-0.00482116;0.00742374;-3.58875;-6.31496;16.1028;0.952738;-0.907781;-0.143669;0;0;0;0;0;0;3.58875;6.31496;-16.1028;-9.69585;105.474;39.2023;
4.23903;0.300059;0.0319699;-10.1986;0.0102253;-0.00483208;0.00770179;2.21981;7.33817;24.5782;-0.923393;0.148765;-0.148634;0;0;0;0;0;0;-2.21981;-7.33817;-24.5782;-10.7156;158.68;-46.2208;
4.24002;0.309588;0.041097;-10.1894;0.0104318;-0.00498314;0.00781253;-11.0624;1.43427;41.1488;-0.18476;-0.399429;-0.0342418;0;0;0;0;0;0;11.0624;-1.43427;-41.1488;-20.3916;267.796;-14.8178;
4.24102;0.311673;0.0518608;-10.1795;0.0105505;-0.00524923;0.00746485;2.66209;-0.42689;10.4662;-0.160906;0.424383;0.0496088;0;0;0;0;0;0;-2.66209;0.42689;-10.4662;-5.15226;67.0378;4.0534;
4.24202;0.307239;0.0609714;-10.1701;0.0105544;-0.00558798;0.00663577;1.80134;-2.01257;9.1012;0.553504;-0.550019;-0.231178;0;0;0;0;0;0;-1.80134;2.01257;-9.1012;-5.33864;59.2652;14.1621;
4.24303;0.299397;0.066774;-10.1642;0.0104372;-0.00586229;0.00548857;0;0;0;0;0;0;0;0;0;0;0;0;0;-0;-0;0;0;0;
4.24404;0.294786;0.069283;-10.1627;0.0102953;-0.0059581;0.00440271;-1.75668;-2.54004;21.9167;0.426244;-0.65102;-0.135761;0;0;0;0;0;0;1.75668;2.54004;-21.9167;-11.7176;142.656;15.6884;
4.24505;0.298866;0.0690239;-10.1682;0.0101313;-0.00569809;0.00351084;1.48647;-0.808003;6.2533;0.232197;0.451482;0.00314131;0;0;0;0;0;0;-1.48647;0.808003;-6.2533;-3.46224;39.8659;5.97417;
4.24603;0.314254;0.0643646;-10.1797;0.0100264;-0.0050673;0.00293886;0;0;0;0;0;0;0;0;0;0;0;0;0;-0;-0;0;0;0;
4.24702;0.33722;0.0586415;-10.1948;0.00990249;-0.00408339;0.00252963;0;0;0;0;0;0;0;0;0;0;0;0;0;-0;-0;0;0;0;
4.24802;0.358738;0.052116;-10.2081;0.00972365;-0.00304111;0.00223605;-0.550602;-0.886261;2.53425;0.150979;-0.143001;-0.0172073;0;0;0;0;0;0;0.550602;0.886261;-2.53425;-1.51615;16.5981;5.47517;
4.24903;0.379939;0.042387;-10.2194;0.00954125;-0.00201195;0.002065;0;0;0;0;0;0;0;0;0;0;0;0;0;-0;-0;0;0;0;
4.25004;0.398273;0.0296616;-10.2253;0.00934005;-0.00124652;0.00184582;-4.89326;1.5969;46.1732;-0.183236;0.109301;-0.0366734;0;0;0;0;0;0;4.89326;-1.5969;-46.1732;-22.9069;299.181;-12.7613;
4.251;0.41973;0.014484;-10.2283;0.00931959;-0.000669464;0.00186267;0;0;0;0;0;0;0;0;0;0;0;0;0;-0;-0;0;0;0;
4.25202;0.437814;-0.00411342;-10.2292;0.00944529;-0.000296165;0.00174597;0;0;0;0;0;0;0;0;0;0;0;0;0;-0;-0;0;0;0;
4.25304;0.445036;-0.0212771;-10.2275;0.00967024;-0.000218624;0.00119648;0;0;0;0;0;0;0;0;0;0;0;0;0;-0;-0;0;0;0;
4.25406;0.440346;-0.0329819;-10.2263;0.010002;-0.000337151;0.000381343;0.522953;-0.643785;2.7498;0.0926626;0.202813;0.0298602;0;0;0;0;0;0;-0.522953;0.643785;-2.7498;-1.54202;17.5393;4.39957;
4.25501;0.424602;-0.0383654;-10.2272;0.0103466;-0.000611375;-0.000786071;0.832779;7.11455;18.7221;-0.9526;0.377266;-0.100992;0;0;0;0;0;0;-0.832779;-7.11455;-18.7221;-7.76005;120.694;-45.5197;
4.25602;0.401927;-0.0363416;-10.231;0.010768;-0.000907575;-0.00212585;0;0;0;0;0;0;0;0;0;0;0;0;0;-0;-0;0;0;0;
4.25701;0.385693;-0.029911;-10.2361;0.0111105;-0.0012035;-0.0032236;1.90637;4.27407;14.0197;-0.737497;0.253096;0.023124;0;0;0;0;0;0;-1.90637;-4.27407;-14.0197;-5.89267;90.2803;-26.7218;
4.25801;0.384392;-0.0249519;-10.2425;0.0113278;-0.00143484;-0.0038817;0;0;0;0;0;0;0;0;0;0;0;0;0;-0;-0;0;0;0;
4.25903;0.396093;-0.025005;-10.2476;0.0112348;-0.00164068;-0.00408953;2.28211;-1.92256;10.5332;0.400262;0.615613;0.0365271;0;0;0;0;0;0;-2.28211;1.92256;-10.5332;-5.89747;67.3183;13.554;
4.26004;0.407844;-0.02673;-10.2518;0.0108061;-0.00185027;-0.00448319;1.15366;0.559352;4.7874;-0.0730661;0.185049;-0.00503451;0;0;0;0;0;0;-1.15366;-0.559352;-4.7874;-2.28143;30.6795;-3.03375;
4.26106;0.415865;-0.0309892;-10.2563;0.0102214;-0.00197951;-0.00512746;0;0;0;0;0;0;0;0;0;0;0;0;0;-0;-0;0;0;0;
4.26201;0.414954;-0.0343469;-10.2607;0.00961626;-0.00208201;-0.00605496;-2.38709;-1.11606;4.19373;0.178868;-0.291892;0.0241325;0;0;0;0;0;0;2.38709;1.11606;-4.19373;-2.40277;27.6705;5.99616;
4.26303;0.414066;-0.0366683;-10.2656;0.00904031;-0.00215132;-0.00708713;-0.607453;2.72055;39.283;-0.780598;0.00320501;0.113821;0;0;0;0;0;0;0.607453;-2.72055;-39.283;-18.7271;254.268;-18.0251;
4.26405;0.41918;-0.0389041;-10.2701;0.00866599;-0.00221055;-0.00767136;0;0;0;0;0;0;0;0;0;0;0;0;0;-0;-0;0;0;0;
4.26501;0.432651;-0.0406839;-10.2738;0.00857187;-0.0022482;-0.00772215;0;0;0;0;0;0;0;0;0;0;0;0;0;-0;-0;0;0;0;
4.26603;0.455052;-0.0450356;-10.2783;0.0087839;-0.00223043;-0.00736323;0;0;0;0;0;0;0;0;0;0;0;0;0;-0;-0;0;0;0;
4.26704;0.480364;-0.0492787;-10.2824;0.00926078;-0.00218375;-0.00682658;0.442819;-0.748604;2.89381;0.127168;0.0465157;0.00906977;0;0;0;0;0;0;-0.442819;0.748604;-2.89381;-1.65957;18.6356;5.05832;
4.26806;0.500635;-0.0523427;-10.2855;0.00984;-0.00216129;-0.00632894;0;0;0;0;0;0;0;0;0;0;0;0;0;-0;-0;0;0;0;
4.26901;0.511846;-0.0544737;-10.2879;0.0104239;-0.00210504;-0.0060652;-9.8754;-5.17558;19.6507;0.547535;-0.82757;0.128903;0;0;0;0;0;0;9.8754;5.17558;-19.6507;-10.9627;128.984;28.3908;
4.27;0.510776;-0.0531606;-10.2909;0.0109898;-0.00202628;-0.00606916;0;0;0;0;0;0;0;0;0;0;0;0;0;-0;-0;0;0;0;
4.27105;0.495572;-0.0499335;-10.2935;0.011492;-0.00183283;-0.00646892;0;0;0;0;0;0;0;0;0;0;0;0;0;-0;-0;0;0;0;
4.27204;0.470434;-0.0437931;-10.2958;0.0118693;-0.00156691;-0.00718517;0.562679;-0.334625;2.3999;0.0883117;0.173528;0.00348996;0;0;0;0;0;0;-0.562679;0.334625;-2.3999;-1.33041;15.3003;2.44529;
4.27305;0.435059;-0.0339794;-10.2979;0.0121054;-0.00125391;-0.00823508;1.01159;-0.518686;4.22205;0.184386;-0.318202;-0.0832701;0;0;0;0;0;0;-1.01159;0.518686;-4.22205;-2.36253;27.5385;3.94921;
4.27406;0.393543;-0.0215149;-10.2984;0.0121588;-0.00099511;-0.0093812;0;0;0;0;0;0;0;0;0;0;0;0;0;-0;-0;0;0;0;
4.27501;0.357263;-0.00961515;-10.2956;0.0120113;-0.000904654;-0.0101936;0;0;0;0;0;0;0;0;0;0;0;0;0;-0;-0;0;0;0;
4.27602;0.319197;0.00238264;-10.2895;0.0116619;-0.000964155;-0.0108719;-4.61693;-4.50287;11.2601;0.665366;-0.614442;0.0271039;0;0;0;0;0;0;4.61693;4.50287;-11.2601;-6.78786;73.9451;26.7872;
4.27703;0.278917;0.0140986;-10.2823;0.0111477;-0.00110554;-0.0115809;0;0;0;0;0;0;0;0;0;0;0;0;0;-0;-0;0;0;0;
4.27805;0.232998;0.0239651;-10.2764;0.0106039;-0.00120924;-0.0124659;0.609114;-0.382546;2.62243;0.0959484;0.189805;0.00540169;0;0;0;0;0;0;-0.609114;0.382546;-2.62243;-1.45492;16.7194;2.77687;
4.27906;0.189724;0.0321095;-10.2718;0.0101147;-0.0012968;-0.0131895;0;0;0;0;0;0;0;0;0;0;0;0;0;-0;-0;0;0;0;
4.28;0.15688;0.0380837;-10.2684;0.00976656;-0.00143625;-0.0131129;-0.0430831;-0.0769529;1.61698;0.0714846;-0.118799;-0.00374903;0;0;0;0;0;0;0.0430831;0.0769529;-1.61698;-0.893454;10.587;0.480036;
4.28101;0.136928;0.0426271;-10.2645;0.00955628;-0.00155985;-0.0119666;5.49116;4.63932;25.2846;-0.947236;0.659318;0.0843036;0;0;0;0;0;0;-5.49116;-4.63932;-25.2846;-11.3187;162.412;-27.3414;
4.28201;0.129338;0.0441943;-10.2602;0.00953513;-0.0017726;-0.00982786;0;0;0;0;0;0;0;0;0;0;0;0;0;-0;-0;0;0;0;
4.28303;0.126386;0.0446528;-10.2559;0.00955786;-0.00200169;-0.00747349;-10.2204;-7.91086;21.7557;1.29316;-1.17461;0.180388;0;0;0;0;0;0;10.2204;7.91086;-21.7557;-13.0432;142.988;45.8662;
4.28404;0.121631;0.0448957;-10.2514;0.00948641;-0.00217339;-0.0053196;1.2571;-0.649366;5.25178;0.195971;0.378887;-6.08238e-05;0;0;0;0;0;0;-1.2571;0.649366;-5.25178;-2.90577;33.4803;4.83528;
4.28506;0.111729;0.046318;-10.2469;0.00932462;-0.00240797;-0.00366134;5.18014;4.24274;34.7163;-0.208841;-0.894174;-0.405566;0;0;0;0;0;0;-5.18014;-4.24274;-34.7163;-16.8463;225.031;-24.4417;
4.28602;0.0963529;0.0473502;-10.2442;0.00913599;-0.00256331;-0.00255623;0;0;0;0;0;0;0;0;0;0;0;0;0;-0;-0;0;0;0;
4.28704;0.0731412;0.0480264;-10.2421;0.00888827;-0.00267876;-0.00202947;0.143135;-0.0424637;0.570976;0.0251327;-0.0430785;-0.00950418;0;0;0;0;0;0;-0.143135;0.0424637;-0.570976;-0.316916;3.72362;0.356374;
4.288;0.0472524;0.0492142;-10.2404;0.00862531;-0.00273573;-0.0021179;0;0;0;0;0;0;0;0;0;0;0;0;0;-0;-0;0;0;0;
4.28902;0.023455;0.0480476;-10.2379;0.00843298;-0.00267614;-0.00238523;0;0;0;0;0;0;0;0;0;0;0;0;0;-0;-0;0;0;0;
4.29004;0.00721871;0.0447792;-10.2347;0.00835721;-0.00252093;-0.00260837;0;0;0;0;0;0;0;0;0;0;0;0;0;-0;-0;0;0;0;
4.29105;-0.000785074;0.0394242;-10.231;0.00842079;-0.00225711;-0.00264769;-7.83176;3.27693;30.4999;-0.2034;-0.637575;-0.131517;0;0;0;0;0;0;7.83176;-3.27693;-30.4999;-14.8257;198.797;-25.018;
4.292;-0.00307731;0.0330306;-10.2276;0.00855048;-0.00197256;-0.00237229;0;0;0;0;0;0;0;0;0;0;0;0;0;-0;-0;0;0;0;
4.29302;0.00128578;0.028801;-10.2246;0.00874173;-0.00174917;-0.00155856;0.863201;-0.210842;3.41653;0.213033;-0.208283;-0.0666773;0;0;0;0;0;0;-0.863201;0.210842;-3.41653;-1.95463;22.2307;1.86576;
4.29403;0.00620374;0.0271725;-10.224;0.00898462;-0.00152957;-0.000344484;0;0;0;0;0;0;0;0;0;0;0;0;0;-0;-0;0;0;0;
4.29504;0.00995784;0.0282883;-10.2263;0.00920042;-0.00145546;0.000983462;0;0;0;0;0;0;0;0;0;0;0;0;0;-0;-0;0;0;0;
4.296;0.0187849;0.0297475;-10.2299;0.00939162;-0.00141324;0.00252514;0.690802;3.50572;9.68628;-0.496861;0.189238;-0.0330552;0;0;0;0;0;0;-0.690802;-3.50572;-9.68628;-4.02846;62.4236;-22.3054;
4.29702;0.0267067;0.0329039;-10.237;0.00945827;-0.00143143;0.00418772;0.525382;1.6003;4.8273;-0.250985;0.0901581;-0.00257221;0;0;0;0;0;0;-0.525382;-1.6003;-4.8273;-2.01903;31.0957;-10.0888;
4.29804;0.0341203;0.0351518;-10.2453;0.00941296;-0.00136717;0.00527635;-3.4027;-1.56226;5.9504;0.253936;-0.414051;0.0365039;0;0;0;0;0;0;3.4027;1.56226;-5.9504;-3.40726;39.2624;8.35981;
4.29906;0.0440289;0.0367494;-10.255;0.00930054;-0.00116351;0.00601696;-1.05136;-1.29085;5.10444;0.218186;-0.3685;-0.0482495;0;0;0;0;0;0;1.05136;1.29085;-5.10444;-2.91826;33.5062;7.87226;
4.30002;0.0513081;0.0365682;-10.2647;0.00915243;-0.000822657;0.00602138;-1.04197;-3.67121;12.7215;0.765376;-0.734477;-0.149269;0;0;0;0;0;0;1.04197;3.67121;-12.7215;-7.54021;83.1628;23.3819;
4.30104;0.0551809;0.0340113;-10.2754;0.00892634;-0.000355586;0.00519246;1.09449;-3.13064;9.96552;0.489595;-0.112221;-0.0573552;0;0;0;0;0;0;-1.09449;3.13064;-9.96552;-5.82234;64.4915;20.8676;
4.30204;0.0545876;0.0299794;-10.2854;0.00873531;0.000184377;0.00341782;0;0;0;0;0;0;0;0;0;0;0;0;0;-0;-0;0;0;0;
4.30303;0.0518976;0.0249124;-10.2931;0.00856015;0.000671558;0.00116365;0;0;0;0;0;0;0;0;0;0;0;0;0;-0;-0;0;0;0;
4.30402;0.0505044;0.0197718;-10.2969;0.00841321;0.00100967;-0.00121213;0;0;0;0;0;0;0;0;0;0;0;0;0;-0;-0;0;0;0;
4.30502;0.0486184;0.0155831;-10.2975;0.00834696;0.00115457;-0.00358539;0.249522;-0.297008;1.29339;0.0437777;0.095277;0.0134333;0;0;0;0;0;0;-0.249522;0.297008;-1.29339;-0.724916;8.24951;2.03422;
4.30602;0.0509508;0.0120143;-10.2938;0.0083875;0.00102944;-0.00513009;2.11835;-3.0733;12.0297;0.396996;0.892797;0.158179;0;0;0;0;0;0;-2.11835;3.0733;-12.0297;-6.76343;76.7415;20.7966;
4.30704;0.0557837;0.00981658;-10.2869;0.0085085;0.00068444;-0.00617574;2.46803;-1.03548;10.0781;0.382973;0.725257;-0.0192695;0;0;0;0;0;0;-2.46803;1.03548;-10.0781;-5.56188;64.2443;7.96291;
4.308;0.0543566;0.0100607;-10.2792;0.00863354;0.000213544;-0.00705297;4.76511;6.02036;25.3482;-0.716494;0.789213;-0.0532378;0;0;0;0;0;0;-4.76511;-6.02036;-25.3482;-11.4428;162.766;-36.5065;
4.30901;0.0516428;0.0111022;-10.2705;0.008827;-0.000324008;-0.00763711;1.6311;-0.0531746;6.34922;-0.379604;0.0970237;0.0983319;0;0;0;0;0;0;-1.6311;0.0531746;-6.34922;-2.82293;40.8264;1.06712;
4.31003;0.0491909;0.0119111;-10.2632;0.00895088;-0.000828667;-0.00797452;2.5843;-1.62977;11.1345;0.407223;0.805948;0.0234518;0;0;0;0;0;0;-2.5843;1.62977;-11.1345;-6.17784;70.9887;11.8245;
4.31104;0.0485726;0.0129114;-10.2574;0.00899185;-0.00124874;-0.00828909;0;0;0;0;0;0;0;0;0;0;0;0;0;-0;-0;0;0;0;
4.31206;0.0510005;0.0142657;-10.2548;0.00886785;-0.00153651;-0.00841204;0;0;0;0;0;0;0;0;0;0;0;0;0;-0;-0;0;0;0;
4.31301;0.061279;0.0137826;-10.2531;0.00873416;-0.00161022;-0.00831004;2.57435;9.76818;28.1888;-1.4559;0.537763;-0.0533891;0;0;0;0;0;0;-2.57435;-9.76818;-28.1888;-11.7572;181.62;-61.8625;
4.31403;0.0715047;0.0121123;-10.2537;0.00852565;-0.00153316;-0.008131;0;0;0;0;0;0;0;0;0;0;0;0;0;-0;-0;0;0;0;
4.31504;0.0874011;0.0107818;-10.2551;0.00834733;-0.00129077;-0.00782672;0;0;0;0;0;0;0;0;0;0;0;0;0;-0;-0;0;0;0;
4.31605;0.106789;0.00889502;-10.2564;0.0082964;-0.000945125;-0.00743473;0;0;0;0;0;0;0;0;0;0;0;0;0;-0;-0;0;0;0;
4.317;0.125169;0.00825214;-10.256;0.0083612;-0.000607005;-0.00706282;0;0;0;0;0;0;0;0;0;0;0;0;0;-0;-0;0;0;0;
4.31802;0.139841;0.00792451;-10.2553;0.0085275;-0.000236823;-0.00714016;0;0;0;0;0;0;0;0;0;0;0;0;0;-0;-0;0;0;0;
4.31904;0.151307;0.0070197;-10.2526;0.00877708;-1.00525e-06;-0.00763097;0;0;0;0;0;0;0;0;0;0;0;0;0;-0;-0;0;0;0;
4.32;0.157061;0.00663758;-10.2494;0.0090106;0.000129827;-0.00844038;-2.07991;0.841177;19.9634;-0.183212;-0.186878;-0.00167956;0;0;0;0;0;0;2.07991;-0.841177;-19.9634;-9.78496;129.584;-6.48913;
4.32101;0.153832;0.00537855;-10.246;0.00918551;0.000110563;-0.00977201;0.655069;0.214436;2.62674;0.115673;0.188644;-0.0442473;0;0;0;0;0;0;-0.655069;-0.214436;-2.62674;-1.41684;16.7438;-1.01356;
4.32203;0.143291;0.00450924;-10.2435;0.00924092;-4.73685e-05;-0.0110902;0.653079;0.645654;3.15571;-0.173258;0.0518379;0.0252501;0;0;0;0;0;0;-0.653079;-0.645654;-3.15571;-1.35094;20.3039;-3.87457;
4.32305;0.128348;0.00230987;-10.2431;0.00912843;-0.000272911;-0.0122272;1.85141;-2.726;11.2463;0.402519;0.19086;0.0626338;0;0;0;0;0;0;-1.85141;2.726;-11.2463;-6.33958;72.4007;18.5102;
4.324;0.109334;0.000431963;-10.2456;0.00885134;-0.000508187;-0.0129516;0;0;0;0;0;0;0;0;0;0;0;0;0;-0;-0;0;0;0;
4.32501;0.0845517;-0.000642942;-10.2514;0.00839775;-0.000722296;-0.0136115;1.61601;8.27643;22.8417;-1.17144;0.446549;-0.0789244;0;0;0;0;0;0;-1.61601;-8.27643;-22.8417;-9.49902;147.205;-52.666;
4.32602;0.0579599;-0.00217689;-10.2592;0.00786193;-0.000826186;-0.0139839;0.110164;-0.490104;45.196;-0.055606;0.235706;0.0393391;0;0;0;0;0;0;-0.110164;0.490104;-45.196;-22.7524;292.227;3.18771;
4.32704;0.0315498;-0.00219123;-10.2691;0.00732984;-0.000873457;-0.0138985;0;0;0;0;0;0;0;0;0;0;0;0;0;-0;-0;0;0;0;
4.328;0.00994981;-0.00110581;-10.2787;0.00692205;-0.000827104;-0.013514;-2.27889;0.39017;16.1508;-0.0554043;-0.207962;0.0224496;0;0;0;0;0;0;2.27889;-0.39017;-16.1508;-8.03823;104.952;-3.69488;
4.32903;-0.0101901;0.000596315;-10.2882;0.00662177;-0.000723462;-0.0126587;0;0;0;0;0;0;0;0;0;0;0;0;0;-0;-0;0;0;0;
4.33005;-0.0287971;0.00423837;-10.2957;0.00648296;-0.000633509;-0.011723;1.28014;-0.0976768;4.99124;-0.108172;-0.090378;0.0275681;0;0;0;0;0;0;-1.28014;0.0976768;-4.99124;-2.41501;32.2612;1.24915;
4.33101;-0.0457809;0.00986248;-10.3011;0.00647774;-0.00059222;-0.0107344;0;0;0;0;0;0;0;0;0;0;0;0;0;-0;-0;0;0;0;
4.33203;-0.0628539;0.0181102;-10.3048;0.0065707;-0.000635156;-0.00956512;0;0;0;0;0;0;0;0;0;0;0;0;0;-0;-0;0;0;0;
4.33305;-0.0800922;0.0283602;-10.3061;0.00678425;-0.000722027;-0.00846836;0.616505;-5.03592;17.996;0.660122;-0.17549;0.0919345;0;0;0;0;0;0;-0.616505;5.03592;-17.996;-10.2281;116.57;32.8071;
4.334;-0.0996367;0.0407335;-10.3067;0.00701342;-0.000859347;-0.00751844;3.06857;17.2249;49.9391;-1.97591;0.610228;-0.337356;0;0;0;0;0;0;-3.06857;-17.2249;-49.9391;-21.4405;322.249;-109.584;
4.33502;-0.122207;0.0548036;-10.3065;0.00729777;-0.00100085;-0.00667777;0;0;0;0;0;0;0;0;0;0;0;0;0;-0;-0;0;0;0;
4.33603;-0.149528;0.0716639;-10.3061;0.00756453;-0.0010536;-0.00622533;0.477491;0.020966;1.85915;0.0775903;0.133064;-0.0214284;0;0;0;0;0;0;-0.477491;-0.020966;-1.85915;-1.01167;11.8499;0.126197;
4.33705;-0.180573;0.0901672;-10.307;0.00775818;-0.00102208;-0.00594718;0;0;0;0;0;0;0;0;0;0;0;0;0;-0;-0;0;0;0;
4.338;-0.211397;0.107423;-10.3097;0.00786769;-0.000825708;-0.0059698;0;0;0;0;0;0;0;0;0;0;0;0;0;-0;-0;0;0;0;
4.33902;-0.244198;0.122146;-10.3152;0.00791774;-0.000444817;-0.00648767;0;0;0;0;0;0;0;0;0;0;0;0;0;-0;-0;0;0;0;
4.34003;-0.273427;0.132754;-10.323;0.0079237;9.46748e-05;-0.00713063;0.821723;-0.577748;3.82872;0.235436;-0.232008;-0.0855392;0;0;0;0;0;0;-0.821723;0.577748;-3.82872;-2.22146;24.9259;4.23806;
4.34105;-0.298773;0.138935;-10.3314;0.00787643;0.000663627;-0.00758702;0;0;0;0;0;0;0;0;0;0;0;0;0;-0;-0;0;0;0;
4.34206;-0.316264;0.140693;-10.338;0.0078474;0.00110019;-0.00777936;1.0204;-0.230388;4.02894;0.17783;-0.304047;-0.0624252;0;0;0;0;0;0;-1.0204;0.230388;-4.02894;-2.22978;26.2737;2.06715;
4.34301;-0.3271;0.13667;-10.3414;0.00784008;0.00133219;-0.00774441;0;0;0;0;0;0;0;0;0;0;0;0;0;-0;-0;0;0;0;
4.34401;-0.326556;0.126054;-10.3413;0.00788749;0.00136485;-0.00726482;4.73958;-1.48382;49.4632;-0.152888;-0.154139;0.0351998;0;0;0;0;0;0;-4.73958;1.48382;-49.4632;-24.9038;319.765;11.9536;
4.34501;-0.315554;0.111182;-10.3378;0.0079642;0.00120061;-0.00652081;0;0;0;0;0;0;0;0;0;0;0;0;0;-0;-0;0;0;0;
4.34601;-0.3;0.0940261;-10.3317;0.00809093;0.000900384;-0.00596732;-2.4961;4.64684;33.7305;-0.514148;-0.485829;-0.300095;0;0;0;0;0;0;2.4961;-4.64684;-33.7305;-16.0042;219.014;-31.0276;
4.34702;-0.284381;0.0796152;-10.3238;0.00821274;0.000519105;-0.00575314;0;0;0;0;0;0;0;0;0;0;0;0;0;-0;-0;0;0;0;
4.34802;-0.271191;0.0683776;-10.3146;0.00828945;0.00010489;-0.00581743;0;0;0;0;0;0;0;0;0;0;0;0;0;-0;-0;0;0;0;
4.34904;-0.260956;0.0617026;-10.3064;0.00827406;-0.00029219;-0.00610354;0;0;0;0;0;0;0;0;0;0;0;0;0;-0;-0;0;0;0;
4.35;-0.254132;0.0586401;-10.2999;0.00819048;-0.00057821;-0.00651197;0;0;0;0;0;0;0;0;0;0;0;0;0;-0;-0;0;0;0;
4.35102;-0.249939;0.058156;-10.295;0.00798678;-0.000815575;-0.007038;0.9212;-2.06827;7.40236;0.385287;-0.172448;-0.0668618;0;0;0;0;0;0;-0.9212;2.06827;-7.40236;-4.32062;47.9822;13.915;
4.35204;-0.249578;0.057596;-10.2929;0.0076305;-0.000975087;-0.00745836;1.3036;-13.6576;44.0969;2.19494;-0.599651;-0.0511152;0;0;0;0;0;0;-1.3036;13.6576;-44.0969;-25.7726;285.83;89.0887;
4.35306;-0.251941;0.0579149;-10.2921;0.00716737;-0.00106454;-0.00795959;2.07921;-6.55622;23.814;0.872654;-0.241477;0.0832568;0;0;0;0;0;0;-2.07921;6.55622;-23.814;-13.5231;154.138;43.3905;
4.35401;-0.25688;0.0571688;-10.2922;0.00667037;-0.00114646;-0.00836743;0;0;0;0;0;0;0;0;0;0;0;0;0;-0;-0;0;0;0;
4.35503;-0.268522;0.0550211;-10.2927;0.00613762;-0.00122406;-0.00914565;0.595628;1.16398;4.0047;-0.211965;0.0711364;0.01085;0;0;0;0;0;0;-0.595628;-1.16398;-4.0047;-1.68768;25.7843;-7.2433;
4.35605;-0.283408;0.0508836;-10.2932;0.00573059;-0.00130135;-0.00996768;0.676118;-3.74755;23.0632;0.196086;0.00774743;0.132473;0;0;0;0;0;0;-0.676118;3.74755;-23.0632;-12.1863;149.171;24.4592;
4.35701;-0.297787;0.0454788;-10.2941;0.00552147;-0.00134429;-0.0107984;0;0;0;0;0;0;0;0;0;0;0;0;0;-0;-0;0;0;0;
4.35803;-0.309859;0.0382005;-10.2944;0.00558871;-0.00132845;-0.0116872;1.43582;-1.08706;6.42648;0.230251;0.46698;0.0275477;0;0;0;0;0;0;-1.43582;1.08706;-6.42648;-3.57558;40.9759;7.73007;
4.35905;-0.319843;0.0303076;-10.295;0.00590277;-0.00123423;-0.0125224;2.29759;1.68298;10.205;-0.569566;0.163385;0.101289;0;0;0;0;0;0;-2.29759;-1.68298;-10.205;-4.40013;65.6443;-9.83527;
4.36;-0.322945;0.0213127;-10.2961;0.00642182;-0.00103299;-0.0132259;1.40357;10.474;35.9878;-1.0156;-0.0636124;-0.243823;0;0;0;0;0;0;-1.40357;-10.474;-35.9878;-16.054;232.807;-66.829;
4.36102;-0.322056;0.0128936;-10.2977;0.00713651;-0.000709902;-0.0138722;-7.90468;-0.064275;24.5288;0.00542862;-0.442931;0.0177836;0;0;0;0;0;0;7.90468;0.064275;-24.5288;-12.3636;159.968;-3.58231;
4.36203;-0.319159;0.005134;-10.3006;0.00786552;-0.000269024;-0.0144249;0;0;0;0;0;0;0;0;0;0;0;0;0;-0;-0;0;0;0;
4.36305;-0.31416;-0.000573814;-10.3048;0.00854554;0.000310513;-0.0149705;6.32804;5.74758;29.7556;-1.16088;0.749911;0.101822;0;0;0;0;0;0;-6.32804;-5.74758;-29.7556;-13.2453;191.169;-34.1091;
4.36401;-0.313095;-0.00498359;-10.3103;0.00905538;0.000893113;-0.0156834;0.632616;-0.378291;2.70064;0.0993318;0.195285;0.00408632;0;0;0;0;0;0;-0.632616;0.378291;-2.70064;-1.49727;17.2176;2.76248;
4.36501;-0.312134;-0.00727413;-10.3167;0.0094365;0.00154165;-0.0163568;5.49118;-7.43738;39.2428;0.338527;-0.26352;0.211156;0;0;0;0;0;0;-5.49118;7.43738;-39.2428;-20.8469;253.661;50.6829;
4.36602;-0.311629;-0.00705983;-10.3232;0.00964633;0.00213654;-0.01692;2.52211;0.463597;9.91013;0.444749;-0.747972;-0.0781974;0;0;0;0;0;0;-2.52211;-0.463597;-9.91013;-5.3885;64.6252;-1.65181;
4.36703;-0.310358;-0.00516652;-10.3292;0.0097242;0.00261088;-0.0170953;0;0;0;0;0;0;0;0;0;0;0;0;0;-0;-0;0;0;0;
4.36805;-0.304976;-0.00152281;-10.3325;0.00973149;0.00288403;-0.0167336;0;0;0;0;0;0;0;0;0;0;0;0;0;-0;-0;0;0;0;
4.36901;-0.301911;0.0038616;-10.3327;0.00969425;0.00294427;-0.0161557;0;0;0;0;0;0;0;0;0;0;0;0;0;-0;-0;0;0;0;
4.37003;-0.300368;0.0109664;-10.33;0.00963454;0.00281951;-0.0154661;1.04884;-0.58189;4.42533;-0.27707;0.0696496;0.0748264;0;0;0;0;0;0;-1.04884;0.58189;-4.42533;-2.00981;28.4622;4.21886;
4.37104;-0.301477;0.0186228;-10.3249;0.00960873;0.00256323;-0.0148466;9.51751;-2.05641;39.7022;-1.19974;-0.14753;0.432632;0;0;0;0;0;0;-9.51751;2.05641;-39.7022;-18.9993;256.113;17.6675;
4.37205;-0.308991;0.0272694;-10.3188;0.00956414;0.00222878;-0.0145092;0;0;0;0;0;0;0;0;0;0;0;0;0;-0;-0;0;0;0;
4.37301;-0.321596;0.03409;-10.3119;0.00952674;0.00183432;-0.0144255;3.87126;-2.56016;16.8288;0.612342;1.21923;0.0446189;0;0;0;0;0;0;-3.87126;2.56016;-16.8288;-9.34385;107.294;18.4722;
4.37402;-0.337769;0.0404814;-10.3038;0.00945726;0.00138366;-0.0145431;-0.318978;-4.76689;15.5318;0.786438;-0.260911;0.00952087;0;0;0;0;0;0;0.318978;4.76689;-15.5318;-9.08655;100.802;30.6774;
4.37503;-0.354237;0.0458229;-10.297;0.00932102;0.00101328;-0.0147489;3.26178;11.1911;32.9111;-1.70467;0.622052;-0.0425757;0;0;0;0;0;0;-3.26178;-11.1911;-32.9111;-13.7436;212.025;-70.735;
4.37604;-0.368421;0.0492191;-10.2919;0.00914824;0.000710472;-0.0150301;0.278927;-0.00994063;1.08581;0.068253;-0.0662431;-0.0181394;0;0;0;0;0;0;-0.278927;0.00994063;-1.08581;-0.616024;7.06476;0.222923;
4.37706;-0.379771;0.0515503;-10.2884;0.00890491;0.000482147;-0.0152621;-1.86873;-3.76233;13.5788;0.81844;-0.776709;-0.102571;0;0;0;0;0;0;1.86873;3.76233;-13.5788;-8.03419;88.8358;23.5084;
4.37802;-0.387532;0.0536541;-10.2886;0.00858276;0.000422927;-0.0154788;2.93719;2.67753;13.8259;-0.762541;0.225391;0.118346;0;0;0;0;0;0;-2.93719;-2.67753;-13.8259;-5.93061;88.9501;-15.9661;
4.37904;-0.395004;0.0530052;-10.2903;0.00827773;0.000350777;-0.0158037;0;0;0;0;0;0;0;0;0;0;0;0;0;-0;-0;0;0;0;
4.38006;-0.404731;0.053442;-10.2961;0.00787513;0.000363322;-0.0160519;2.64987;9.5461;27.8098;-1.43838;0.528094;-0.0442195;0;0;0;0;0;0;-2.64987;-9.5461;-27.8098;-11.6064;179.169;-60.3963;
4.38102;-0.41592;0.0537375;-10.3027;0.00752948;0.000310424;-0.0163016;0;0;0;0;0;0;0;0;0;0;0;0;0;-0;-0;0;0;0;
4.38203;-0.428921;0.0547113;-10.31;0.00719849;0.00023942;-0.0166171;2.24313;-5.63917;20.0449;0.748545;0.204277;0.148947;0;0;0;0;0;0;-2.24313;5.63917;-20.0449;-11.4089;129.285;37.4729;
4.38303;-0.442274;0.0595013;-10.3171;0.00692378;9.405e-05;-0.0171822;0.380622;0.435244;1.94082;0.0895544;-0.145679;0.0151068;0;0;0;0;0;0;-0.380622;-0.435244;-1.94082;-1.02314;12.6669;-2.64;
4.38404;-0.45514;0.0671235;-10.3241;0.00673147;-0.000130364;-0.0178464;0;0;0;0;0;0;0;0;0;0;0;0;0;-0;-0;0;0;0;
4.38505;-0.46736;0.0775224;-10.3296;0.00662745;-0.000449346;-0.0186002;0;0;0;0;0;0;0;0;0;0;0;0;0;-0;-0;0;0;0;
4.38601;-0.481477;0.0901293;-10.3351;0.0065909;-0.000821576;-0.0194851;0;0;0;0;0;0;0;0;0;0;0;0;0;-0;-0;0;0;0;
4.38702;-0.497302;0.104623;-10.3411;0.00661064;-0.00119715;-0.0203904;0.144914;-0.0874111;0.619536;0.0227672;0.0448057;0.000996292;0;0;0;0;0;0;-0.144914;0.0874111;-0.619536;-0.343523;3.94978;0.637632;
4.38804;-0.515506;0.119585;-10.3471;0.00666438;-0.00155944;-0.0213825;0;0;0;0;0;0;0;0;0;0;0;0;0;-0;-0;0;0;0;
4.389;-0.533763;0.133216;-10.3544;0.00668639;-0.00179194;-0.0221552;0.621515;0.741332;3.22441;-0.175155;0.0540203;0.0213417;0;0;0;0;0;0;-0.621515;-0.741332;-3.22441;-1.37404;20.7494;-4.50569;
4.39002;-0.552913;0.145727;-10.3626;0.00667711;-0.00191531;-0.0226769;0;0;0;0;0;0;0;0;0;0;0;0;0;-0;-0;0;0;0;
4.39104;-0.568193;0.15535;-10.3719;0.00660691;-0.00184218;-0.0228115;0;0;0;0;0;0;0;0;0;0;0;0;0;-0;-0;0;0;0;
4.392;-0.577765;0.159933;-10.3796;0.0065486;-0.00165315;-0.0226156;2.04848;1.00148;8.73146;-0.166402;-0.0681348;0.0157146;0;0;0;0;0;0;-2.04848;-1.00148;-8.73146;-4.12979;56.3654;-5.46498;
4.39302;-0.584778;0.161061;-10.3873;0.00650345;-0.00126789;-0.0221599;2.27389;5.51202;17.6535;-0.924353;0.320867;0.0184564;0;0;0;0;0;0;-2.27389;-5.51202;-17.6535;-7.41146;113.69;-34.5428;
4.39404;-0.588164;0.158807;-10.3953;0.00642089;-0.00075257;-0.0214079;2.87229;11.5907;33.099;-1.70668;0.634989;-0.0742586;0;0;0;0;0;0;-2.87229;-11.5907;-33.099;-13.7961;213.267;-73.4854;
4.39506;-0.58833;0.152084;-10.3997;0.0064368;-0.000163605;-0.0206332;0;0;0;0;0;0;0;0;0;0;0;0;0;-0;-0;0;0;0;
4.39602;-0.583482;0.141799;-10.4011;0.00650668;0.000373122;-0.0197302;3.2789;0.976733;13.194;-0.00579709;0.327944;-0.0497945;0;0;0;0;0;0;-3.2789;-0.976733;-13.194;-6.54005;84.7238;-4.61972;
4.39704;-0.583321;0.129565;-10.4006;0.00660366;0.000910208;-0.0188476;1.96046;0.594651;7.82891;-0.452919;0.12082;0.104239;0;0;0;0;0;0;-1.96046;-0.594651;-7.82891;-3.42966;50.3446;-2.96514;
4.39805;-0.586017;0.116644;-10.3979;0.00672993;0.00132975;-0.0180378;0;0;0;0;0;0;0;0;0;0;0;0;0;-0;-0;0;0;0;
4.39905;-0.587469;0.104782;-10.3925;0.006853;0.00160649;-0.0172378;0;0;0;0;0;0;0;0;0;0;0;0;0;-0;-0;0;0;0;
4.40005;-0.589369;0.0930641;-10.3848;0.00699018;0.00173571;-0.0164209;0;0;0;0;0;0;0;0;0;0;0;0;0;-0;-0;0;0;0;
4.40105;-0.59259;0.0835647;-10.3769;0.0070836;0.00179259;-0.0155748;-0.572551;-4.27326;12.2833;0.617971;-0.207268;-0.00329546;0;0;0;0;0;0;0.572551;4.27326;-12.2833;-7.23271;79.7526;27.3681;
4.40201;-0.593011;0.0769403;-10.369;0.00708672;0.00178678;-0.0148637;-1.78457;-1.52878;4.01652;0.238071;-0.217861;0.0228536;0;0;0;0;0;0;1.78457;1.52878;-4.01652;-2.41423;26.3889;8.97152;
4.40302;-0.590593;0.0722841;-10.3608;0.00702834;0.00175827;-0.0141485;0.0551201;0.0024175;0.214614;0.0095767;-0.0162021;-0.00227711;0;0;0;0;0;0;-0.0551201;-0.0024175;-0.214614;-0.117405;1.39947;0.0143893;
4.40404;-0.587268;0.0703092;-10.3537;0.00691256;0.00174811;-0.0135987;0.745225;0.0539694;2.90438;0.183338;-0.177183;-0.0437498;0;0;0;0;0;0;-0.745225;-0.0539694;-2.90438;-1.64045;18.8971;0.0697694;
4.40506;-0.584973;0.0706596;-10.3479;0.00671039;0.00175823;-0.0133663;0;0;0;0;0;0;0;0;0;0;0;0;0;-0;-0;0;0;0;
4.40602;-0.580751;0.0724381;-10.3428;0.0065185;0.0017762;-0.0134098;1.52799;0.0104033;5.94611;0.264927;-0.448895;-0.067294;0;0;0;0;0;0;-1.52799;-0.0104033;-5.94611;-3.25811;38.7738;0.76941;
4.40704;-0.57479;0.0735611;-10.3382;0.00638003;0.00186717;-0.0136824;9.21859;-1.05977;36.4813;-0.991447;-0.499525;0.3179;0;0;0;0;0;0;-9.21859;1.05977;-36.4813;-17.4856;235.651;11.1822;
4.40805;-0.568706;0.074584;-10.3343;0.00631324;0.00194155;-0.0142805;0;0;0;0;0;0;0;0;0;0;0;0;0;-0;-0;0;0;0;
4.40901;-0.561358;0.0746372;-10.3302;0.00632077;0.00197071;-0.015038;2.03243;-2.26935;10.2663;0.350429;0.754538;0.0974147;0;0;0;0;0;0;-2.03243;2.26935;-10.2663;-5.74814;65.4764;15.6114;
4.41002;-0.550669;0.07399;-10.3257;0.00642004;0.00197995;-0.0158496;2.08297;2.73157;11.2679;-0.410752;0.300066;0.00300181;0;0;0;0;0;0;-2.08297;-2.73157;-11.2679;-4.98888;72.4073;-16.6306;
4.41103;-0.538179;0.0712831;-10.3205;0.00664772;0.00195046;-0.0166697;0.0743863;-0.0130819;0.292049;0.0182568;-0.0178114;-0.00544792;0;0;0;0;0;0;-0.0743863;0.0130819;-0.292049;-0.166636;1.90024;0.127562;
4.41204;-0.52215;0.0670645;-10.3138;0.00692347;0.00192161;-0.0171642;10.3156;14.6821;78.8314;-2.44445;-0.24928;-0.115042;0;0;0;0;0;0;-10.3156;-14.6821;-78.8314;-35.7769;509.346;-89.7015;
4.41303;-0.507316;0.06215;-10.3074;0.0072282;0.00189217;-0.0174754;0;0;0;0;0;0;0;0;0;0;0;0;0;-0;-0;0;0;0;
4.41402;-0.493611;0.0572719;-10.3016;0.0074856;0.00188828;-0.0175176;0;0;0;0;0;0;0;0;0;0;0;0;0;-0;-0;0;0;0;
4.41502;-0.481208;0.0507392;-10.2955;0.00773389;0.001927;-0.0173617;-3.03401;1.90277;14.7547;-0.223745;-0.205884;-0.0192554;0;0;0;0;0;0;3.03401;-1.90277;-14.7547;-7.015;95.9913;-13.8218;
4.41603;-0.472058;0.0450974;-10.2912;0.0078494;0.00203824;-0.0170309;-4.76441;-2.8531;15.2496;0.6589;-1.08939;0.00204166;0;0;0;0;0;0;4.76441;2.8531;-15.2496;-8.6247;100.251;16.0617;
4.41704;-0.468196;0.0397714;-10.2885;0.00784445;0.00226153;-0.0166433;0;0;0;0;0;0;0;0;0;0;0;0;0;-0;-0;0;0;0;
4.41806;-0.470412;0.0367943;-10.2875;0.00770521;0.00251775;-0.0163953;-2.05204;-0.0587719;8.40281;0.0828023;-0.324563;-0.00991661;0;0;0;0;0;0;2.05204;0.0587719;-8.40281;-4.32005;54.9069;-0.64309;
4.41901;-0.478636;0.0352801;-10.2884;0.00749964;0.00279022;-0.0163281;0.0638909;-0.0362263;0.270451;-0.0169479;0.00426216;0.00457465;0;0;0;0;0;0;-0.0638909;0.0362263;-0.270451;-0.122881;1.73946;0.262026;
4.42003;-0.491892;0.0342003;-10.2914;0.00724051;0.00312205;-0.0164085;0;0;0;0;0;0;0;0;0;0;0;0;0;-0;-0;0;0;0;
4.42104;-0.508303;0.0331399;-10.2957;0.00700998;0.00339411;-0.0165939;1.35647;-0.86617;6.06399;0.365086;-0.331376;-0.120826;0;0;0;0;0;0;-1.35647;0.86617;-6.06399;-3.50571;39.4364;6.40905;
4.422;-0.528611;0.033715;-10.3024;0.00679621;0.00358951;-0.0168144;0.870252;0.42826;3.61363;0.164006;-0.2724;-0.00721386;0;0;0;0;0;0;-0.870252;-0.42826;-3.61363;-1.94067;23.5694;-2.32591;
4.42302;-0.54895;0.0350596;-10.3099;0.00664226;0.00372256;-0.0171095;-1.7397;-1.66716;4.43754;0.26323;-0.242946;0.0119237;0;0;0;0;0;0;1.7397;1.66716;-4.43754;-2.66531;29.1339;9.90055;
4.42404;-0.568708;0.0366936;-10.3194;0.00659584;0.00375691;-0.0173847;3.78748;-9.46937;37.0435;1.35056;-0.224479;0.211742;0;0;0;0;0;0;-3.78748;9.46937;-37.0435;-20.9557;239.559;62.9736;
4.42506;-0.586855;0.0386419;-10.3303;0.00661894;0.00373696;-0.0177164;0.214456;-1.23085;3.35241;0.0984031;0.261094;0.0895667;0;0;0;0;0;0;-0.214456;1.23085;-3.35241;-1.91022;21.4114;7.98348;
4.42601;-0.602183;0.0417944;-10.3408;0.0066653;0.00363789;-0.0181718;0;0;0;0;0;0;0;0;0;0;0;0;0;-0;-0;0;0;0;
4.42702;-0.617934;0.0450127;-10.3527;0.00675108;0.00352742;-0.0187463;2.92366;11.6522;35.0998;-1.46153;0.359159;-0.161073;0;0;0;0;0;0;-2.92366;-11.6522;-35.0998;-15.0427;226.484;-73.77;
4.42803;-0.632818;0.0477694;-10.364;0.00685249;0.00345368;-0.019343;3.27162;-2.64104;15.1228;0.611646;0.683306;0.0328333;0;0;0;0;0;0;-3.27162;2.64104;-15.1228;-8.49229;96.8505;18.7053;
4.42905;-0.64643;0.0521301;-10.3753;0.00690059;0.00341713;-0.0199496;4.38267;3.41733;19.757;-1.09901;0.31789;0.188806;0;0;0;0;0;0;-4.38267;-3.41733;-19.757;-8.50658;127.093;-20.096;
4.43;-0.660007;0.0550992;-10.3852;0.00694414;0.00342768;-0.020533;0;0;0;0;0;0;0;0;0;0;0;0;0;-0;-0;0;0;0;
4.43102;-0.674255;0.0583473;-10.3941;0.00692792;0.00342755;-0.0209909;4.84714;4.11704;22.3491;-1.23742;0.362142;0.201665;0;0;0;0;0;0;-4.84714;-4.11704;-22.3491;-9.60312;143.776;-24.403;
4.43203;-0.690043;0.0605107;-10.4019;0.00694049;0.00342654;-0.0214075;-1.07048;-1.70457;11.0627;0.455517;-0.53734;0.039096;0;0;0;0;0;0;1.07048;1.70457;-11.0627;-6.19757;72.234;10.4524;
4.43304;-0.704788;0.0632648;-10.4085;0.00691099;0.00344419;-0.0216605;0;0;0;0;0;0;0;0;0;0;0;0;0;-0;-0;0;0;0;
4.43405;-0.720152;0.0655245;-10.4143;0.00690699;0.00342752;-0.0218672;0;0;0;0;0;0;0;0;0;0;0;0;0;-0;-0;0;0;0;
4.435;-0.733171;0.0665858;-10.4177;0.00696373;0.00339766;-0.0219246;0;0;0;0;0;0;0;0;0;0;0;0;0;-0;-0;0;0;0;
4.43602;-0.744603;0.0684023;-10.4199;0.00704339;0.00330802;-0.021903;-4.13494;7.63555;60.4232;-1.30606;-0.553175;-0.0312579;0;0;0;0;0;0;4.13494;-7.63555;-60.4232;-28.3537;391.978;-51.462;
4.43704;-0.754418;0.0698121;-10.4209;0.00714237;0.00320847;-0.0217487;0;0;0;0;0;0;0;0;0;0;0;0;0;-0;-0;0;0;0;
4.43805;-0.760189;0.0715184;-10.4213;0.00730517;0.00315909;-0.0214639;1.46387;-3.11841;10.4039;0.328356;0.78413;0.188831;0;0;0;0;0;0;-1.46387;3.11841;-10.4039;-5.88068;66.3941;20.7281;
4.43901;-0.762455;0.0744161;-10.4202;0.0073998;0.00307809;-0.021049;0.575638;-0.349034;2.46314;0.0904832;0.178148;0.00409805;0;0;0;0;0;0;-0.575638;0.349034;-2.46314;-1.3659;15.7034;2.54443;
4.44004;-0.765419;0.0773534;-10.4203;0.00748897;0.00307053;-0.0205559;3.95606;-2.53273;17.0918;0.624244;1.23742;0.0388785;0;0;0;0;0;0;-3.95606;2.53273;-17.0918;-9.48555;108.969;18.343;
4.441;-0.767563;0.0799656;-10.4217;0.00751405;0.00315047;-0.020034;2.79135;-0.635056;11.083;0.51974;0.295782;-0.0901706;0;0;0;0;0;0;-2.79135;0.635056;-11.083;-6.16455;71.1437;5.60536;
4.44205;-0.770371;0.082511;-10.4247;0.00746508;0.0033521;-0.0195787;2.4833;-0.596582;9.84211;0.538388;-0.553661;-0.167083;0;0;0;0;0;0;-2.4833;0.596582;-9.84211;-5.55447;63.9943;5.27818;
4.44305;-0.774169;0.085885;-10.4297;0.00731487;0.00365093;-0.0192127;2.22535;-0.453536;8.76451;0.265561;0.582109;-0.0363396;0;0;0;0;0;0;-2.22535;0.453536;-8.76451;-4.72463;55.911;4.09186;
4.44401;-0.778048;0.088757;-10.4349;0.00711551;0.00397421;-0.0189732;0;0;0;0;0;0;0;0;0;0;0;0;0;-0;-0;0;0;0;
4.44503;-0.785292;0.0944762;-10.4412;0.00682307;0.00432355;-0.0188534;0;0;0;0;0;0;0;0;0;0;0;0;0;-0;-0;0;0;0;
4.44604;-0.793899;0.102678;-10.4465;0.00649748;0.00459665;-0.0188853;2.26691;0.0707976;8.82465;-0.240118;-0.0420379;0.0607313;0;0;0;0;0;0;-2.26691;-0.0707976;-8.82465;-4.19656;56.9202;0.622661;
4.447;-0.802959;0.112033;-10.4502;0.00619857;0.00478064;-0.0188876;0.210751;0.0326765;0.82581;-0.0484625;0.0126568;0.0118671;0;0;0;0;0;0;-0.210751;-0.0326765;-0.82581;-0.364103;5.31013;-0.117196;
4.44802;-0.813486;0.123307;-10.4525;0.00594613;0.00487947;-0.0189263;1.36272;-3.28447;18.1831;0.719802;-0.608775;0.00563591;0;0;0;0;0;0;-1.36272;3.28447;-18.1831;-10.2061;118.138;21.935;
4.44904;-0.824428;0.136259;-10.4519;0.00574227;0.00485042;-0.0189178;8.81028;-1.68497;35.0584;-1.10944;0.674807;0.386396;0;0;0;0;0;0;-8.81028;1.68497;-35.0584;-16.7141;225.309;14.9539;
4.45006;-0.83525;0.150356;-10.4496;0.00560229;0.00465693;-0.0189474;1.07028;3.59985;10.629;-0.550842;0.200573;-0.0124636;0;0;0;0;0;0;-1.07028;-3.59985;-10.629;-4.43986;68.4738;-22.7438;
4.45101;-0.840956;0.162428;-10.4443;0.0055965;0.00443041;-0.0188137;3.58343;-3.0072;18.2201;0.707949;-0.308584;-0.0193735;0;0;0;0;0;0;-3.58343;3.0072;-18.2201;-10.1851;117.854;21.284;
4.45203;-0.850345;0.174076;-10.4397;0.00558367;0.00414833;-0.0187331;1.93698;4.36214;14.288;-0.75141;0.258189;0.023041;0;0;0;0;0;0;-1.93698;-4.36214;-14.288;-6.00529;92.0075;-27.2758;
4.45306;-0.855742;0.18312;-10.434;0.00567231;0.00395162;-0.0186725;0;0;0;0;0;0;0;0;0;0;0;0;0;-0;-0;0;0;0;
4.45402;-0.857704;0.187626;-10.4294;0.00579384;0.00388693;-0.0185476;0;0;0;0;0;0;0;0;0;0;0;0;0;-0;-0;0;0;0;
4.45504;-0.857406;0.189135;-10.4266;0.00593078;0.00399761;-0.0184823;-2.56184;-2.25545;25.6678;-0.234894;-0.522811;0.186708;0;0;0;0;0;0;2.56184;2.25545;-25.6678;-12.9171;166.881;13.1187;
4.45603;-0.854335;0.187974;-10.4268;0.00605293;0.00433087;-0.0184315;5.31615;2.59798;22.0773;-0.541148;0.740388;0.0392362;0;0;0;0;0;0;-5.31615;-2.59798;-22.0773;-10.3152;141.592;-14.1742;
4.45701;-0.849365;0.181489;-10.4275;0.00622351;0.00470191;-0.0184135;-5.21095;-1.44738;30.5989;-0.173099;-0.370378;0.11423;0;0;0;0;0;0;5.21095;1.44738;-30.5989;-15.3809;198.905;6.62793;
4.45801;-0.84425;0.17287;-10.4309;0.00638969;0.00521442;-0.0184917;0.747295;3.85398;13.5559;-0.454258;0.0322965;-0.0624577;0;0;0;0;0;0;-0.747295;-3.85398;-13.5559;-5.98482;87.615;-24.501;
4.45901;-0.837994;0.16066;-10.435;0.00659854;0.00577659;-0.0185504;3.1721;-1.67122;13.2868;-0.830114;0.208675;0.224429;0;0;0;0;0;0;-3.1721;1.67122;-13.2868;-6.02856;85.4536;12.1877;
4.46005;-0.834504;0.147351;-10.4398;0.00685842;0.00631648;-0.0188078;1.3117;0.0509968;5.10657;-0.303141;0.0780784;0.0770864;0;0;0;0;0;0;-1.3117;-0.0509968;-5.10657;-2.26323;32.8356;0.25343;
4.46102;-0.830303;0.134264;-10.443;0.0071541;0.0067402;-0.01906;0;0;0;0;0;0;0;0;0;0;0;0;0;-0;-0;0;0;0;
4.46206;-0.828216;0.120407;-10.4451;0.00751904;0.00707815;-0.0193967;0.402188;-0.155977;3.01046;0.187977;-0.180093;-0.0344441;0;0;0;0;0;0;-0.402188;0.155977;-3.01046;-1.71961;19.6209;1.24632;
4.46305;-0.826772;0.108033;-10.4459;0.00789624;0.00734675;-0.019771;1.73948;-0.264702;6.8143;0.301602;-0.51438;-0.0969709;0;0;0;0;0;0;-1.73948;0.264702;-6.8143;-3.75965;44.4361;2.68585;
4.46403;-0.824441;0.0959847;-10.4461;0.0083001;0.00758124;-0.0201061;0.859411;-0.275173;3.4418;0.213976;-0.209756;-0.0701995;0;0;0;0;0;0;-0.859411;0.275173;-3.4418;-1.9748;22.3959;2.28366;
4.46505;-0.823295;0.084373;-10.4459;0.00871231;0.00780778;-0.0205045;0;0;0;0;0;0;0;0;0;0;0;0;0;-0;-0;0;0;0;
4.46604;-0.823637;0.0733979;-10.4469;0.00904899;0.00799095;-0.0207642;3.94263;-0.690237;15.6058;-0.0700644;-0.15217;0.0477358;0;0;0;0;0;0;-3.94263;0.690237;-15.6058;-7.85786;100.744;6.40429;
4.46704;-0.826053;0.0624227;-10.4513;0.00928358;0.00813791;-0.0210595;0;0;0;0;0;0;0;0;0;0;0;0;0;-0;-0;0;0;0;
4.46805;-0.828296;0.0501864;-10.4577;0.00944018;0.00827712;-0.0211509;0;0;0;0;0;0;0;0;0;0;0;0;0;-0;-0;0;0;0;
4.46906;-0.828618;0.0397935;-10.4639;0.00952342;0.00838096;-0.0212911;-0.212879;-2.95134;19.8792;0.259302;-0.567433;0.141682;0;0;0;0;0;0;0.212879;2.95134;-19.8792;-10.5663;129.231;18.8497;
4.47001;-0.826295;0.0315656;-10.4696;0.00957708;0.00854898;-0.0214833;0;0;0;0;0;0;0;0;0;0;0;0;0;-0;-0;0;0;0;
4.47101;-0.824042;0.0245773;-10.4741;0.00963668;0.00869012;-0.0217653;0.228887;0.0589035;0.907586;0.0408401;-0.06849;-0.00585451;0;0;0;0;0;0;-0.228887;-0.0589035;-0.907586;-0.491953;5.91864;-0.26006;
4.47202;-0.817653;0.0184888;-10.4758;0.00970695;0.00872818;-0.0218089;-15.0491;-0.493141;104.286;0.75181;-2.03932;-0.389477;0;0;0;0;0;0;15.0491;0.493141;-104.286;-53.3165;678.404;-3.99758;
4.47302;-0.809185;0.0124267;-10.476;0.00980127;0.00865347;-0.0213422;6.76241;0.872406;26.4419;-1.55026;0.400204;0.383305;0;0;0;0;0;0;-6.76241;-0.872406;-26.4419;-11.6774;170.031;-2.62346;
4.47402;-0.806329;0.00712237;-10.4762;0.00995063;0.00844662;-0.0207296;0.00575898;-0.00298155;0.0240663;0.000898196;0.00173615;1.55058e-07;0;0;0;0;0;0;-0.00575898;0.00298155;-0.0240663;-0.0133168;0.153422;0.022194;
4.47503;-0.804196;0.00407801;-10.4736;0.0101281;0.00808398;-0.019982;0;0;0;0;0;0;0;0;0;0;0;0;0;-0;-0;0;0;0;
4.47603;-0.802206;0.00178393;-10.4699;0.0103998;0.00772;-0.0191709;3.71867;3.68292;18.2415;-0.804857;0.177716;0.0951603;0;0;0;0;0;0;-3.71867;-3.68292;-18.2415;-8.01097;117.492;-22.0554;
4.47702;-0.80101;0.0024482;-10.4651;0.0106941;0.00736237;-0.0184603;3.38673;-2.35451;14.9832;0.571402;0.916373;0.0368601;0;0;0;0;0;0;-3.38673;2.35451;-14.9832;-8.35303;95.7023;16.905;
4.478;-0.799525;0.00347624;-10.4602;0.0109705;0.00706596;-0.0177382;0;0;0;0;0;0;0;0;0;0;0;0;0;-0;-0;0;0;0;
4.47905;-0.800485;0.00626117;-10.4565;0.0112026;0.00680783;-0.017138;0;0;0;0;0;0;0;0;0;0;0;0;0;-0;-0;0;0;0;
4.48005;-0.802301;0.00951434;-10.4549;0.0113104;0.00669001;-0.0166541;0;0;0;0;0;0;0;0;0;0;0;0;0;-0;-0;0;0;0;
4.48105;-0.801714;0.0129834;-10.454;0.0113642;0.00665908;-0.0163448;-0.91738;11.3055;70.7273;-1.14197;-0.379574;-0.266234;0;0;0;0;0;0;0.91738;-11.3055;-70.7273;-33.3382;458.159;-73.3554;
4.482;-0.80164;0.0169632;-10.456;0.0113377;0.00677731;-0.0161956;0;0;0;0;0;0;0;0;0;0;0;0;0;-0;-0;0;0;0;
4.48301;-0.802514;0.0218949;-10.4594;0.0112319;0.0069735;-0.0162467;0.508453;-0.312418;2.19819;0.0857701;0.128728;0.00212472;0;0;0;0;0;0;-0.508453;0.312418;-2.19819;-1.2241;14.045;2.27562;
4.48402;-0.806653;0.0276049;-10.465;0.0110976;0.00720877;-0.0165238;0;0;0;0;0;0;0;0;0;0;0;0;0;-0;-0;0;0;0;
4.48501;-0.814068;0.0327722;-10.4725;0.0109802;0.0074081;-0.0168804;-10.1997;-7.03128;20.5253;1.22401;-1.10307;0.230379;0;0;0;0;0;0;10.1997;7.03128;-20.5253;-12.2663;134.951;40.1339;
4.48601;-0.823049;0.0390378;-10.4806;0.0108634;0.00763806;-0.0172973;1.20779;-0.904437;5.39185;0.193499;0.391672;0.0223555;0;0;0;0;0;0;-1.20779;0.904437;-5.39185;-2.99953;34.3785;6.4386;
4.48701;-0.837087;0.046159;-10.4893;0.0107877;0.00776139;-0.0177184;1.56638;0.888353;6.63076;-0.374761;0.10453;0.0745251;0;0;0;0;0;0;-1.56638;-0.888353;-6.63076;-2.87504;42.6468;-5.03441;
4.48801;-0.855837;0.0536952;-10.4987;0.0107642;0.0078643;-0.0180734;1.66469;-1.43166;7.70246;0.271851;0.561496;0.045612;0;0;0;0;0;0;-1.66469;1.43166;-7.70246;-4.2944;49.1151;10.0572;
4.48901;-0.880422;0.0614389;-10.5078;0.0107846;0.00791958;-0.0183141;0;0;0;0;0;0;0;0;0;0;0;0;0;-0;-0;0;0;0;
4.49002;-0.905623;0.0709383;-10.5155;0.0108267;0.00796397;-0.0184804;4.80386;5.60944;24.7039;-1.34348;0.413107;0.167447;0;0;0;0;0;0;-4.80386;-5.60944;-24.7039;-10.5331;158.967;-34.0479;
4.49102;-0.932999;0.0807242;-10.5228;0.0109286;0.0080295;-0.0185618;0;0;0;0;0;0;0;0;0;0;0;0;0;-0;-0;0;0;0;
4.49203;-0.959281;0.0910563;-10.5296;0.010992;0.00811283;-0.0183816;0;0;0;0;0;0;0;0;0;0;0;0;0;-0;-0;0;0;0;
4.49303;-0.981355;0.102136;-10.5348;0.0110053;0.00826041;-0.0179324;1.05067;-0.596861;4.44879;0.164548;0.321391;0.00425745;0;0;0;0;0;0;-1.05067;0.596861;-4.44879;-2.46478;28.3618;4.38721;
4.49404;-0.999303;0.113305;-10.5384;0.0109695;0.00840379;-0.0173125;0.942467;-3.26218;10.4862;0.467246;0.0967619;0.0452037;0;0;0;0;0;0;-0.942467;3.26218;-10.4862;-6.07551;67.6663;21.5394;
4.49505;-1.01189;0.123945;-10.5406;0.0108773;0.00863951;-0.016503;0.473201;-3.3227;14.5504;0.820027;-0.573278;-0.106419;0;0;0;0;0;0;-0.473201;3.3227;-14.5504;-8.48096;94.6834;21.8464;
4.49604;-1.01852;0.135035;-10.5422;0.0106603;0.00890646;-0.0156052;0;0;0;0;0;0;0;0;0;0;0;0;0;-0;-0;0;0;0;
4.49704;-1.01803;0.144321;-10.542;0.01043;0.00916321;-0.0147058;-5.7869;-4.80636;12.8388;0.729982;-0.549134;0.136211;0;0;0;0;0;0;5.7869;4.80636;-12.8388;-7.67808;84.2123;28.0524;
4.49804;-1.01394;0.153744;-10.5414;0.0101419;0.00940979;-0.0139855;-3.36812;-0.0284272;52.7067;-0.216012;-0.739822;0.0780791;0;0;0;0;0;0;3.36812;0.0284272;-52.7067;-26.3284;342.152;-1.5902;
4.49902;-1.00716;0.161641;-10.5409;0.00990577;0.00969347;-0.0135217;0;0;0;0;0;0;0;0;0;0;0;0;0;-0;-0;0;0;0;
4.50002;-0.998352;0.167857;-10.5396;0.00972729;0.00989807;-0.0133335;0;0;0;0;0;0;0;0;0;0;0;0;0;-0;-0;0;0;0;
4.50101;-0.990289;0.172925;-10.5376;0.0095852;0.0100493;-0.0133513;0;0;0;0;0;0;0;0;0;0;0;0;0;-0;-0;0;0;0;
4.50204;-0.984086;0.175322;-10.5352;0.00952809;0.0101179;-0.0136521;2.57437;-1.60454;15.0227;0.61652;-0.682318;-0.0410019;0;0;0;0;0;0;-2.57437;1.60454;-15.0227;-8.3427;97.6378;11.7206;
4.50302;-0.982753;0.17724;-10.5341;0.00941891;0.0102088;-0.0139945;3.20226;0.572836;12.5763;-0.736294;0.192956;0.178691;0;0;0;0;0;0;-3.20226;-0.572836;-12.5763;-5.53919;80.8682;-2.27303;
4.50403;-0.982744;0.176824;-10.533;0.00931825;0.0102934;-0.0144274;0.537928;-0.085454;2.10855;0.131885;-0.128615;-0.0388587;0;0;0;0;0;0;-0.537928;0.085454;-2.10855;-1.20227;13.7193;0.862729;
4.50504;-0.983795;0.174554;-10.5326;0.00918074;0.0104236;-0.0147285;0;0;0;0;0;0;0;0;0;0;0;0;0;-0;-0;0;0;0;
4.50603;-0.984807;0.171238;-10.5321;0.00899647;0.0105376;-0.0151218;0.898875;0.168989;3.53351;-0.206689;0.0542356;0.0499851;0;0;0;0;0;0;-0.898875;-0.168989;-3.53351;-1.5557;22.7213;-0.690891;
4.50701;-0.986778;0.165563;-10.5325;0.00880332;0.0107063;-0.0155307;0;0;0;0;0;0;0;0;0;0;0;0;0;-0;-0;0;0;0;
4.508;-0.988202;0.159802;-10.5337;0.00858882;0.0109083;-0.0160432;0.449487;-0.218706;1.86393;0.0699687;0.134349;-0.00110899;0;0;0;0;0;0;-0.449487;0.218706;-1.86393;-1.03056;11.8823;1.64274;
4.509;-0.985351;0.153174;-10.5325;0.00840321;0.0110185;-0.0166104;0;0;0;0;0;0;0;0;0;0;0;0;0;-0;-0;0;0;0;
4.51001;-0.98483;0.146932;-10.533;0.00823864;0.0111742;-0.0172247;0;0;0;0;0;0;0;0;0;0;0;0;0;-0;-0;0;0;0;
4.51101;-0.980499;0.139508;-10.5327;0.00819866;0.011269;-0.0177643;2.03648;-0.272225;7.9657;0.352802;-0.601341;-0.110747;0;0;0;0;0;0;-2.03648;0.272225;-7.9657;-4.39144;51.944;2.89787;
4.51205;-0.971594;0.13082;-10.5325;0.0082772;0.0113648;-0.0181854;3.117;-0.459482;12.2057;0.763771;-0.744568;-0.223076;0;0;0;0;0;0;-3.117;0.459482;-12.2057;-6.95634;79.4159;4.76608;
4.51303;-0.961034;0.123857;-10.5323;0.00839011;0.0113971;-0.018317;1.38298;-1.02859;6.74638;0.258384;-0.0656133;-0.0149015;0;0;0;0;0;0;-1.38298;1.02859;-6.74638;-3.759;43.5835;7.36746;
4.51402;-0.947804;0.117914;-10.5339;0.00859457;0.0114791;-0.01834;0;0;0;0;0;0;0;0;0;0;0;0;0;-0;-0;0;0;0;
4.51502;-0.936291;0.110375;-10.5366;0.00898669;0.0114854;-0.0182549;0.95918;-0.254059;3.80749;0.237184;-0.232136;-0.0752407;0;0;0;0;0;0;-0.95918;0.254059;-3.80749;-2.18005;24.7746;2.20231;
4.51603;-0.926806;0.106048;-10.5388;0.00925382;0.0114516;-0.0180368;2.50372;-2.81101;20.2586;0.384853;-0.169264;0.0401345;0;0;0;0;0;0;-2.50372;2.81101;-20.2586;-10.8689;131.014;19.4111;
4.51702;-0.92434;0.103797;-10.5441;0.00954446;0.0114463;-0.0179272;-4.08868;-3.21466;12.8031;0.642985;-0.824704;0.022862;0;0;0;0;0;0;4.08868;3.21466;-12.8031;-7.4132;84.0859;18.7207;
4.51802;-0.923474;0.101985;-10.5497;0.00980893;0.0114785;-0.0178226;0.852465;7.79042;101.691;-1.53577;-0.650834;0.098301;0;0;0;0;0;0;-0.852465;-7.79042;-101.691;-48.8905;658.625;-50.0819;
4.51901;-0.927975;0.100677;-10.5568;0.0100427;0.0115398;-0.017862;0;0;0;0;0;0;0;0;0;0;0;0;0;-0;-0;0;0;0;
4.52001;-0.940478;0.101213;-10.5661;0.0102021;0.011592;-0.0182627;3.95533;4.82309;20.7129;-1.12367;0.348077;0.133524;0;0;0;0;0;0;-3.95533;-4.82309;-20.7129;-8.82223;133.291;-29.3526;
4.52106;-0.958035;0.0995295;-10.5777;0.0104417;0.0117332;-0.0189374;1.26423;-0.805691;5.45739;0.199461;0.395054;0.0121173;0;0;0;0;0;0;-1.26423;0.805691;-5.45739;-3.02859;34.7935;5.83825;
4.52205;-0.97802;0.0994233;-10.59;0.0106345;0.0118337;-0.0198709;0;0;0;0;0;0;0;0;0;0;0;0;0;-0;-0;0;0;0;
4.52304;-1.00053;0.0949697;-10.6034;0.0110314;0.01207;-0.0210124;8.13192;3.38844;33.2134;-1.3588;0.816727;0.244595;0;0;0;0;0;0;-8.13192;-3.38844;-33.2134;-15.0261;213.295;-18.0766;
4.52405;-1.02578;0.0895633;-10.6174;0.0115336;0.0122564;-0.0223548;0.49768;-1.41017;4.32775;0.132931;0.329805;0.0921779;0;0;0;0;0;0;-0.49768;1.41017;-4.32775;-2.45394;27.6257;9.28383;
4.52505;-1.05169;0.0837425;-10.6325;0.0121223;0.0124712;-0.0238146;0;0;0;0;0;0;0;0;0;0;0;0;0;-0;-0;0;0;0;
4.52605;-1.07357;0.0755565;-10.6466;0.0128098;0.0127195;-0.0251388;0;0;0;0;0;0;0;0;0;0;0;0;0;-0;-0;0;0;0;
4.52701;-1.09233;0.0669667;-10.659;0.0134647;0.0129805;-0.0261989;0.508217;-1.51266;4.58744;0.140322;0.350229;0.0999389;0;0;0;0;0;0;-0.508217;1.51266;-4.58744;-2.6024;29.2847;9.94462;
4.52801;-1.1057;0.0575346;-10.6696;0.0140556;0.0132439;-0.0268754;0.182633;0.0204089;0.713268;0.0301845;0.0510635;-0.00918986;0;0;0;0;0;0;-0.182633;-0.0204089;-0.713268;-0.387316;4.54624;-0.0309099;
4.52901;-1.11332;0.0476897;-10.678;0.0145244;0.013523;-0.0270814;5.66732;1.08484;22.2866;-1.30318;0.342158;0.314733;0;0;0;0;0;0;-5.66732;-1.08484;-22.2866;-9.81077;143.308;-4.48099;
4.53;-1.11651;0.0385235;-10.684;0.0148011;0.0137998;-0.0268209;0;0;0;0;0;0;0;0;0;0;0;0;0;-0;-0;0;0;0;
4.53106;-1.11167;0.0283475;-10.6865;0.0148844;0.0140686;-0.025844;0.813079;-0.652965;3.69284;-0.235032;0.0595856;0.0622846;0;0;0;0;0;0;-0.813079;0.652965;-3.69284;-1.69018;23.7556;4.57258;
4.53206;-1.10118;0.0197044;-10.6851;0.0147677;0.0142609;-0.0245125;6.79496;-0.0802971;27.4392;-0.162506;-0.704891;0.143723;0;0;0;0;0;0;-6.79496;0.0802971;-27.4392;-13.6632;177.585;3.79765;
4.53301;-1.09334;0.0137616;-10.6828;0.0145048;0.0144026;-0.0231841;0.462659;-0.108938;1.82904;0.0721247;0.131128;-0.0104341;0;0;0;0;0;0;-0.462659;0.108938;-1.82904;-1.00412;11.6584;0.948367;
4.53403;-1.08327;0.00902923;-10.676;0.0141124;0.0143693;-0.0217816;7.751;6.3951;37.7882;-1.10326;-0.246717;0.0418251;0;0;0;0;0;0;-7.751;-6.3951;-37.7882;-17.2834;244;-37.5222;
4.53504;-1.07508;0.00596723;-10.6691;0.0137425;0.0142957;-0.0204594;0;0;0;0;0;0;0;0;0;0;0;0;0;-0;-0;0;0;0;
4.53606;-1.06875;0.00414044;-10.6593;0.0133652;0.0140921;-0.0193333;0.872982;-1.11354;5.73091;0.291695;-0.0845231;-0.0128504;0;0;0;0;0;0;-0.872982;1.11354;-5.73091;-3.2895;37.0823;7.65835;
4.53701;-1.06741;0.00484836;-10.6499;0.012983;0.0138307;-0.0185195;0;0;0;0;0;0;0;0;0;0;0;0;0;-0;-0;0;0;0;
4.53803;-1.06944;0.00638606;-10.6403;0.0126441;0.0135556;-0.0179391;0;0;0;0;0;0;0;0;0;0;0;0;0;-0;-0;0;0;0;
4.53904;-1.07141;0.0089401;-10.6288;0.0122991;0.0132097;-0.0175616;4.11797;-1.79096;16.8811;0.558429;1.16946;-0.00921415;0;0;0;0;0;0;-4.11797;1.79096;-16.8811;-9.23921;107.656;13.6724;
4.54005;-1.07391;0.0129723;-10.6178;0.0119128;0.0128649;-0.0172765;11.1499;7.74266;48.95;-2.73932;0.781318;0.500381;0;0;0;0;0;0;-11.1499;-7.74266;-48.95;-21.1328;314.86;-44.9893;
4.54105;-1.07933;0.0178632;-10.6084;0.0115423;0.0126102;-0.017276;0.0635304;-0.568404;7.78393;-0.0459532;-0.236215;0.06242;0;0;0;0;0;0;-0.0635304;0.568404;-7.78393;-3.93093;50.6006;3.64778;
4.54206;-1.08526;0.0241408;-10.6006;0.0111238;0.0124463;-0.0172841;2.62602;-1.64636;11.3023;0.413845;0.817893;0.0229847;0;0;0;0;0;0;-2.62602;1.64636;-11.3023;-6.27079;72.0569;11.9532;
4.543;-1.08864;0.0303365;-10.5944;0.0107206;0.0123526;-0.0172635;1.74939;-0.109849;6.81534;0.3027;-0.514559;-0.0859917;0;0;0;0;0;0;-1.74939;0.109849;-6.81534;-3.74577;44.4417;1.67778;
4.54401;-1.09273;0.0381825;-10.5902;0.0103036;0.0124252;-0.0172537;0;0;0;0;0;0;0;0;0;0;0;0;0;-0;-0;0;0;0;
4.54501;-1.09445;0.044942;-10.5886;0.00999407;0.0126153;-0.0171818;0;0;0;0;0;0;0;0;0;0;0;0;0;-0;-0;0;0;0;
4.54601;-1.09622;0.05201;-10.5887;0.00973739;0.0128313;-0.0170444;0;0;0;0;0;0;0;0;0;0;0;0;0;-0;-0;0;0;0;
4.54702;-1.09933;0.0589742;-10.592;0.00961313;0.0130807;-0.0168944;0;0;0;0;0;0;0;0;0;0;0;0;0;-0;-0;0;0;0;
4.54803;-1.10363;0.0647046;-10.5973;0.00962129;0.0133229;-0.016655;0.170737;-0.0426178;0.676272;-0.041276;0.0104127;0.0110771;0;0;0;0;0;0;-0.170737;0.0426178;-0.676272;-0.303559;4.34867;0.350687;
4.54903;-1.10819;0.0701996;-10.6039;0.00976627;0.0134682;-0.0164287;0;0;0;0;0;0;0;0;0;0;0;0;0;-0;-0;0;0;0;
4.55004;-1.11341;0.0746952;-10.6115;0.0100974;0.0135486;-0.0161256;0.509686;0.00829206;1.98355;0.0883849;-0.149762;-0.0220851;0;0;0;0;0;0;-0.509686;-0.00829206;-1.98355;-1.08642;12.9343;0.225091;
4.55105;-1.1182;0.078156;-10.6201;0.0105903;0.0136049;-0.0157345;0;0;0;0;0;0;0;0;0;0;0;0;0;-0;-0;0;0;0;
4.552;-1.12099;0.0794969;-10.6303;0.011246;0.0137154;-0.015314;1.90223;-2.64043;11.5442;0.494535;0.268123;0.0665353;0;0;0;0;0;0;-1.90223;2.64043;-11.5442;-6.57317;74.2448;17.9779;
4.55302;-1.1228;0.0824784;-10.6406;0.0118636;0.0137149;-0.0148001;0;0;0;0;0;0;0;0;0;0;0;0;0;-0;-0;0;0;0;
4.55403;-1.12618;0.0847715;-10.6531;0.0125794;0.0138134;-0.0145322;2.74585;3.87169;16.2802;-0.637188;0.0702538;0.0109019;0;0;0;0;0;0;-2.74585;-3.87169;-16.2802;-7.17218;105.005;-23.6823;
4.55503;-1.12709;0.085911;-10.6674;0.0133409;0.014053;-0.0144744;0;0;0;0;0;0;0;0;0;0;0;0;0;-0;-0;0;0;0;
4.55603;-1.12821;0.0874748;-10.6827;0.0140621;0.014356;-0.0147531;3.06105;-2.53493;14.0851;0.541258;0.794624;0.0442695;0;0;0;0;0;0;-3.06105;2.53493;-14.0851;-7.8888;90.0439;17.901;
4.55703;-1.12959;0.0895959;-10.6986;0.0146725;0.014743;-0.0153001;0;0;0;0;0;0;0;0;0;0;0;0;0;-0;-0;0;0;0;
4.55802;-1.12902;0.0908259;-10.7156;0.015243;0.0152513;-0.0160647;0;0;0;0;0;0;0;0;0;0;0;0;0;-0;-0;0;0;0;
4.559;-1.12619;0.0925382;-10.7238;0.0155344;0.0154926;-0.0168399;2.59837;-1.32395;10.836;0.405124;0.781496;-0.00166152;0;0;0;0;0;0;-2.59837;1.32395;-10.836;-5.99489;69.0786;9.87754;
4.56006;-1.13104;0.0948076;-10.7347;0.0157616;0.0158362;-0.018123;0;0;0;0;0;0;0;0;0;0;0;0;0;-0;-0;0;0;0;
4.56101;-1.13745;0.0972479;-10.741;0.0157918;0.0160171;-0.0192293;0;0;0;0;0;0;0;0;0;0;0;0;0;-0;-0;0;0;0;
4.56202;-1.14394;0.0981481;-10.7444;0.0157704;0.0160847;-0.0202818;2.5344;-0.252341;9.89068;0.620027;-0.603474;-0.174273;0;0;0;0;0;0;-2.5344;0.252341;-9.89068;-5.62609;64.3526;3.08346;
4.56302;-1.14707;0.0977233;-10.7443;0.0156311;0.0160292;-0.0209032;1.20129;-0.159286;4.9679;0.0779606;-0.159002;-0.00840544;0;0;0;0;0;0;-1.20129;0.159286;-4.9679;-2.59568;32.1861;1.64411;
4.56403;-1.14875;0.0946118;-10.7435;0.0155392;0.0158496;-0.0211222;0;0;0;0;0;0;0;0;0;0;0;0;0;-0;-0;0;0;0;
4.56504;-1.14502;0.0884118;-10.7392;0.0154248;0.0155272;-0.0207803;8.94922;5.31713;40.9961;-0.906616;-0.216655;0.0485379;0;0;0;0;0;0;-8.94922;-5.31713;-40.9961;-19.2039;264.608;-29.9496;
4.56605;-1.13925;0.0800812;-10.7362;0.0153724;0.0152215;-0.0201538;0.771656;-0.168846;3.12395;0.174665;-0.0850443;-0.0348653;0;0;0;0;0;0;-0.771656;0.168846;-3.12395;-1.76478;20.223;1.51608;
4.56706;-1.13127;0.0709727;-10.7319;0.0152757;0.0148699;-0.0193483;0;0;0;0;0;0;0;0;0;0;0;0;0;-0;-0;0;0;0;
4.56801;-1.12289;0.061891;-10.7275;0.0151279;0.0145836;-0.0185382;2.80641;7.08199;42.8565;-0.719804;-0.2335;-0.0799085;0;0;0;0;0;0;-2.80641;-7.08199;-42.8565;-20.1503;277.281;-44.3352;
4.56901;-1.11638;0.0519979;-10.7239;0.0149595;0.0143689;-0.0178696;0.326055;-0.961995;2.92349;0.0895061;0.223116;0.0634354;0;0;0;0;0;0;-0.326055;0.961995;-2.92349;-1.65834;18.6623;6.32593;
4.57001;-1.10924;0.0434652;-10.7193;0.0147023;0.0142162;-0.0174605;6.33272;-0.654624;24.7194;-1.48801;0.378528;0.391228;0;0;0;0;0;0;-6.33272;0.654624;-24.7194;-11.0259;158.947;7.03393;
4.57101;-1.11007;0.0375461;-10.7169;0.0144113;0.0142021;-0.0176358;0;0;0;0;0;0;0;0;0;0;0;0;0;-0;-0;0;0;0;
4.57206;-1.11498;0.0324746;-10.7133;0.0140513;0.0141816;-0.0182951;5.79571;5.04245;27.2558;-1.35026;0.307392;0.192453;0;0;0;0;0;0;-5.79571;-5.04245;-27.2558;-11.8686;175.485;-29.9041;
4.57305;-1.12304;0.0298679;-10.7106;0.0137307;0.0142512;-0.0193944;3.95111;-0.570659;15.716;-0.144687;-0.462224;0.0582072;0;0;0;0;0;0;-3.95111;0.570659;-15.716;-7.82686;101.765;5.62428;
4.57405;-1.13671;0.0282327;-10.7099;0.0134217;0.0144315;-0.0207095;10.0448;4.85639;41.826;-1.85808;0.244882;0.369719;0;0;0;0;0;0;-10.0448;-4.85639;-41.826;-18.7167;269.407;-26.7376;
4.57505;-1.15259;0.0286147;-10.7116;0.0131653;0.0146581;-0.0222356;1.90009;0.983539;7.94015;-0.450582;0.124665;0.0923831;0;0;0;0;0;0;-1.90009;-0.983539;-7.94015;-3.4491;51.066;-5.50012;
4.57605;-1.16602;0.0296291;-10.7133;0.0129762;0.0148832;-0.023665;4.64839;1.19392;18.4305;-1.07086;0.283904;0.251692;0;0;0;0;0;0;-4.64839;-1.19392;-18.4305;-8.09041;118.515;-5.63682;
4.57706;-1.17629;0.0294537;-10.716;0.0128954;0.0151716;-0.0249607;0.468278;-0.297354;2.02011;0.073876;0.146219;0.00439797;0;0;0;0;0;0;-0.468278;0.297354;-2.02011;-1.12103;12.8791;2.15563;
4.57806;-1.18534;0.0285356;-10.7219;0.0128945;0.0155193;-0.0261038;0.481741;-0.269266;2.03483;0.0754038;0.146952;0.00159427;0;0;0;0;0;0;-0.481741;0.269266;-2.03483;-1.12715;12.9722;1.98345;
4.57906;-1.18908;0.0267286;-10.728;0.0129082;0.0158838;-0.0270514;0.318074;0.0443437;1.24471;0.0787607;-0.0759377;-0.0174213;0;0;0;0;0;0;-0.318074;-0.0443437;-1.24471;-0.701113;8.09862;-0.109356;
4.58001;-1.19491;0.0229997;-10.7373;0.0129652;0.0163285;-0.0279047;0;0;0;0;0;0;0;0;0;0;0;0;0;-0;-0;0;0;0;
4.58102;-1.20085;0.0164317;-10.7478;0.0130835;0.0167964;-0.0286487;0;0;0;0;0;0;0;0;0;0;0;0;0;-0;-0;0;0;0;
4.58204;-1.20724;0.00776883;-10.7608;0.0132527;0.0173475;-0.0291932;-0.386655;-0.510632;2.99849;0.183776;-0.171813;-0.00556121;0;0;0;0;0;0;0.386655;0.510632;-2.99849;-1.74504;19.6142;3.1152;
4.58305;-1.2114;-0.00335276;-10.7741;0.013472;0.0179286;-0.0293839;-1.10813;-2.97501;12.7191;0.771739;-0.733938;-0.104433;0;0;0;0;0;0;1.10813;2.97501;-12.7191;-7.47567;83.1519;18.798;
4.58406;-1.21354;-0.0130723;-10.7862;0.0136412;0.0184381;-0.0292182;1.0665;0.45333;4.36022;0.195305;0.313769;-0.0803936;0;0;0;0;0;0;-1.0665;-0.45333;-4.36022;-2.34548;27.7945;-2.31608;
4.585;-1.21625;-0.0226625;-10.7965;0.0138531;0.0188341;-0.0288036;0;0;0;0;0;0;0;0;0;0;0;0;0;-0;-0;0;0;0;
4.58601;-1.21884;-0.0319842;-10.8076;0.0141094;0.0192327;-0.0279929;0.934501;0.504818;3.92781;-0.222471;0.061801;0.0449872;0;0;0;0;0;0;-0.934501;-0.504818;-3.92781;-1.70478;25.2615;-2.84112;
4.58701;-1.22188;-0.0394088;-10.8165;0.0143486;0.0195244;-0.0269793;-1.38391;2.39996;41.6715;-1.0509;-0.389064;0.189314;0;0;0;0;0;0;1.38391;-2.39996;-41.6715;-19.6929;270.188;-16.4166;
4.58801;-1.22345;-0.044766;-10.8241;0.0145893;0.019767;-0.0257973;4.73452;-0.544047;18.9136;-0.203777;-0.529855;0.0924006;0;0;0;0;0;0;-4.73452;0.544047;-18.9136;-9.37538;122.446;5.81238;
4.589;-1.22752;-0.0465952;-10.8317;0.014792;0.0199376;-0.0247528;1.91609;2.06874;19.0314;-0.27718;-0.372764;0.0347012;0;0;0;0;0;0;-1.91609;-2.06874;-19.0314;-9.09883;123.334;-12.4568;
4.59;-1.2302;-0.0477853;-10.8377;0.0150253;0.020114;-0.0237102;0;0;0;0;0;0;0;0;0;0;0;0;0;-0;-0;0;0;0;
4.59101;-1.23183;-0.0455963;-10.8418;0.0151589;0.0202157;-0.0228653;2.30562;-0.370554;9.03899;-0.54711;0.138669;0.145239;0;0;0;0;0;0;-2.30562;0.370554;-9.03899;-4.04196;58.1219;3.41371;
4.59202;-1.23455;-0.0420304;-10.8464;0.0153162;0.0203319;-0.0223098;2.75844;2.94663;13.7006;-0.553911;0.334456;0.0395902;0;0;0;0;0;0;-2.75844;-2.94663;-13.7006;-6.04942;88.0463;-17.7184;
4.59302;-1.23709;-0.0377025;-10.8511;0.0154424;0.0204329;-0.0218879;0;0;0;0;0;0;0;0;0;0;0;0;0;-0;-0;0;0;0;
4.59403;-1.23362;-0.0336891;-10.8534;0.0155834;0.0204811;-0.0214352;5.85599;1.17884;23.4264;0.039617;-0.866207;-0.038827;0;0;0;0;0;0;-5.85599;-1.17884;-23.4264;-11.7183;151.872;-4.6406;
4.59504;-1.22932;-0.0292513;-10.8543;0.0157049;0.0204446;-0.0209671;-4.66877;8.25928;69.2111;-0.86244;-0.465239;-0.0888209;0;0;0;0;0;0;4.66877;-8.25928;-69.2111;-33.1611;448.805;-55.7088;
4.59604;-1.22179;-0.025013;-10.8546;0.0158362;0.0203695;-0.0203373;2.75113;4.67517;17.0108;-0.906396;0.297358;0.0648654;0;0;0;0;0;0;-2.75113;-4.67517;-17.0108;-7.19024;109.505;-28.9329;
4.59703;-1.21248;-0.0207168;-10.8518;0.0159777;0.0201341;-0.0195576;1.36205;1.83154;7.45354;-0.402128;0.126704;0.0423496;0;0;0;0;0;0;-1.36205;-1.83154;-7.45354;-3.16733;47.969;-11.2085;
4.59803;-1.20259;-0.0171682;-10.8468;0.0161425;0.0198101;-0.018633;8.01373;-3.21274;34.1817;1.04386;-0.375786;-0.0940383;0;0;0;0;0;0;-8.01373;3.21274;-34.1817;-18.5798;220.764;24.9195;
4.59904;-1.19519;-0.0122788;-10.8411;0.0162918;0.0194202;-0.0177987;2.0711;-0.87588;8.93486;0.451406;-0.0876022;-0.0559749;0;0;0;0;0;0;-2.0711;0.87588;-8.93486;-5.0388;57.6979;6.76684;
4.60005;-1.18699;-0.00703595;-10.8338;0.0163791;0.0189988;-0.0168806;3.44815;-2.40992;15.7597;0.144582;0.385975;0.107775;0;0;0;0;0;0;-3.44815;2.40992;-15.7597;-8.32294;101.25;17.2234;
4.60105;-1.18408;-0.000295892;-10.8269;0.0164288;0.018553;-0.0162259;0;0;0;0;0;0;0;0;0;0;0;0;0;-0;-0;0;0;0;
4.602;-1.18456;0.00694577;-10.8204;0.0163693;0.0181872;-0.015685;4.33126;-3.03018;19.2223;0.707194;1.01894;0.0446407;0;0;0;0;0;0;-4.33126;3.03018;-19.2223;-10.6916;122.935;21.7451;
4.60302;-1.18574;0.015905;-10.8135;0.0161967;0.0178393;-0.0151629;0;0;0;0;0;0;0;0;0;0;0;0;0;-0;-0;0;0;0;
4.60404;-1.18608;0.024787;-10.8069;0.0159497;0.0176009;-0.0146707;0;0;0;0;0;0;0;0;0;0;0;0;0;-0;-0;0;0;0;
4.60505;-1.18142;0.034245;-10.8001;0.0155924;0.017464;-0.0141643;0.370966;-0.0129118;1.44408;0.0642031;-0.109037;-0.0174678;0;0;0;0;0;0;-0.370966;0.0129118;-1.44408;-0.792711;9.41656;0.287832;
4.60606;-1.17686;0.0431194;-10.794;0.015157;0.0174245;-0.0135741;-0.324998;5.47558;27.5996;-0.820699;-0.059928;-0.0301206;0;0;0;0;0;0;0.324998;-5.47558;-27.5996;-12.5279;178.692;-35.5665;
4.60701;-1.17088;0.049755;-10.789;0.0147566;0.0174641;-0.0131175;-2.5217;-11.4567;61.3791;0.893321;-0.304708;0.2843;0;0;0;0;0;0;2.5217;11.4567;-61.3791;-32.9535;397.747;72.5828;
4.60802;-1.1623;0.0563117;-10.7835;0.0143116;0.0175314;-0.0126528;1.38377;-0.33159;5.47352;0.341254;-0.333799;-0.106495;0;0;0;0;0;0;-1.38377;0.33159;-5.47352;-3.13092;35.6144;2.94908;
4.60902;-1.1546;0.0606445;-10.7791;0.0139209;0.0176118;-0.0123103;0.0432186;0.00177553;0.168263;0.00750429;-0.0127048;-0.00179342;0;0;0;0;0;0;-0.0432186;-0.00177553;-0.168263;-0.0920599;1.09721;0.0120679;
4.61002;-1.14725;0.0618663;-10.7748;0.0136051;0.0176954;-0.0119795;1.11819;-0.0218572;4.35181;0.273651;-0.26557;-0.0716481;0;0;0;0;0;0;-1.11819;0.0218572;-4.35181;-2.46733;28.3142;0.776187;
4.61103;-1.14037;0.0601061;-10.7712;0.0134096;0.0177653;-0.0117676;7.7296;-0.596082;30.1509;0.105378;-0.0713842;-0.0104278;0;0;0;0;0;0;-7.7296;0.596082;-30.1509;-15.3487;194.404;7.76019;
4.61204;-1.13907;0.0565488;-10.7718;0.0133017;0.0178611;-0.011852;0;0;0;0;0;0;0;0;0;0;0;0;0;-0;-0;0;0;0;
4.61304;-1.14147;0.0511584;-10.7726;0.013179;0.0179078;-0.012113;-2.50171;3.66962;79.0146;-0.99339;-0.666972;0.103419;0;0;0;0;0;0;2.50171;-3.66962;-79.0146;-38.4282;512.228;-25.1096;
4.61404;-1.14766;0.0434109;-10.7781;0.0131128;0.0180611;-0.0126332;1.85693;-2.43447;10.7168;0.466519;0.22101;0.0387623;0;0;0;0;0;0;-1.85693;2.43447;-10.7168;-6.10782;68.9414;16.65;
4.61503;-1.15789;0.0337691;-10.7878;0.0130689;0.0182965;-0.0135202;0.708072;-0.311731;2.90462;0.110024;0.209093;-0.00438076;0;0;0;0;0;0;-0.708072;0.311731;-2.90462;-1.60405;18.5158;2.37819;
4.61602;-1.16891;0.0241182;-10.7954;0.0128569;0.0184966;-0.014494;2.41358;0.723584;9.63283;-0.557394;0.148791;0.128483;0;0;0;0;0;0;-2.41358;-0.723584;-9.63283;-4.22083;61.9436;-3.59542;
4.61701;-1.18568;0.0135991;-10.8085;0.0126745;0.0188287;-0.0159408;-4.37486;-3.91974;11.342;0.44938;-0.482339;0.119193;0;0;0;0;0;0;4.37486;3.91974;-11.342;-6.55475;74.3169;23.0426;
4.61801;-1.20364;0.00257259;-10.8218;0.0124375;0.0191836;-0.0176192;3.75173;8.34242;46.9584;-1.43323;0.417083;-0.046785;0;0;0;0;0;0;-3.75173;-8.34242;-46.9584;-21.3761;303.077;-52.0483;
4.619;-1.22107;-0.00849147;-10.8365;0.0122291;0.0196086;-0.0193821;4.08502;-3.27005;18.6682;0.703792;1.13628;0.071698;0;0;0;0;0;0;-4.08502;3.27005;-18.6682;-10.4332;119.257;23.1462;
4.62;-1.23828;-0.0202616;-10.8506;0.0120941;0.020015;-0.0212386;0;0;0;0;0;0;0;0;0;0;0;0;0;-0;-0;0;0;0;
4.62105;-1.25303;-0.0305007;-10.8627;0.0119471;0.020393;-0.0228747;2.67278;1.01592;10.8247;-0.621703;0.168106;0.137731;0;0;0;0;0;0;-2.67278;-1.01592;-10.8247;-4.72735;69.6106;-5.36586;
4.62204;-1.26169;-0.0414761;-10.874;0.0120768;0.0207515;-0.0240789;0;0;0;0;0;0;0;0;0;0;0;0;0;-0;-0;0;0;0;
4.62304;-1.26744;-0.0505677;-10.8835;0.012271;0.0210156;-0.024824;1.90888;0.749591;7.75066;-0.444643;0.120477;0.0978573;0;0;0;0;0;0;-1.90888;-0.749591;-7.75066;-3.38315;49.8429;-3.98724;
4.62403;-1.26651;-0.058998;-10.8931;0.012664;0.0212782;-0.0249208;0.875686;-0.503208;3.71445;0.137284;0.268362;0.00399101;0;0;0;0;0;0;-0.875686;0.503208;-3.71445;-2.05836;23.6801;3.69328;
4.62503;-1.2623;-0.0669915;-10.9;0.0131747;0.0213913;-0.0245314;0.441706;0.103704;1.74605;0.110877;-0.106489;-0.0217244;0;0;0;0;0;0;-0.441706;-0.103704;-1.74605;-0.979739;11.3609;-0.426914;
4.62603;-1.25819;-0.0729318;-10.9085;0.0137516;0.0215289;-0.0239669;1.71541;19.6547;88.1316;-2.20921;-0.546871;-0.223475;0;0;0;0;0;0;-1.71541;-19.6547;-88.1316;-40.1979;570.681;-126.1;
4.62702;-1.25548;-0.0790522;-10.9182;0.0143606;0.0217025;-0.0233955;8.22366;5.0968;37.5289;-0.648774;-0.673946;-0.00884717;0;0;0;0;0;0;-8.22366;-5.0968;-37.5289;-17.7381;242.7;-28.8316;
4.62801;-1.25691;-0.0851265;-10.9293;0.015004;0.02197;-0.0231629;5.17518;-1.38424;20.5509;-1.2563;0.316848;0.337707;0;0;0;0;0;0;-5.17518;1.38424;-20.5509;-9.23181;132.15;11.2259;
4.62901;-1.26425;-0.0880935;-10.9406;0.0155516;0.0222115;-0.023497;0;0;0;0;0;0;0;0;0;0;0;0;0;-0;-0;0;0;0;
4.63;-1.27452;-0.0896654;-10.9509;0.0159888;0.0224745;-0.0240874;0;0;0;0;0;0;0;0;0;0;0;0;0;-0;-0;0;0;0;
4.631;-1.28686;-0.0896073;-10.9624;0.0163948;0.0227452;-0.0249564;0;0;0;0;0;0;0;0;0;0;0;0;0;-0;-0;0;0;0;
4.632;-1.29407;-0.0898786;-10.9664;0.0167768;0.022864;-0.0257156;0.43856;-0.112935;1.73902;0.108343;-0.106047;-0.0342097;0;0;0;0;0;0;-0.43856;0.112935;-1.73902;-0.99543;11.3153;0.985868;
4.63302;-1.30246;-0.0886489;-10.9709;0.0171087;0.0229445;-0.0264914;3.89558;8.04991;27.1411;-1.43259;0.485875;0.0615125;0;0;0;0;0;0;-3.89558;-8.04991;-27.1411;-11.4266;174.755;-50.1913;
4.63401;-1.30794;-0.0873835;-10.9744;0.0174766;0.0230167;-0.0271071;0.019886;0.0102708;0.083076;-0.00471459;0.00130461;0.000967247;0;0;0;0;0;0;-0.019886;-0.0102708;-0.083076;-0.0360893;0.534288;-0.0574161;
4.635;-1.30962;-0.0876447;-10.9752;0.0178526;0.0229867;-0.0273566;0;0;0;0;0;0;0;0;0;0;0;0;0;-0;-0;0;0;0;
4.63605;-1.30245;-0.0889069;-10.9683;0.0181337;0.0227126;-0.0270073;0;0;0;0;0;0;0;0;0;0;0;0;0;-0;-0;0;0;0;
4.63702;-1.29803;-0.0909538;-10.9647;0.0184098;0.0225108;-0.026464;0;0;0;0;0;0;0;0;0;0;0;0;0;-0;-0;0;0;0;
4.638;-1.28948;-0.0937052;-10.9573;0.0185438;0.0221568;-0.0254656;0;0;0;0;0;0;0;0;0;0;0;0;0;-0;-0;0;0;0;
4.63905;-1.27465;-0.0987133;-10.9467;0.018601;0.0217484;-0.0238056;0.529193;-0.0264757;2.0608;0.0915563;-0.155605;-0.0255099;0;0;0;0;0;0;-0.529193;0.0264757;-2.0608;-1.132;13.438;0.463329;
4.64006;-1.2615;-0.10093;-10.9385;0.0185075;0.0213496;-0.0221802;0;0;0;0;0;0;0;0;0;0;0;0;0;-0;-0;0;0;0;
4.64101;-1.24528;-0.10448;-10.9291;0.018373;0.0210079;-0.0204858;9.23766;8.51412;45.8711;-1.25863;0.0727317;0.0232417;0;0;0;0;0;0;-9.23766;-8.51412;-45.8711;-20.9861;295.834;-50.4667;
4.64202;-1.22983;-0.107539;-10.9207;0.0181439;0.0207186;-0.0187916;3.48797;4.73106;19.1673;-0.87909;0.411375;0.0582347;0;0;0;0;0;0;-3.48797;-4.73106;-19.1673;-8.298;123.271;-28.9168;
4.64303;-1.21479;-0.110798;-10.9127;0.017906;0.0204661;-0.01738;6.09723;-7.31141;34.0138;0.853617;-0.0185882;0.0460608;0;0;0;0;0;0;-6.09723;7.31141;-34.0138;-18.7168;219.512;50.337;
4.64404;-1.20633;-0.11253;-10.91;0.0177066;0.020412;-0.016419;0;0;0;0;0;0;0;0;0;0;0;0;0;-0;-0;0;0;0;
4.64503;-1.20053;-0.112479;-10.9043;0.0173591;0.0203425;-0.0158733;0.604666;0.0493705;2.35754;0.105308;-0.178005;-0.0232817;0;0;0;0;0;0;-0.604666;-0.0493705;-2.35754;-1.28757;15.3731;0.00830231;
4.64602;-1.19797;-0.113097;-10.902;0.0171482;0.0204049;-0.0158147;7.83187;-7.60745;62.9501;-0.824518;-0.864245;0.631852;0;0;0;0;0;0;-7.83187;7.60745;-62.9501;-31.6403;407.431;52.5404;
4.64705;-1.20337;-0.11127;-10.9022;0.016957;0.020529;-0.0165141;2.65455;-0.522476;10.4486;0.209154;0.633336;-0.0191007;0;0;0;0;0;0;-2.65455;0.522476;-10.4486;-5.52338;66.7135;4.73686;
4.64805;-1.21429;-0.107901;-10.904;0.0167558;0.0206795;-0.0176509;5.89315;10.7533;41.9605;-1.28599;0.154241;-0.152125;0;0;0;0;0;0;-5.89315;-10.7533;-41.9605;-18.7645;270.782;-66.4656;
4.64905;-1.22815;-0.104136;-10.9073;0.0165614;0.0208562;-0.0189822;9.37034;5.88195;41.8848;-1.3437;0.0419484;0.146395;0;0;0;0;0;0;-9.37034;-5.88195;-41.8848;-19.158;270.056;-33.4901;
4.65;-1.24237;-0.100897;-10.912;0.0164077;0.0210589;-0.0202187;0;0;0;0;0;0;0;0;0;0;0;0;0;-0;-0;0;0;0;
4.65101;-1.25572;-0.0968799;-10.9177;0.0162813;0.0212348;-0.021192;0.248949;-6.07874;24.5788;0.409808;-0.106777;0.226964;0;0;0;0;0;0;-0.248949;6.07874;-24.5788;-13.3979;159.132;39.2343;
4.65201;-1.26157;-0.0928696;-10.9236;0.0161929;0.0213816;-0.0214416;2.20617;0.318221;8.63673;0.386761;-0.652055;-0.0747697;0;0;0;0;0;0;-2.20617;-0.318221;-8.63673;-4.70412;56.3192;-0.873459;
4.65302;-1.26044;-0.0901586;-10.9301;0.016198;0.021495;-0.0208429;0;0;0;0;0;0;0;0;0;0;0;0;0;-0;-0;0;0;0;
4.65401;-1.25387;-0.088385;-10.9368;0.0163184;0.0215341;-0.0195477;0.0345528;-12.4088;44.8621;2.26459;-0.67574;0.0839284;0;0;0;0;0;0;-0.0345528;12.4088;-44.8621;-26.1029;290.977;80.2314;
4.65501;-1.24137;-0.0856511;-10.9423;0.0164478;0.0214707;-0.0178969;-0.833518;5.81899;34.731;-0.415457;-0.6355;-0.13977;0;0;0;0;0;0;0.833518;-5.81899;-34.731;-16.49;225.466;-37.935;
4.65601;-1.22808;-0.0823417;-10.9501;0.0166533;0.021444;-0.0162366;0;0;0;0;0;0;0;0;0;0;0;0;0;-0;-0;0;0;0;
4.65705;-1.21512;-0.078446;-10.9554;0.0168368;0.0212568;-0.0148424;2.48606;0.11019;9.67977;0.610177;-0.590728;-0.149988;0;0;0;0;0;0;-2.48606;-0.11019;-9.67977;-5.47369;62.9793;0.688883;
4.65804;-1.20397;-0.0746275;-10.9636;0.0170345;0.0211825;-0.0139892;0;0;0;0;0;0;0;0;0;0;0;0;0;-0;-0;0;0;0;
4.65904;-1.19834;-0.0690002;-10.9694;0.0170011;0.0210376;-0.0136686;0;0;0;0;0;0;0;0;0;0;0;0;0;-0;-0;0;0;0;
4.66004;-1.19783;-0.0634414;-10.9739;0.0168876;0.0209011;-0.0140045;9.91853;2.55439;39.9993;-0.211525;0.12479;-0.0666068;0;0;0;0;0;0;-9.91853;-2.55439;-39.9993;-19.675;257.717;-11.4682;
4.66103;-1.20088;-0.0582086;-10.9781;0.01658;0.0208394;-0.0147648;9.94351;12.4145;61.7429;-2.18746;0.0354306;-0.0299791;0;0;0;0;0;0;-9.94351;-12.4145;-61.7429;-27.6583;398.507;-75.2975;
4.66203;-1.20807;-0.0550555;-10.9823;0.0161587;0.020897;-0.0158324;3.7191;-12.5258;39.7818;1.38979;0.449435;0.248289;0;0;0;0;0;0;-3.7191;12.5258;-39.7818;-22.6815;256.607;82.6799;
4.66302;-1.2157;-0.0508248;-10.9869;0.0155764;0.0210524;-0.0171208;0.164343;-0.0130884;0.640702;0.0401905;-0.0390989;-0.0111078;0;0;0;0;0;0;-0.164343;0.0130884;-0.640702;-0.364153;4.1686;0.178564;
4.66401;-1.22244;-0.0476647;-10.9927;0.0149041;0.0213574;-0.01835;2.14773;3.99587;14.0087;-0.743053;0.247668;0.0432754;0;0;0;0;0;0;-2.14773;-3.99587;-14.0087;-5.91013;90.1873;-24.8192;
4.665;-1.22814;-0.045445;-10.9992;0.0143314;0.0216571;-0.0195364;1.0583;0.647265;4.53514;-0.25538;0.071857;0.0493387;0;0;0;0;0;0;-1.0583;-0.647265;-4.53514;-1.96343;29.1689;-3.70487;
4.66604;-1.23243;-0.0457278;-11.0094;0.01404;0.0220792;-0.0205535;0;0;0;0;0;0;0;0;0;0;0;0;0;-0;-0;0;0;0;
4.66704;-1.23594;-0.0473512;-11.0187;0.0140149;0.022376;-0.0213136;0;0;0;0;0;0;0;0;0;0;0;0;0;-0;-0;0;0;0;
4.66803;-1.23945;-0.0491268;-11.0307;0.0142939;0.0226646;-0.0218608;0;0;0;0;0;0;0;0;0;0;0;0;0;-0;-0;0;0;0;
4.66903;-1.2438;-0.0510175;-11.0432;0.0148348;0.0228407;-0.0223385;1.25919;0.47617;5.1555;-0.119365;-0.0744293;0.022818;0;0;0;0;0;0;-1.25919;-0.47617;-5.1555;-2.42904;33.3094;-2.47003;
4.67002;-1.24738;-0.0544836;-11.055;0.0156682;0.022917;-0.0228031;0.23971;0.66581;13.5566;-0.0259273;-0.174697;-0.0439047;0;0;0;0;0;0;-0.23971;-0.66581;-13.5566;-6.73411;87.8761;-4.14387;
4.67102;-1.2549;-0.0581793;-11.0666;0.0166544;0.0228778;-0.0235169;10.9391;-3.17061;44.4691;0.353755;0.333406;0.095662;0;0;0;0;0;0;-10.9391;3.17061;-44.4691;-23.0662;286.329;25.9303;
4.67202;-1.26615;-0.0625378;-11.0769;0.01774;0.0227324;-0.024524;0;0;0;0;0;0;0;0;0;0;0;0;0;-0;-0;0;0;0;
4.67303;-1.27832;-0.0668956;-11.0848;0.0188409;0.0225015;-0.0258352;0;0;0;0;0;0;0;0;0;0;0;0;0;-0;-0;0;0;0;
4.67404;-1.29261;-0.0715379;-11.0919;0.0199058;0.0222609;-0.0273539;0;0;0;0;0;0;0;0;0;0;0;0;0;-0;-0;0;0;0;
4.67505;-1.30415;-0.0749888;-11.0975;0.0208649;0.0220727;-0.0288849;0;0;0;0;0;0;0;0;0;0;0;0;0;-0;-0;0;0;0;
4.67604;-1.31411;-0.0775655;-11.1016;0.0216364;0.0219218;-0.0303762;0;0;0;0;0;0;0;0;0;0;0;0;0;-0;-0;0;0;0;
4.67705;-1.32283;-0.0783514;-11.1055;0.0222698;0.0218732;-0.0318606;1.68764;0.178656;6.58859;0.294572;-0.497466;-0.0619639;0;0;0;0;0;0;-1.68764;-0.178656;-6.58859;-3.59454;42.963;-0.244256;
4.67804;-1.32401;-0.0804207;-11.1074;0.0227671;0.0219721;-0.0327851;3.88707;-1.62699;17.1787;0.970078;-0.601317;-0.180797;0;0;0;0;0;0;-3.88707;1.62699;-17.1787;-9.78447;111.375;12.6666;
4.67904;-1.32448;-0.0815756;-11.1119;0.0230633;0.0221624;-0.0335216;0;0;0;0;0;0;0;0;0;0;0;0;0;-0;-0;0;0;0;
4.68004;-1.31985;-0.0828191;-11.1148;0.0231327;0.0224022;-0.0334619;4.04275;8.93659;29.4486;-1.5497;0.531503;0.051453;0;0;0;0;0;0;-4.04275;-8.93659;-29.4486;-12.3826;189.625;-55.8446;
4.68105;-1.30987;-0.0855712;-11.1187;0.0231485;0.022707;-0.0327526;1.5166;1.75694;7.77394;-0.422908;0.129996;0.0531248;0;0;0;0;0;0;-1.5166;-1.75694;-7.77394;-3.31546;50.0231;-10.6586;
4.682;-1.29658;-0.0905903;-11.1195;0.023029;0.0229685;-0.0314944;5.82686;-7.94507;34.5933;1.25916;0.313884;0.146961;0;0;0;0;0;0;-5.82686;7.94507;-34.5933;-19.4779;222.955;54.2002;
4.68301;-1.28176;-0.0956588;-11.1219;0.0227193;0.023232;-0.0296849;0;0;0;0;0;0;0;0;0;0;0;0;0;-0;-0;0;0;0;
4.68401;-1.26475;-0.10384;-11.1217;0.0223191;0.0234294;-0.0275567;1.54246;0.358099;6.09521;0.264064;0.436901;-0.0924927;0;0;0;0;0;0;-1.54246;-0.358099;-6.09521;-3.29756;38.8505;-1.44802;
4.68503;-1.24895;-0.112946;-11.1183;0.0216932;0.0235066;-0.0253506;0.578093;0.074348;2.26035;0.14295;-0.137925;-0.0320232;0;0;0;0;0;0;-0.578093;-0.074348;-2.26035;-1.27376;14.7067;-0.157966;
4.68604;-1.23585;-0.121529;-11.1147;0.0209678;0.0235473;-0.0232952;-0.365616;-0.861275;12.8588;0.566284;-0.94481;-0.0471817;0;0;0;0;0;0;0.365616;0.861275;-12.8588;-7.12828;84.1911;5.4364;
4.68706;-1.22605;-0.129947;-11.1107;0.0202425;0.0236086;-0.0215592;0.00453569;0.000643114;0.0177528;0.0011233;-0.00108321;-0.000247752;0;0;0;0;0;0;-0.00453569;-0.000643114;-0.0177528;-0.00999873;0.115506;-0.00162976;
4.68801;-1.21884;-0.137708;-11.106;0.0195982;0.0236715;-0.0202851;0;0;0;0;0;0;0;0;0;0;0;0;0;-0;-0;0;0;0;
4.68903;-1.21479;-0.144833;-11.1017;0.0190192;0.0237854;-0.0193995;0.22132;-0.0793829;0.892589;0.0343551;0.0641296;-0.00281505;0;0;0;0;0;0;-0.22132;0.0793829;-0.892589;-0.491824;5.68961;0.627958;
4.69004;-1.21257;-0.15096;-11.0966;0.0185445;0.0238471;-0.0188215;-1.55498;-1.29066;7.77454;0.336892;-0.561746;-0.0258745;0;0;0;0;0;0;1.55498;1.29066;-7.77454;-4.38168;51.0272;7.59473;
4.69106;-1.21663;-0.154283;-11.0958;0.0182548;0.0240385;-0.0186789;0;0;0;0;0;0;0;0;0;0;0;0;0;-0;-0;0;0;0;
4.69201;-1.22058;-0.157191;-11.0949;0.0181894;0.0241992;-0.0186059;1.21272;-0.212246;6.87045;0.0243359;-0.084637;0.0180114;0;0;0;0;0;0;-1.21272;0.212246;-6.87045;-3.50552;44.4217;1.96615;
4.69303;-1.22185;-0.160069;-11.0957;0.0183195;0.0243909;-0.0183643;0;0;0;0;0;0;0;0;0;0;0;0;0;-0;-0;0;0;0;
4.69404;-1.22395;-0.162596;-11.0979;0.0185838;0.0245813;-0.0179689;0.265418;0.00210532;1.03287;0.0650128;-0.0630377;-0.016578;0;0;0;0;0;0;-0.265418;-0.00210532;-1.03287;-0.584939;6.7201;0.136616;
4.69504;-1.225;-0.164089;-11.0978;0.0188886;0.0246747;-0.0175162;0.106456;0.0494851;0.439173;0.0199023;-0.0331164;-0.00109287;0;0;0;0;0;0;-0.106456;-0.0494851;-0.439173;-0.236093;2.86432;-0.265516;
4.69605;-1.22518;-0.165695;-11.0979;0.0191614;0.0247642;-0.016913;0.184552;0.0358744;0.725982;0.0325726;-0.054806;-0.00557206;0;0;0;0;0;0;-0.184552;-0.0358744;-0.725982;-0.394564;4.73412;-0.133634;
4.69706;-1.22385;-0.168695;-11.0983;0.0194122;0.0248122;-0.0161823;0;0;0;0;0;0;0;0;0;0;0;0;0;-0;-0;0;0;0;
4.69801;-1.22247;-0.174103;-11.0979;0.0197246;0.0247071;-0.015545;3.56471;-1.72463;14.9903;0.624338;0.709493;-0.0234323;0;0;0;0;0;0;-3.56471;1.72463;-14.9903;-8.3465;95.9354;12.9787;
4.69902;-1.22102;-0.17892;-11.0929;0.019785;0.0244107;-0.0148777;0;0;0;0;0;0;0;0;0;0;0;0;0;-0;-0;0;0;0;
4.70003;-1.22473;-0.184922;-11.0912;0.0198683;0.0240954;-0.014545;0;0;0;0;0;0;0;0;0;0;0;0;0;-0;-0;0;0;0;
4.70104;-1.23066;-0.190082;-11.0897;0.0199062;0.0236903;-0.0146697;-1.26207;2.72993;15.7432;-0.267903;-0.204404;-0.0450477;0;0;0;0;0;0;1.26207;-2.72993;-15.7432;-7.38598;102.206;-18.2559;
4.70205;-1.23895;-0.193544;-11.0901;0.0199095;0.0232846;-0.0152147;0.919112;0.585209;3.96694;-0.222943;0.0630154;0.0423582;0;0;0;0;0;0;-0.919112;-0.585209;-3.96694;-1.71597;25.5148;-3.36641;
4.703;-1.24268;-0.197334;-11.0897;0.0199984;0.0228792;-0.0159739;3.02;-0.495247;11.8829;-0.032536;-0.415063;0.00397115;0;0;0;0;0;0;-3.02;0.495247;-11.8829;-6.00127;77.0062;4.72162;
4.70402;-1.24895;-0.198637;-11.0916;0.0200833;0.022491;-0.0170558;0;0;0;0;0;0;0;0;0;0;0;0;0;-0;-0;0;0;0;
4.70502;-1.25111;-0.196974;-11.0914;0.0202074;0.0220577;-0.018152;3.29276;0.114039;13.0606;0.24496;-0.438964;-0.0280962;0;0;0;0;0;0;-3.29276;-0.114039;-13.0606;-6.81063;84.6234;0.948338;
4.70603;-1.24834;-0.193457;-11.0924;0.0204437;0.0217246;-0.0190704;0;0;0;0;0;0;0;0;0;0;0;0;0;-0;-0;0;0;0;
4.70703;-1.24634;-0.188262;-11.0945;0.0208317;0.0213983;-0.0200195;0;0;0;0;0;0;0;0;0;0;0;0;0;-0;-0;0;0;0;
4.70802;-1.2436;-0.182859;-11.0957;0.0213329;0.0210779;-0.0208784;5.68112;2.51138;23.7681;-0.682647;-0.216018;0.110793;0;0;0;0;0;0;-5.68112;-2.51138;-23.7681;-11.0344;153.449;-13.501;
4.70901;-1.2392;-0.178371;-11.0981;0.0220492;0.0207932;-0.0216941;4.33914;5.31803;23.342;-1.07313;0.22529;0.0909112;0;0;0;0;0;0;-4.33914;-5.31803;-23.342;-10.1474;150.385;-32.3189;
4.71001;-1.23081;-0.17295;-11.102;0.0228695;0.0205349;-0.0223762;0.341531;-0.0236994;1.33865;-0.0526615;-0.00378935;0.0151775;0;0;0;0;0;0;-0.341531;0.0236994;-1.33865;-0.623845;8.6319;0.310172;
4.71101;-1.22904;-0.167371;-11.1095;0.0237991;0.0203275;-0.023319;0;0;0;0;0;0;0;0;0;0;0;0;0;-0;-0;0;0;0;
4.71201;-1.22821;-0.161777;-11.1188;0.0246161;0.020177;-0.0242879;0;0;0;0;0;0;0;0;0;0;0;0;0;-0;-0;0;0;0;
4.713;-1.22575;-0.156291;-11.129;0.02531;0.0201072;-0.0251358;0;0;0;0;0;0;0;0;0;0;0;0;0;-0;-0;0;0;0;
4.71401;-1.22683;-0.148177;-11.1398;0.0256933;0.0200562;-0.0262879;5.21192;0.541338;20.345;-1.19982;0.311771;0.299069;0;0;0;0;0;0;-5.21192;-0.541338;-20.345;-8.99132;130.818;-1.17742;
4.71501;-1.23096;-0.139412;-11.1526;0.0258278;0.020105;-0.0275283;6.24337;-0.261339;34.2559;-0.224049;-0.579046;0.14922;0;0;0;0;0;0;-6.24337;0.261339;-34.2559;-17.0531;221.623;4.68599;
4.71601;-1.23503;-0.132656;-11.1659;0.0256744;0.0202336;-0.0285666;3.68302;-7.1184;26.7526;0.932743;0.560937;0.245223;0;0;0;0;0;0;-3.68302;7.1184;-26.7526;-15.12;172.186;47.6728;
4.717;-1.23783;-0.12553;-11.1764;0.0251513;0.0203681;-0.0294791;0;0;0;0;0;0;0;0;0;0;0;0;0;-0;-0;0;0;0;
4.71802;-1.24046;-0.121566;-11.1894;0.0246056;0.020605;-0.0301385;0;0;0;0;0;0;0;0;0;0;0;0;0;-0;-0;0;0;0;
4.71901;-1.23979;-0.118276;-11.1973;0.0237856;0.020802;-0.0304314;0;0;0;0;0;0;0;0;0;0;0;0;0;-0;-0;0;0;0;
4.72003;-1.23803;-0.116069;-11.2067;0.0230444;0.0210513;-0.0305628;3.38129;-0.0257049;21.9173;1.37883;-1.316;-0.214263;0;0;0;0;0;0;-3.38129;0.0257049;-21.9173;-12.4187;142.803;2.08338;
4.72101;-1.23474;-0.115935;-11.2178;0.0224134;0.0213971;-0.030334;0.73814;-1.37357;4.8151;0.154409;0.360858;0.0792692;0;0;0;0;0;0;-0.73814;1.37357;-4.8151;-2.7172;30.7235;9.18085;
4.72202;-1.23146;-0.116706;-11.2335;0.021873;0.02183;-0.0299411;0;0;0;0;0;0;0;0;0;0;0;0;0;-0;-0;0;0;0;
4.72303;-1.22371;-0.119888;-11.247;0.0213995;0.0222997;-0.029265;2.74313;0.945736;12.3333;0.115376;-0.520857;-0.0923156;0;0;0;0;0;0;-2.74313;-0.945736;-12.3333;-6.23131;80.0545;-4.64614;
4.72404;-1.21797;-0.126165;-11.268;0.0212818;0.0229274;-0.0287727;0;0;0;0;0;0;0;0;0;0;0;0;0;-0;-0;0;0;0;
4.72505;-1.21199;-0.13435;-11.2821;0.0210989;0.0233912;-0.0283146;-2.40714;3.15755;54.7958;-1.09004;-0.764114;0.215345;0;0;0;0;0;0;2.40714;-3.15755;-54.7958;-26.1874;355.59;-21.8601;
4.726;-1.20821;-0.143549;-11.2991;0.0211744;0.0238883;-0.0281498;0;0;0;0;0;0;0;0;0;0;0;0;0;-0;-0;0;0;0;
4.72702;-1.20649;-0.153851;-11.3121;0.021152;0.0243068;-0.0280729;0;0;0;0;0;0;0;0;0;0;0;0;0;-0;-0;0;0;0;
4.72803;-1.20411;-0.163682;-11.3194;0.0211152;0.0245449;-0.027998;-3.19882;1.60045;50.7252;0.146005;-0.909588;-0.0448111;0;0;0;0;0;0;3.19882;-1.60045;-50.7252;-25.5299;329.474;-11.9226;
4.72905;-1.20339;-0.174016;-11.3223;0.0211084;0.0246409;-0.0279179;-1.94293;-15.462;55.7261;1.59498;0.0165233;0.385697;0;0;0;0;0;0;1.94293;15.462;-55.7261;-31.211;360.783;98.6906;
4.73;-1.20315;-0.18284;-11.3214;0.0209889;0.0246011;-0.0277623;0;0;0;0;0;0;0;0;0;0;0;0;0;-0;-0;0;0;0;
4.73106;-1.20049;-0.192768;-11.3147;0.0208113;0.0244039;-0.0272816;0.551554;0.0568383;2.15292;0.136012;-0.131387;-0.031376;0;0;0;0;0;0;-0.551554;-0.0568383;-2.15292;-1.21449;14.0075;-0.0586686;
4.73205;-1.19722;-0.201625;-11.3073;0.0207291;0.0242042;-0.0267587;4.4923;0.383449;17.5216;-0.606247;-0.1078;0.162521;0;0;0;0;0;0;-4.4923;-0.383449;-17.5216;-8.17891;113.039;-0.381547;
4.733;-1.19013;-0.209425;-11.3016;0.0207786;0.0240836;-0.0259573;0;0;0;0;0;0;0;0;0;0;0;0;0;-0;-0;0;0;0;
4.73401;-1.18219;-0.217159;-11.2969;0.0209592;0.0239968;-0.0250188;-2.25193;-2.16426;9.43271;0.520532;-0.570971;0.0329757;0;0;0;0;0;0;2.25193;2.16426;-9.43271;-5.48812;61.8362;12.8379;
4.73504;-1.17353;-0.22422;-11.2938;0.0211879;0.0240414;-0.0239138;6.843;3.08771;28.141;-1.60589;0.439678;0.34226;0;0;0;0;0;0;-6.843;-3.08771;-28.141;-12.2555;180.974;-16.8768;
4.73602;-1.16778;-0.229522;-11.294;0.0215557;0.0241619;-0.0231466;0.146172;0.0148597;0.570515;0.0360403;-0.0348176;-0.00832701;0;0;0;0;0;0;-0.146172;-0.0148597;-0.570515;-0.321853;3.71194;-0.0142198;
4.73703;-1.16387;-0.2348;-11.297;0.0219493;0.0244139;-0.0225923;0;0;0;0;0;0;0;0;0;0;0;0;0;-0;-0;0;0;0;
4.73804;-1.16208;-0.23814;-11.2998;0.0222595;0.0246921;-0.0223479;0.54588;0.0369606;2.12706;0.0949391;-0.160616;-0.0215738;0;0;0;0;0;0;-0.54588;-0.0369606;-2.12706;-1.16239;13.87;0.0573007;
4.73905;-1.16272;-0.241364;-11.3041;0.0225482;0.0250844;-0.0224409;1.09089;0.161261;4.27191;0.191291;-0.322536;-0.0366736;0;0;0;0;0;0;-1.09089;-0.161261;-4.27191;-2.32638;27.8565;-0.457481;
4.74;-1.17027;-0.243118;-11.3096;0.0226794;0.0254131;-0.0229529;1.28944;1.45969;6.54859;-0.356699;0.109271;0.0458785;0;0;0;0;0;0;-1.28944;-1.45969;-6.54859;-2.79449;42.1372;-8.84221;
4.74102;-1.18094;-0.24492;-11.3124;0.0227281;0.0256053;-0.0239305;2.2106;-0.28143;8.64265;0.382679;-0.65256;-0.11913;0;0;0;0;0;0;-2.2106;0.28143;-8.64265;-4.7633;56.3571;3.0535;
4.74204;-1.19073;-0.248487;-11.3137;0.0227712;0.0258628;-0.0250969;7.11785;-3.59067;29.9182;-0.85851;1.04543;0.384788;0;0;0;0;0;0;-7.11785;3.59067;-29.9182;-14.5686;191.84;26.4349;
4.74306;-1.20459;-0.249542;-11.3114;0.0227287;0.0258794;-0.0267221;1.15747;0.313569;4.59871;0.206921;-0.347095;-0.0284137;0;0;0;0;0;0;-1.15747;-0.313569;-4.59871;-2.49129;29.9891;-1.4178;
4.744;-1.21578;-0.249222;-11.3084;0.0226596;0.0259033;-0.0282098;0;0;0;0;0;0;0;0;0;0;0;0;0;-0;-0;0;0;0;
4.74504;-1.22435;-0.247776;-11.3017;0.0225189;0.0258306;-0.0296855;3.90173;1.58307;15.8854;-0.910181;0.247322;0.198909;0;0;0;0;0;0;-3.90173;-1.58307;-15.8854;-6.93057;102.155;-8.47808;
4.74603;-1.2306;-0.246598;-11.2928;0.0225298;0.025673;-0.0309798;6.47515;2.21145;26.0739;-0.355532;0.249423;0.0446593;0;0;0;0;0;0;-6.47515;-2.21145;-26.0739;-12.5529;167.825;-11.0941;
4.74703;-1.23276;-0.244247;-11.2839;0.0225676;0.0254175;-0.0317731;5.8299;0.761887;22.8156;-0.597386;-0.301026;0.149243;0;0;0;0;0;0;-5.8299;-0.761887;-22.8156;-10.8158;147.355;-2.14353;
4.74804;-1.22689;-0.241496;-11.2741;0.0226754;0.0251543;-0.0319662;3.01357;-1.97359;13.6126;0.567217;0.558928;0.0256418;0;0;0;0;0;0;-3.01357;1.97359;-13.6126;-7.62062;87.2256;14.2631;
4.74905;-1.21944;-0.237581;-11.2652;0.0227089;0.024787;-0.0317598;-5.51085;2.48442;22.8876;-0.250916;-0.406298;-0.0151959;0;0;0;0;0;0;5.51085;-2.48442;-22.8876;-11.0255;149.066;-18.8367;
4.75001;-1.20417;-0.235856;-11.2576;0.0228473;0.0244802;-0.0309524;3.5657;-3.47255;24.6439;1.31952;-0.598271;-0.0615133;0;0;0;0;0;0;-3.5657;3.47255;-24.6439;-14.0787;159.711;24.328;
4.75102;-1.18501;-0.231351;-11.2484;0.0227207;0.0240162;-0.029912;6.58967;10.1967;41.4512;-1.10955;0.522447;-0.137544;0;0;0;0;0;0;-6.58967;-10.1967;-41.4512;-18.7407;267.046;-62.5268;
4.75202;-1.16847;-0.227264;-11.2442;0.0224952;0.0235567;-0.0288744;0;0;0;0;0;0;0;0;0;0;0;0;0;-0;-0;0;0;0;
4.75303;-1.15095;-0.225265;-11.242;0.0223004;0.0230847;-0.0278593;0;0;0;0;0;0;0;0;0;0;0;0;0;-0;-0;0;0;0;
4.75404;-1.13202;-0.22066;-11.2399;0.0217121;0.0226378;-0.0269025;0;0;0;0;0;0;0;0;0;0;0;0;0;-0;-0;0;0;0;
4.75505;-1.11371;-0.217628;-11.2335;0.0211478;0.0219061;-0.0262798;0;0;0;0;0;0;0;0;0;0;0;0;0;-0;-0;0;0;0;
4.75605;-1.10726;-0.214234;-11.2353;0.0205935;0.0213908;-0.0261583;0;0;0;0;0;0;0;0;0;0;0;0;0;-0;-0;0;0;0;
4.757;-1.10642;-0.211158;-11.2382;0.0200364;0.0209664;-0.0262613;3.86622;1.61901;15.7965;-0.301484;0.578915;0.0114037;0;0;0;0;0;0;-3.86622;-1.61901;-15.7965;-7.49087;101.252;-8.54101;
4.75801;-1.1097;-0.206498;-11.2463;0.0194945;0.0205926;-0.0267111;0;0;0;0;0;0;0;0;0;0;0;0;0;-0;-0;0;0;0;
4.75902;-1.1147;-0.204276;-11.2527;0.0191851;0.0203332;-0.0274632;0;0;0;0;0;0;0;0;0;0;0;0;0;-0;-0;0;0;0;
4.76003;-1.12361;-0.201242;-11.2652;0.0189685;0.0202707;-0.0284728;1.46828;1.26786;48.4163;-0.485737;-0.497969;0.165276;0;0;0;0;0;0;-1.46828;-1.26786;-48.4163;-23.7689;313.652;-7.6302;
4.76104;-1.13398;-0.198739;-11.2847;0.0189911;0.0204348;-0.0295712;0;0;0;0;0;0;0;0;0;0;0;0;0;-0;-0;0;0;0;
4.76205;-1.14283;-0.196261;-11.3062;0.0191489;0.0207228;-0.0306395;-2.62961;-2.93695;10.5448;0.413477;-0.374657;0.063783;0;0;0;0;0;0;2.62961;2.93695;-10.5448;-6.0187;68.8739;17.617;
4.763;-1.14732;-0.196828;-11.3314;0.0195742;0.0212013;-0.0312975;3.71877;-3.35518;18.622;0.784493;0.611334;0.0794642;0;0;0;0;0;0;-3.71877;3.35518;-18.622;-10.4994;119.518;23.5046;
4.76401;-1.14838;-0.197364;-11.3594;0.0200852;0.0217361;-0.0316926;0;0;0;0;0;0;0;0;0;0;0;0;0;-0;-0;0;0;0;
4.765;-1.1431;-0.201077;-11.3867;0.0208415;0.0222976;-0.0316358;0;0;0;0;0;0;0;0;0;0;0;0;0;-0;-0;0;0;0;
4.76606;-1.13385;-0.207237;-11.4148;0.0217996;0.0228342;-0.0311823;4.61951;1.75229;18.7132;-0.483627;-0.0811843;0.119297;0;0;0;0;0;0;-4.61951;-1.75229;-18.7132;-8.76415;120.71;-9.13197;
4.76701;-1.12238;-0.215373;-11.4386;0.0227796;0.0232414;-0.0304147;1.91824;-1.80926;10.791;0.514955;0.0248668;0.0235107;0;0;0;0;0;0;-1.91824;1.80926;-10.791;-6.13092;69.6108;12.6502;
4.76805;-1.11168;-0.227784;-11.4597;0.0237912;0.0235336;-0.0293597;0.00539515;-0.00265282;0.0224005;0.000840781;0.0016145;-1.13021e-05;0;0;0;0;0;0;-0.00539515;0.00265282;-0.0224005;-0.0123879;0.142797;0.0198946;
4.76903;-1.10152;-0.240778;-11.474;0.0246558;0.0236612;-0.0283053;0;0;0;0;0;0;0;0;0;0;0;0;0;-0;-0;0;0;0;
4.77002;-1.092;-0.255342;-11.4824;0.0254343;0.0236781;-0.0272266;-8.6816;2.36413;64.2588;-0.680937;-1.0154;0.198297;0;0;0;0;0;0;8.6816;-2.36413;-64.2588;-31.4417;417.705;-19.8685;
4.77102;-1.08503;-0.270618;-11.489;0.0261257;0.0237003;-0.0263111;0.63477;-0.321866;2.64556;0.099019;0.190753;-0.000550874;0;0;0;0;0;0;-0.63477;0.321866;-2.64556;-1.46362;16.8648;2.403;
4.77202;-1.08039;-0.285246;-11.4899;0.0266539;0.0236296;-0.0255376;1.11055;-0.454588;4.76568;0.27713;-0.204678;-0.0657925;0;0;0;0;0;0;-1.11055;0.454588;-4.76568;-2.72274;30.9318;3.56668;
4.77303;-1.07923;-0.298217;-11.4889;0.027037;0.023565;-0.0249394;-5.32037;8.05828;44.6743;-0.916222;-0.415086;-0.082001;0;0;0;0;0;0;5.32037;-8.05828;-44.6743;-20.772;290.036;-54.7423;
4.77404;-1.07764;-0.308158;-11.4881;0.0273644;0.0235941;-0.0245025;0;0;0;0;0;0;0;0;0;0;0;0;0;-0;-0;0;0;0;
4.77504;-1.07713;-0.316071;-11.4847;0.0277246;0.0235963;-0.0242227;-10.1371;4.23865;58.7887;-0.475989;-0.500931;-0.025718;0;0;0;0;0;0;10.1371;-4.23865;-58.7887;-28.7037;381.939;-32.5074;
4.77605;-1.07493;-0.321012;-11.4812;0.028084;0.0236961;-0.0239816;3.69493;-6.12134;23.28;0.941258;0.650347;0.122357;0;0;0;0;0;0;-3.69493;6.12134;-23.28;-13.2797;149.623;41.3495;
4.77706;-1.0737;-0.322686;-11.4775;0.0283536;0.0238207;-0.0238571;0;0;0;0;0;0;0;0;0;0;0;0;0;-0;-0;0;0;0;
4.77801;-1.07332;-0.321934;-11.4723;0.0285366;0.0239623;-0.0237853;0.871172;0.472738;3.66397;-0.207461;0.0577103;0.0418815;0;0;0;0;0;0;-0.871172;-0.472738;-3.66397;-1.5902;23.5642;-2.66224;
4.77901;-1.07394;-0.319546;-11.4648;0.028646;0.0240899;-0.0238584;0.785434;-1.33112;4.84897;0.157231;0.362005;0.0739078;0;0;0;0;0;0;-0.785434;1.33112;-4.84897;-2.73282;30.9367;8.93528;
4.78002;-1.07176;-0.315617;-11.4547;0.0285568;0.0242211;-0.0238411;0.384398;-0.171604;1.57906;0.0597734;0.113676;-0.00219714;0;0;0;0;0;0;-0.384398;0.171604;-1.57906;-0.872208;10.0658;1.30622;
4.78102;-1.07285;-0.311884;-11.4454;0.0283062;0.0243604;-0.0239125;0;0;0;0;0;0;0;0;0;0;0;0;0;-0;-0;0;0;0;
4.78203;-1.07105;-0.307262;-11.4283;0.0278653;0.0243627;-0.0240187;5.10345;-6.80391;33.4178;1.14357;-0.295472;0.129184;0;0;0;0;0;0;-5.10345;6.80391;-33.4178;-18.6558;216.029;46.4688;
4.78304;-1.07235;-0.300898;-11.4129;0.02717;0.0243555;-0.0241791;0;0;0;0;0;0;0;0;0;0;0;0;0;-0;-0;0;0;0;
4.78405;-1.06968;-0.294244;-11.3926;0.0262995;0.024252;-0.0242719;0.801792;-0.437733;3.37508;0.125438;0.243619;0.00179688;0;0;0;0;0;0;-0.801792;0.437733;-3.37508;-1.86906;21.5159;3.23454;
4.78505;-1.06756;-0.285841;-11.3713;0.0252627;0.0240865;-0.0243555;0;0;0;0;0;0;0;0;0;0;0;0;0;-0;-0;0;0;0;
4.78605;-1.06301;-0.274706;-11.3501;0.0241505;0.0238648;-0.0245012;3.64048;0.00453472;14.1724;-0.768655;0.15058;0.200295;0;0;0;0;0;0;-3.64048;-0.00453472;-14.1724;-6.36799;91.1931;1.60367;
4.78705;-1.05666;-0.264395;-11.3289;0.023087;0.0236834;-0.0245396;6.44967;-10.6341;44.9443;1.08346;0.520868;0.353572;0;0;0;0;0;0;-6.44967;10.6341;-44.9443;-24.785;289.665;71.7072;
4.78805;-1.05229;-0.251811;-11.311;0.0220755;0.0234697;-0.0247393;3.15805;-1.40214;12.9657;0.491039;0.933344;-0.0186682;0;0;0;0;0;0;-3.15805;1.40214;-12.9657;-7.16128;82.6503;10.6822;
4.78905;-1.04829;-0.23854;-11.2969;0.0212673;0.0232567;-0.0250382;-0.316359;0.457322;46.8493;-0.369102;-0.0542547;0.1279;0;0;0;0;0;0;0.316359;-0.457322;-46.8493;-23.1779;303.246;-3.24654;
4.79004;-1.04552;-0.226212;-11.2896;0.0206862;0.0231462;-0.0254208;0;0;0;0;0;0;0;0;0;0;0;0;0;-0;-0;0;0;0;
4.79103;-1.04566;-0.216686;-11.2855;0.0205027;0.0230027;-0.0258834;0;0;0;0;0;0;0;0;0;0;0;0;0;-0;-0;0;0;0;
4.79202;-1.04555;-0.208653;-11.2868;0.0205133;0.0229498;-0.0264234;0;0;0;0;0;0;0;0;0;0;0;0;0;-0;-0;0;0;0;
4.79306;-1.0493;-0.203828;-11.2947;0.0207107;0.0229985;-0.026961;0.272475;0.0795266;1.08608;-0.0628858;0.0167803;0.014548;0;0;0;0;0;0;-0.272475;-0.0795266;-1.08608;-0.476067;6.98383;-0.391947;
4.79403;-1.05412;-0.20207;-11.3066;0.0210747;0.0231301;-0.0274889;0;0;0;0;0;0;0;0;0;0;0;0;0;-0;-0;0;0;0;
4.79501;-1.05825;-0.202519;-11.325;0.0215758;0.0234098;-0.028085;0.436783;-0.915089;3.07051;0.0972041;0.231213;0.0550797;0;0;0;0;0;0;-0.436783;0.915089;-3.07051;-1.73539;19.5941;6.08639;
4.796;-1.05544;-0.2049;-11.3485;0.0221044;0.0238994;-0.0284418;6.26907;-3.71433;26.722;0.985041;1.93139;0.0373676;0;0;0;0;0;0;-6.26907;3.71433;-26.722;-14.8151;170.356;27.155;
4.797;-1.05019;-0.20912;-11.3702;0.0225404;0.0243377;-0.0288143;0;0;0;0;0;0;0;0;0;0;0;0;0;-0;-0;0;0;0;
4.79801;-1.04677;-0.212951;-11.4005;0.0230153;0.0249447;-0.0293341;0;0;0;0;0;0;0;0;0;0;0;0;0;-0;-0;0;0;0;
4.799;-1.04314;-0.217996;-11.4347;0.0235444;0.0256527;-0.029893;-1.07708;0.535674;16.8189;-0.317591;-0.2563;0.0880035;0;0;0;0;0;0;1.07708;-0.535674;-16.8189;-8.09848;109.199;-4.09674;
4.80006;-1.03229;-0.224565;-11.4695;0.0239967;0.0263011;-0.0302387;16.3522;1.1081;63.815;-1.23145;0.753022;0.352349;0;0;0;0;0;0;-16.3522;-1.1081;-63.815;-30.794;410.549;0.71204;
4.80106;-1.02793;-0.229211;-11.5003;0.0243274;0.0265867;-0.0308755;0.89089;-0.587372;3.87049;0.141067;0.280312;0.0100692;0;0;0;0;0;0;-0.89089;0.587372;-3.87049;-2.14921;24.676;4.23944;
4.80205;-1.02152;-0.232588;-11.5213;0.024332;0.0264735;-0.0315264;2.16398;0.0076537;8.74425;0.215113;-0.510957;-0.0303577;0;0;0;0;0;0;-2.16398;-0.0076537;-8.74425;-4.61788;56.8774;1.07059;
4.80306;-1.0184;-0.235732;-11.5385;0.0242784;0.0261536;-0.0322401;0;0;0;0;0;0;0;0;0;0;0;0;0;-0;-0;0;0;0;
4.804;-1.01384;-0.238004;-11.5501;0.0242359;0.0256032;-0.0328376;1.15659;1.43869;8.81365;-0.16957;-0.130517;0.0175068;0;0;0;0;0;0;-1.15659;-1.43869;-8.81365;-4.12443;57.0472;-8.74474;
4.80501;-1.01028;-0.240967;-11.5652;0.0243157;0.0250494;-0.0334089;0.398469;0.176733;1.63579;0.104621;-0.0996388;-0.0147199;0;0;0;0;0;0;-0.398469;-0.176733;-1.63579;-0.910642;10.6447;-0.928244;
4.80601;-1.0032;-0.243388;-11.5792;0.0245607;0.0245632;-0.0338739;1.39636;-0.489221;6.31941;0.318937;-0.0203132;-0.0111968;0;0;0;0;0;0;-1.39636;0.489221;-6.31941;-3.55048;40.7727;3.88012;
4.80701;-0.991806;-0.245418;-11.5892;0.024712;0.0241055;-0.0342302;4.10044;1.55814;16.6258;-0.144747;0.623276;-0.0302158;0;0;0;0;0;0;-4.10044;-1.55814;-16.6258;-8.07139;106.55;-7.98748;
4.80802;-0.976214;-0.24665;-11.5964;0.0247996;0.0237037;-0.0344474;1.13576;0.486612;4.64683;0.297049;-0.283089;-0.0429589;0;0;0;0;0;0;-1.13576;-0.486612;-4.64683;-2.58829;30.2385;-2.53393;
4.80902;-0.961111;-0.246214;-11.5956;0.0245544;0.0233392;-0.0346322;2.91918;9.21881;27.6322;-1.23299;0.630342;-0.0848196;0;0;0;0;0;0;-2.91918;-9.21881;-27.6322;-11.7565;177.884;-58.0996;
4.81003;-0.946111;-0.246794;-11.5892;0.0241234;0.0229561;-0.0345923;2.59478;4.09748;15.4025;-0.823697;0.267134;0.0676991;0;0;0;0;0;0;-2.59478;-4.09748;-15.4025;-6.52139;99.1415;-25.2756;
4.81103;-0.934662;-0.243649;-11.5796;0.0235284;0.0225656;-0.0347072;0.94698;0.429538;3.89646;0.249288;-0.237323;-0.034424;0;0;0;0;0;0;-0.94698;-0.429538;-3.89646;-2.16838;25.356;-2.26821;
4.81204;-0.922432;-0.239409;-11.5646;0.0228456;0.0221607;-0.0346739;2.36859;-0.236187;9.24369;-0.55616;0.141702;0.14613;0;0;0;0;0;0;-2.36859;0.236187;-9.24369;-4.12262;59.4359;2.57503;
4.81305;-0.912936;-0.232957;-11.5489;0.0223063;0.0217249;-0.0346879;0;0;0;0;0;0;0;0;0;0;0;0;0;-0;-0;0;0;0;
4.81405;-0.908212;-0.224451;-11.5337;0.0217388;0.0212555;-0.0345793;0.456051;-0.115295;1.80718;-0.110317;0.0278665;0.0296168;0;0;0;0;0;0;-0.456051;0.115295;-1.80718;-0.811344;11.6205;0.946115;
4.81505;-0.905707;-0.216388;-11.5199;0.021399;0.0207946;-0.0344007;0;0;0;0;0;0;0;0;0;0;0;0;0;-0;-0;0;0;0;
4.81606;-0.90188;-0.210748;-11.5042;0.0210799;0.020272;-0.0338687;0;0;0;0;0;0;0;0;0;0;0;0;0;-0;-0;0;0;0;
4.81701;-0.899523;-0.207625;-11.4917;0.0208898;0.0197821;-0.0331328;2.2158;0.215438;8.64617;0.386309;-0.652905;-0.0827328;0;0;0;0;0;0;-2.2158;-0.215438;-8.64617;-4.71883;56.3794;-0.195499;
4.81801;-0.896903;-0.207455;-11.4747;0.0206219;0.0192709;-0.0321158;-1.85173;-1.61426;5.73324;0.345132;-0.317904;0.0219614;0;0;0;0;0;0;1.85173;1.61426;-5.73324;-3.39448;37.6034;9.49133;
4.81901;-0.895236;-0.210237;-11.461;0.0203925;0.0188694;-0.0309475;0;0;0;0;0;0;0;0;0;0;0;0;0;-0;-0;0;0;0;
4.82001;-0.892813;-0.215405;-11.4474;0.0202004;0.0185591;-0.029688;5.09073;-1.25009;20.2235;0.083302;1.05222;0.0626381;0;0;0;0;0;0;-5.09073;1.25009;-20.2235;-10.3933;129.302;10.5903;
4.82104;-0.894983;-0.223733;-11.4367;0.0199955;0.0182529;-0.0285156;-0.127938;0.354497;6.18127;0.277603;-0.454569;0.0318154;0;0;0;0;0;0;0.127938;-0.354497;-6.18127;-3.35485;40.4661;-2.39018;
4.82203;-0.896214;-0.233893;-11.4283;0.0199331;0.0182955;-0.0275492;0;0;0;0;0;0;0;0;0;0;0;0;0;-0;-0;0;0;0;
4.82304;-0.897362;-0.244887;-11.4208;0.0198176;0.018431;-0.0267956;0;0;0;0;0;0;0;0;0;0;0;0;0;-0;-0;0;0;0;
4.82405;-0.900027;-0.256042;-11.4156;0.0196567;0.0186901;-0.0263072;0;0;0;0;0;0;0;0;0;0;0;0;0;-0;-0;0;0;0;
4.82506;-0.904626;-0.266372;-11.4109;0.0195397;0.0190053;-0.0262123;-4.56085;-1.8664;8.84301;0.380231;-0.619138;0.0654325;0;0;0;0;0;0;4.56085;1.8664;-8.84301;-5.02096;58.2999;9.71512;
4.82601;-0.909647;-0.275313;-11.4098;0.019423;0.0194352;-0.0263296;0;0;0;0;0;0;0;0;0;0;0;0;0;-0;-0;0;0;0;
4.82702;-0.915937;-0.283182;-11.4084;0.0193651;0.01985;-0.0268541;0;0;0;0;0;0;0;0;0;0;0;0;0;-0;-0;0;0;0;
4.82802;-0.919752;-0.287164;-11.409;0.0192249;0.0202587;-0.0276339;1.09609;0.611828;4.62886;0.210348;-0.348903;-0.00369265;0;0;0;0;0;0;-1.09609;-0.611828;-4.62886;-2.47997;30.192;-3.40343;
4.82902;-0.922824;-0.290261;-11.4152;0.0190721;0.0208345;-0.028503;3.29106;3.18571;15.7906;-0.867714;0.259426;0.128509;0;0;0;0;0;0;-3.29106;-3.18571;-15.7906;-6.76439;101.59;-19.0857;
4.83001;-0.927694;-0.291982;-11.4199;0.0191187;0.0211785;-0.0297845;-0.89059;-0.817178;3.14674;0.190091;-0.175701;0.00817167;0;0;0;0;0;0;0.89059;0.817178;-3.14674;-1.85684;20.6275;4.83125;
4.83105;-0.930317;-0.291385;-11.43;0.0190813;0.0216092;-0.0310624;1.14471;0.589536;4.78038;0.306434;-0.291001;-0.0374914;0;0;0;0;0;0;-1.14471;-0.589536;-4.78038;-2.6546;31.1096;-3.20089;
4.83203;-0.929398;-0.29244;-11.4404;0.0190695;0.021966;-0.0319449;2.369;-1.78519;12.7458;0.674764;-0.274827;-0.0546254;0;0;0;0;0;0;-2.369;1.78519;-12.7458;-7.27275;82.5141;12.7995;
4.83302;-0.932371;-0.289705;-11.4567;0.0189851;0.0221579;-0.0330249;-12.2141;8.86025;51.8213;-0.961501;-0.492889;-0.131977;0;0;0;0;0;0;12.2141;-8.86025;-51.8213;-24.2456;337.053;-63.3532;
4.83403;-0.930853;-0.291962;-11.4772;0.0192286;0.0224201;-0.0337163;0.585802;-0.302806;2.44752;0.0914614;0.176516;-5.2393e-05;0;0;0;0;0;0;-0.585802;0.302806;-2.44752;-1.35443;15.6024;2.2545;
4.83504;-0.930198;-0.295431;-11.497;0.019485;0.0224971;-0.0341388;-3.62824;-2.59054;7.42054;0.441862;-0.399602;0.0765441;0;0;0;0;0;0;3.62824;2.59054;-7.42054;-4.43897;48.7819;14.8595;
4.83605;-0.929783;-0.302079;-11.5257;0.0201385;0.0227326;-0.0343983;-0.189766;-2.86016;9.32457;0.447256;-0.0465132;0.0517491;0;0;0;0;0;0;0.189766;2.86016;-9.32457;-5.43031;60.4043;18.3606;
4.83706;-0.927761;-0.308738;-11.55;0.020691;0.0229456;-0.0344012;6.69146;1.60262;27.5311;-0.799136;-0.281465;0.223013;0;0;0;0;0;0;-6.69146;-1.60262;-27.5311;-12.9044;177.762;-7.2237;
4.838;-0.926992;-0.317152;-11.5764;0.021543;0.0233792;-0.0344274;0.502916;0.250747;2.09162;0.134006;-0.12735;-0.016954;0;0;0;0;0;0;-0.502916;-0.250747;-2.09162;-1.16215;13.6116;-1.35235;
4.83901;-0.923498;-0.327249;-11.6025;0.022449;0.023983;-0.0342847;0;0;0;0;0;0;0;0;0;0;0;0;0;-0;-0;0;0;0;
4.84001;-0.915942;-0.337159;-11.6227;0.0232394;0.024629;-0.0340716;3.66002;-0.848424;15.7088;-0.0588809;-0.315767;0.0622665;0;0;0;0;0;0;-3.66002;0.848424;-15.7088;-7.93718;101.599;7.271;
4.84101;-0.906434;-0.346584;-11.6423;0.0238945;0.0253306;-0.0338334;0.477052;-0.280603;2.03104;0.0749417;0.146775;0.00267565;0;0;0;0;0;0;-0.477052;0.280603;-2.03104;-1.12595;12.9481;2.05333;
4.84202;-0.897055;-0.354797;-11.6586;0.0243138;0.0258587;-0.0336939;0;0;0;0;0;0;0;0;0;0;0;0;0;-0;-0;0;0;0;
4.84301;-0.887804;-0.359989;-11.6699;0.0244725;0.0261185;-0.0336765;0;0;0;0;0;0;0;0;0;0;0;0;0;-0;-0;0;0;0;
4.84402;-0.877215;-0.36208;-11.6779;0.0243779;0.026185;-0.0337324;5.98382;4.89404;27.5746;-1.43875;0.368419;0.222909;0;0;0;0;0;0;-5.98382;-4.89404;-27.5746;-11.9562;177.464;-28.8785;
4.84503;-0.869347;-0.358613;-11.6834;0.0241508;0.0259828;-0.0340425;6.64462;2.57768;26.966;-0.610695;-0.17024;0.153929;0;0;0;0;0;0;-6.64462;-2.57768;-26.966;-12.7104;173.999;-13.4878;
4.84604;-0.865164;-0.350353;-11.6884;0.0238397;0.0256475;-0.0344402;0;0;0;0;0;0;0;0;0;0;0;0;0;-0;-0;0;0;0;
4.84705;-0.864606;-0.337968;-11.6865;0.0234865;0.0249753;-0.0349852;0;0;0;0;0;0;0;0;0;0;0;0;0;-0;-0;0;0;0;
4.84806;-0.86438;-0.32443;-11.6838;0.0232123;0.0243947;-0.0353414;0;0;0;0;0;0;0;0;0;0;0;0;0;-0;-0;0;0;0;
4.849;-0.864674;-0.309233;-11.6716;0.0227204;0.0237468;-0.0355973;0.710576;0.162117;2.80647;0.17812;-0.171221;-0.0352079;0;0;0;0;0;0;-0.710576;-0.162117;-2.80647;-1.57517;18.2604;-0.656001;
4.85001;-0.865084;-0.290942;-11.6596;0.0222441;0.023154;-0.0357382;0;0;0;0;0;0;0;0;0;0;0;0;0;-0;-0;0;0;0;
4.85101;-0.867286;-0.271499;-11.6533;0.0219772;0.022725;-0.0359727;0;0;0;0;0;0;0;0;0;0;0;0;0;-0;-0;0;0;0;
4.85202;-0.866625;-0.25207;-11.6489;0.0219302;0.0223933;-0.0360436;0;0;0;0;0;0;0;0;0;0;0;0;0;-0;-0;0;0;0;
4.85302;-0.859963;-0.232445;-11.653;0.0222401;0.022168;-0.0358979;1.85252;0.868007;7.64901;0.346542;-0.576857;-0.0184675;0;0;0;0;0;0;-1.85252;-0.868007;-7.64901;-4.11138;49.8871;-4.66543;
4.85403;-0.849763;-0.214248;-11.6655;0.0229715;0.0219998;-0.0357531;0;0;0;0;0;0;0;0;0;0;0;0;0;-0;-0;0;0;0;
4.85504;-0.831488;-0.196251;-11.6817;0.0239542;0.0217871;-0.0356434;1.20374;0.297491;4.76627;0.214203;-0.359808;-0.0316402;0;0;0;0;0;0;-1.20374;-0.297491;-4.76627;-2.5846;31.0812;-1.2872;
4.85606;-0.815403;-0.181887;-11.6996;0.0248956;0.0214961;-0.0355724;0.11918;-0.167574;0.666334;0.0221167;0.0493735;0.00846098;0;0;0;0;0;0;-0.11918;0.167574;-0.666334;-0.374509;4.25046;1.13592;
4.85701;-0.79922;-0.169936;-11.7124;0.0254329;0.0210532;-0.0355375;0.293395;-0.189458;1.26962;0.0463902;0.0919051;0.0029942;0;0;0;0;0;0;-0.293395;0.189458;-1.26962;-0.704793;8.09425;1.37073;
4.85803;-0.782468;-0.161801;-11.7156;0.0256381;0.0203531;-0.0355053;0;0;0;0;0;0;0;0;0;0;0;0;0;-0;-0;0;0;0;
4.85904;-0.769082;-0.156102;-11.7115;0.0253846;0.0195045;-0.0355325;0;0;0;0;0;0;0;0;0;0;0;0;0;-0;-0;0;0;0;
4.86005;-0.760473;-0.153957;-11.6953;0.0248901;0.018459;-0.0357149;0;0;0;0;0;0;0;0;0;0;0;0;0;-0;-0;0;0;0;
4.861;-0.758584;-0.155566;-11.6758;0.0241611;0.017448;-0.0358662;0;0;0;0;0;0;0;0;0;0;0;0;0;-0;-0;0;0;0;
4.86201;-0.76029;-0.160828;-11.6474;0.0232182;0.0164215;-0.0359516;2.07155;3.22679;12.2065;-0.653218;0.211423;0.0549668;0;0;0;0;0;0;-2.07155;-3.22679;-12.2065;-5.16988;78.5681;-19.8921;
4.86302;-0.765782;-0.169297;-11.6171;0.0221296;0.0154814;-0.0359322;0.560312;-0.379511;2.44729;0.0889535;0.177325;0.00713238;0;0;0;0;0;0;-0.560312;0.379511;-2.44729;-1.35951;15.6027;2.73083;
4.86403;-0.773399;-0.179688;-11.5879;0.0209474;0.0147001;-0.0357835;2.65459;-3.43572;15.1288;0.621216;0.505271;0.0974285;0;0;0;0;0;0;-2.65459;3.43572;-15.1288;-8.58506;97.1254;23.4717;
4.86504;-0.778614;-0.191455;-11.5591;0.0195993;0.0141088;-0.0354131;-0.87044;1.45242;15.5854;-0.21212;-0.105418;0.0192988;0;0;0;0;0;0;0.87044;-1.45242;-15.5854;-7.49075;101.045;-9.85619;
4.86605;-0.77985;-0.205466;-11.5367;0.0183114;0.0137535;-0.0347061;1.69292;1.68702;8.20242;0.37699;-0.61651;0.0489918;0;0;0;0;0;0;-1.69292;-1.68702;-8.20242;-4.33828;53.5238;-10.113;
4.86706;-0.778112;-0.218198;-11.5179;0.0169847;0.0136022;-0.0338233;0;0;0;0;0;0;0;0;0;0;0;0;0;-0;-0;0;0;0;
4.86806;-0.774757;-0.231672;-11.5071;0.0158759;0.0135805;-0.0328542;1.7905;-0.598103;7.18824;0.27819;0.516107;-0.0263506;0;0;0;0;0;0;-1.7905;0.598103;-7.18824;-3.95823;45.8187;4.79832;
4.86901;-0.767075;-0.242455;-11.5005;0.014925;0.0136489;-0.031926;0;0;0;0;0;0;0;0;0;0;0;0;0;-0;-0;0;0;0;
4.87002;-0.757432;-0.252471;-11.4988;0.0141594;0.0138785;-0.0311024;-0.791114;-0.311311;8.0884;0.357681;-0.590414;0.0122601;0;0;0;0;0;0;0.791114;0.311311;-8.0884;-4.46224;53.0093;1.60381;
4.87105;-0.747918;-0.258925;-11.5011;0.0135934;0.014339;-0.0306124;2.40691;0.886747;9.7254;0.439053;-0.73383;-0.0417502;0;0;0;0;0;0;-2.40691;-0.886747;-9.7254;-5.24768;63.4244;-4.48422;
4.87202;-0.742646;-0.264357;-11.5026;0.013283;0.0150575;-0.0304791;1.29113;7.19749;19.6665;-1.00657;0.387588;-0.0757659;0;0;0;0;0;0;-1.29113;-7.19749;-19.6665;-8.17459;126.743;-45.8484;
4.87302;-0.737823;-0.269194;-11.5084;0.0132676;0.0161598;-0.0306035;3.37559;-1.94087;14.3197;0.529659;1.03437;0.0153409;0;0;0;0;0;0;-3.37559;1.94087;-14.3197;-7.93593;91.2883;14.2438;
4.87403;-0.736177;-0.274483;-11.5028;0.0133798;0.0171678;-0.0310214;0.544271;-0.0110926;2.11823;-0.126453;0.0324539;0.0326617;0;0;0;0;0;0;-0.544271;0.0110926;-2.11823;-0.941395;13.6198;0.313211;
4.87503;-0.740496;-0.281622;-11.5056;0.013824;0.0183903;-0.0316874;0.672853;0.333119;3.40731;0.205092;-0.150086;-9.40205e-05;0;0;0;0;0;0;-0.672853;-0.333119;-3.40731;-1.88755;22.1309;-1.81665;
4.87604;-0.748746;-0.288797;-11.5119;0.0143401;0.0194607;-0.0325684;0;0;0;0;0;0;0;0;0;0;0;0;0;-0;-0;0;0;0;
4.87705;-0.757333;-0.297071;-11.5252;0.0150294;0.0203549;-0.0334424;-1.64536;-9.94453;55.6099;1.20333;-0.0212274;0.249476;0;0;0;0;0;0;1.64536;9.94453;-55.6099;-30.207;360.034;63.2722;
4.87805;-0.766406;-0.304471;-11.5533;0.0158937;0.0209815;-0.0343434;0;0;0;0;0;0;0;0;0;0;0;0;0;-0;-0;0;0;0;
4.879;-0.771707;-0.310025;-11.5877;0.0166889;0.0212164;-0.0350001;-10.9316;6.79828;82.2954;-0.780266;-0.678637;0.0466873;0;0;0;0;0;0;10.9316;-6.79828;-82.2954;-39.9807;534.303;-49.5429;
4.88001;-0.772518;-0.315144;-11.6391;0.0178416;0.0212623;-0.035463;0;0;0;0;0;0;0;0;0;0;0;0;0;-0;-0;0;0;0;
4.88101;-0.771938;-0.316358;-11.6982;0.0190316;0.0210718;-0.0357997;0.511003;-0.0910139;2.00671;-0.121642;0.0308514;0.032375;0;0;0;0;0;0;-0.511003;0.0910139;-2.00671;-0.898072;12.9031;0.813909;
4.882;-0.771438;-0.315866;-11.754;0.0205982;0.0207227;-0.0361925;0;0;0;0;0;0;0;0;0;0;0;0;0;-0;-0;0;0;0;
4.883;-0.766912;-0.31244;-11.8035;0.0223939;0.0202232;-0.0365274;3.27215;0.907568;13.0132;0.585466;-0.982288;-0.078708;0;0;0;0;0;0;-3.27215;-0.907568;-13.0132;-7.04774;84.861;-4.14624;
4.88401;-0.767478;-0.310029;-11.8486;0.0246857;0.0197443;-0.0372007;-12.1922;-0.0198361;68.6101;-0.134314;-0.557813;0.132212;0;0;0;0;0;0;12.1922;0.0198361;-68.6101;-34.4196;445.753;-6.14382;
4.88502;-0.763175;-0.306237;-11.8915;0.0273193;0.0190682;-0.038052;3.05714;0.336658;11.9383;0.754248;-0.728731;-0.172596;0;0;0;0;0;0;-3.05714;-0.336658;-11.9383;-6.73255;77.6736;-0.466325;
4.88602;-0.76117;-0.302153;-11.9246;0.0294802;0.0183404;-0.039081;1.72696;1.4683;7.96486;-0.440837;0.129373;0.071734;0;0;0;0;0;0;-1.72696;-1.4683;-7.96486;-3.42279;51.2371;-8.70332;
4.88702;-0.758651;-0.299654;-11.9408;0.0309092;0.0175381;-0.040259;1.8471;-3.17085;25.8749;-0.338433;-0.342731;0.344939;0;0;0;0;0;0;-1.8471;3.17085;-25.8749;-13.0105;167.591;21.1036;
4.88803;-0.754652;-0.298092;-11.9312;0.030693;0.016896;-0.0413307;-6.43295;0.864676;29.1565;-0.0973051;-0.335946;0.0302335;0;0;0;0;0;0;6.43295;-0.864676;-29.1565;-14.499;189.651;-8.8651;
4.88904;-0.750935;-0.30045;-11.9032;0.029146;0.016491;-0.0421554;-0.187405;-2.14865;70.194;-0.0794412;-0.0470289;0.244369;0;0;0;0;0;0;0.187405;2.14865;-70.194;-35.4859;454.285;13.565;
4.89005;-0.744291;-0.304243;-11.8701;0.0270338;0.0163248;-0.0425842;0;0;0;0;0;0;0;0;0;0;0;0;0;-0;-0;0;0;0;
4.89106;-0.736473;-0.313046;-11.842;0.02551;0.0162923;-0.0425163;0;0;0;0;0;0;0;0;0;0;0;0;0;-0;-0;0;0;0;
4.892;-0.726216;-0.323908;-11.8159;0.0244141;0.016405;-0.0418126;2.02803;-1.48109;9.00158;0.324447;0.653288;0.0343931;0;0;0;0;0;0;-2.02803;1.48109;-9.00158;-5.00637;57.3915;10.5709;
4.89301;-0.717279;-0.336404;-11.8027;0.0238865;0.0167933;-0.0408743;0;0;0;0;0;0;0;0;0;0;0;0;0;-0;-0;0;0;0;
4.894;-0.709789;-0.350582;-11.7899;0.0236671;0.0172458;-0.0397362;0;0;0;0;0;0;0;0;0;0;0;0;0;-0;-0;0;0;0;
4.89505;-0.702108;-0.365289;-11.7761;0.0234036;0.0177694;-0.0383278;0;0;0;0;0;0;0;0;0;0;0;0;0;-0;-0;0;0;0;
4.89605;-0.699367;-0.375674;-11.7608;0.0229252;0.0182689;-0.0371335;7.55268;4.29581;32.2355;-0.557509;0.457998;0.029465;0;0;0;0;0;0;-7.55268;-4.29581;-32.2355;-15.2448;207.377;-24.0238;
4.89704;-0.700468;-0.381832;-11.7451;0.0223468;0.0186255;-0.0362357;-3.84617;-4.40641;16.1715;0.974787;-0.910144;-0.0161562;0;0;0;0;0;0;3.84617;4.40641;-16.1715;-9.56127;105.941;26.5927;
4.89803;-0.703085;-0.380593;-11.7278;0.02146;0.0188678;-0.0357203;1.80193;0.688116;7.30058;-0.372784;0.1392;0.0790538;0;0;0;0;0;0;-1.80193;-0.688116;-7.30058;-3.23468;46.9213;-3.62434;
4.89903;-0.70858;-0.373428;-11.7085;0.020347;0.0188309;-0.0356737;1.39711;0.622738;5.73826;0.259734;-0.432829;-0.0162658;0;0;0;0;0;0;-1.39711;-0.622738;-5.73826;-3.08698;37.4243;-3.30983;
4.90003;-0.713243;-0.360499;-11.6868;0.019042;0.0185916;-0.0358758;-1.59351;2.45966;25.9285;-0.515068;-0.338507;0.100177;0;0;0;0;0;0;1.59351;-2.45966;-25.9285;-12.2955;168.28;-16.8189;
4.90103;-0.716461;-0.343658;-11.6673;0.0177915;0.0183487;-0.0361287;0;0;0;0;0;0;0;0;0;0;0;0;0;-0;-0;0;0;0;
4.90202;-0.717375;-0.325353;-11.6432;0.0165702;0.0178355;-0.0362934;0;0;0;0;0;0;0;0;0;0;0;0;0;-0;-0;0;0;0;
4.90302;-0.715398;-0.306756;-11.6255;0.0154124;0.0173497;-0.0362619;0;0;0;0;0;0;0;0;0;0;0;0;0;-0;-0;0;0;0;
4.90402;-0.7058;-0.29211;-11.605;0.0145044;0.0169134;-0.0357623;7.49378;4.34318;32.0056;-0.9641;-0.238233;0.200236;0;0;0;0;0;0;-7.49378;-4.34318;-32.0056;-14.7177;206.591;-24.5307;
4.90503;-0.692708;-0.282257;-11.5921;0.0138896;0.0166243;-0.0349951;2.64949;0.17703;10.3236;0.651106;-0.630249;-0.156295;0;0;0;0;0;0;-2.64949;-0.17703;-10.3236;-5.83228;67.1671;0.345034;
4.90602;-0.677349;-0.276974;-11.5804;0.013499;0.0165165;-0.0341649;0.489091;0.115228;1.93368;0.111779;-0.046061;-0.0250981;0;0;0;0;0;0;-0.489091;-0.115228;-1.93368;-1.07401;12.5096;-0.474227;
4.90702;-0.659915;-0.276389;-11.5717;0.0133357;0.0165522;-0.0334435;0.936727;-0.0733487;3.65166;-0.219233;0.0559994;0.0573626;0;0;0;0;0;0;-0.936727;0.0733487;-3.65166;-1.62711;23.4795;0.889005;
4.90802;-0.642664;-0.278502;-11.568;0.0133842;0.016764;-0.0331042;5.21711;0.0624374;20.4266;1.16161;-0.526557;-0.250953;0;0;0;0;0;0;-5.21711;-0.0624374;-20.4266;-11.4422;132.182;2.47426;
4.90901;-0.628659;-0.282401;-11.5689;0.0135502;0.0171371;-0.0332238;1.01266;0.0489546;3.96875;-0.055193;-0.0976979;0.0224104;0;0;0;0;0;0;-1.01266;-0.0489546;-3.96875;-1.93855;25.6774;0.170784;
4.91;-0.616429;-0.285363;-11.5732;0.01382;0.0176642;-0.0338901;1.13242;2.15369;7.48632;-0.396593;0.132883;0.0217625;0;0;0;0;0;0;-1.13242;-2.15369;-7.48632;-3.15723;48.1966;-13.3878;
4.91106;-0.605809;-0.288241;-11.5809;0.0142436;0.0183194;-0.0349591;3.99015;-2.19167;43.6128;0.307329;-0.397715;0.185718;0;0;0;0;0;0;-3.99015;2.19167;-43.6128;-22.4908;282.211;16.0058;
4.91206;-0.596946;-0.288041;-11.5926;0.0147076;0.0190342;-0.0363096;2.1141;1.44484;9.25069;-0.517968;0.147791;0.0952902;0;0;0;0;0;0;-2.1141;-1.44484;-9.25069;-3.99558;59.5003;-8.38008;
4.913;-0.585436;-0.285021;-11.6026;0.0151209;0.0196525;-0.0375638;0.182622;-0.00571486;0.710858;-0.0424807;0.0108946;0.011001;0;0;0;0;0;0;-0.182622;0.00571486;-0.710858;-0.316081;4.57066;0.117948;
4.91401;-0.576611;-0.282577;-11.6051;0.015712;0.0200983;-0.03899;3.27082;4.44156;17.9821;-0.969393;0.306547;0.100609;0;0;0;0;0;0;-3.27082;-4.44156;-17.9821;-7.64033;115.725;-27.1943;
4.91501;-0.567128;-0.280489;-11.6056;0.0161607;0.0205408;-0.0400557;0;0;0;0;0;0;0;0;0;0;0;0;0;-0;-0;0;0;0;
4.91601;-0.559845;-0.279291;-11.6001;0.0165034;0.0208077;-0.040877;0;0;0;0;0;0;0;0;0;0;0;0;0;-0;-0;0;0;0;
4.917;-0.554231;-0.278475;-11.5904;0.01651;0.0207295;-0.041342;0.546821;0.155057;2.17676;0.13842;-0.13278;-0.025314;0;0;0;0;0;0;-0.546821;-0.155057;-2.17676;-1.21906;14.1635;-0.702666;
4.91801;-0.54646;-0.281308;-11.5786;0.0164135;0.0205424;-0.041357;0;0;0;0;0;0;0;0;0;0;0;0;0;-0;-0;0;0;0;
4.91901;-0.537748;-0.288527;-11.5658;0.0162225;0.0200812;-0.0408577;2.43929;-0.25115;9.5214;0.596503;-0.581246;-0.16815;0;0;0;0;0;0;-2.43929;0.25115;-9.5214;-5.4167;61.9483;3.02174;
4.92002;-0.530263;-0.29616;-11.559;0.0157495;0.0193088;-0.0400568;-0.429385;6.3494;37.6763;-0.824372;-0.0385576;0.00131528;0;0;0;0;0;0;0.429385;-6.3494;-37.6763;-17.5118;243.881;-41.3039;
4.92102;-0.524278;-0.302626;-11.5604;0.0152137;0.0183499;-0.039222;3.2055;1.1151;12.9017;-0.441461;0.366889;0.077651;0;0;0;0;0;0;-3.2055;-1.1151;-12.9017;-5.94387;82.797;-5.67903;
4.92202;-0.521958;-0.308984;-11.5703;0.014641;0.0172319;-0.0382555;0;0;0;0;0;0;0;0;0;0;0;0;0;-0;-0;0;0;0;
4.92303;-0.518966;-0.312305;-11.5866;0.0140667;0.0161514;-0.0372676;0;0;0;0;0;0;0;0;0;0;0;0;0;-0;-0;0;0;0;
4.92403;-0.517849;-0.315807;-11.602;0.0137741;0.0150722;-0.0364868;2.05429;1.60889;44.9643;0.171629;-0.203656;0.0142845;0;0;0;0;0;0;-2.05429;-1.60889;-44.9643;-22.654;290.956;-9.39069;
4.92503;-0.523806;-0.316712;-11.6265;0.013511;0.0142962;-0.0360491;0;0;0;0;0;0;0;0;0;0;0;0;0;-0;-0;0;0;0;
4.92603;-0.532183;-0.319013;-11.6486;0.0134944;0.0138802;-0.0358141;3.9454;-3.41914;18.5522;0.138659;1.06243;0.209085;0;0;0;0;0;0;-3.9454;3.41914;-18.5522;-9.82491;118.591;23.9027;
4.92705;-0.541114;-0.319636;-11.6706;0.0134824;0.0135748;-0.0359502;0;0;0;0;0;0;0;0;0;0;0;0;0;-0;-0;0;0;0;
4.92802;-0.555168;-0.319872;-11.695;0.0136445;0.0134839;-0.0364923;0;0;0;0;0;0;0;0;0;0;0;0;0;-0;-0;0;0;0;
4.92902;-0.570714;-0.320017;-11.717;0.0139014;0.0134312;-0.0373031;-6.73866;2.05632;32.6206;-0.208495;-0.295593;0.00501106;0;0;0;0;0;0;6.73866;-2.05632;-32.6206;-16.0128;212.057;-16.7048;
4.93001;-0.584255;-0.31886;-11.7414;0.0142547;0.0134437;-0.0382775;0;0;0;0;0;0;0;0;0;0;0;0;0;-0;-0;0;0;0;
4.93105;-0.59632;-0.318757;-11.7646;0.0147574;0.0134571;-0.0392193;0;0;0;0;0;0;0;0;0;0;0;0;0;-0;-0;0;0;0;
4.93205;-0.605739;-0.317558;-11.7837;0.0152993;0.0133966;-0.0400212;6.68934;3.73841;28.406;-0.765771;-0.294359;0.166793;0;0;0;0;0;0;-6.68934;-3.73841;-28.406;-13.1641;183.435;-20.9889;
4.93305;-0.612043;-0.315051;-11.8024;0.0160243;0.0134064;-0.0408138;-2.89467;4.53155;35.1279;-0.427067;-0.234275;-0.00504225;0;0;0;0;0;0;2.89467;-4.53155;-35.1279;-16.8083;227.834;-30.7759;
4.93404;-0.616523;-0.313116;-11.8217;0.0168695;0.0134447;-0.0413681;0;0;0;0;0;0;0;0;0;0;0;0;0;-0;-0;0;0;0;
4.93504;-0.616851;-0.311757;-11.8401;0.0176487;0.0135314;-0.0417527;0;0;0;0;0;0;0;0;0;0;0;0;0;-0;-0;0;0;0;
4.93605;-0.611037;-0.312391;-11.8559;0.0183244;0.0137176;-0.0418354;0;0;0;0;0;0;0;0;0;0;0;0;0;-0;-0;0;0;0;
4.93705;-0.601827;-0.314177;-11.8667;0.0185271;0.0138974;-0.0415978;0;0;0;0;0;0;0;0;0;0;0;0;0;-0;-0;0;0;0;
4.93805;-0.585578;-0.31589;-11.8776;0.0183035;0.0140069;-0.0410864;0;0;0;0;0;0;0;0;0;0;0;0;0;-0;-0;0;0;0;
4.93906;-0.5665;-0.320138;-11.8768;0.0174501;0.0140549;-0.0402504;-1.80799;12.1905;59.7703;-1.62596;-0.257202;0.010929;0;0;0;0;0;0;1.80799;-12.1905;-59.7703;-27.2502;387.206;-79.8046;
4.94003;-0.546432;-0.323904;-11.8816;0.0162914;0.0140775;-0.0393416;0;0;0;0;0;0;0;0;0;0;0;0;0;-0;-0;0;0;0;
4.94105;-0.525099;-0.32755;-11.8823;0.0148044;0.0140449;-0.0383174;5.66649;-6.50842;36.6242;1.36655;-0.114434;0.280936;0;0;0;0;0;0;-5.66649;6.50842;-36.6242;-20.4641;236.537;44.688;
4.94203;-0.509028;-0.331384;-11.886;0.0135283;0.0140554;-0.0376295;2.81167;-11.3136;40.418;1.92723;-0.126622;0.0877633;0;0;0;0;0;0;-2.81167;11.3136;-40.418;-23.4179;261.385;74.5373;
4.94302;-0.492891;-0.335311;-11.8856;0.0125304;0.0140686;-0.0369779;3.87112;1.99953;16.1722;0.733664;-1.21944;-0.0248453;0;0;0;0;0;0;-3.87112;-1.99953;-16.1722;-8.6772;105.479;-10.9644;
4.94402;-0.486368;-0.341998;-11.874;0.0124073;0.0144087;-0.0366441;-1.07356;-7.7792;22.7095;0.899962;0.0223077;0.184678;0;0;0;0;0;0;1.07356;7.7792;-22.7095;-13.1176;147.036;49.613;
4.94502;-0.485128;-0.349585;-11.8504;0.0128765;0.0149092;-0.0364914;0;0;0;0;0;0;0;0;0;0;0;0;0;-0;-0;0;0;0;
4.94603;-0.486652;-0.360797;-11.8247;0.0137526;0.0155192;-0.0363657;0.35699;-0.201587;1.51021;0.055981;0.10905;0.00132325;0;0;0;0;0;0;-0.35699;0.201587;-1.51021;-0.836765;9.62747;1.4829;
4.94704;-0.489321;-0.373773;-11.8047;0.0145011;0.0158764;-0.036417;3.06375;9.16684;27.7662;-1.44383;0.51902;-0.0120372;0;0;0;0;0;0;-3.06375;-9.16684;-27.7662;-11.6187;178.845;-57.7627;
4.94805;-0.490875;-0.388182;-11.7991;0.0149775;0.016001;-0.0365617;0;0;0;0;0;0;0;0;0;0;0;0;0;-0;-0;0;0;0;
4.94904;-0.490029;-0.402195;-11.7937;0.0150171;0.0156986;-0.0367355;0;0;0;0;0;0;0;0;0;0;0;0;0;-0;-0;0;0;0;
4.95004;-0.487706;-0.414208;-11.7919;0.0146867;0.0154537;-0.0369189;0.897466;0.516238;3.82157;-0.118526;-0.00077008;0.0230935;0;0;0;0;0;0;-0.897466;-0.516238;-3.82157;-1.75418;24.6396;-2.91164;
4.95104;-0.483872;-0.421692;-11.7847;0.0141267;0.0153048;-0.0370644;0.597052;0.244931;2.43315;0.10998;-0.183573;-0.00850807;0;0;0;0;0;0;-0.597052;-0.244931;-2.43315;-1.31072;15.8682;-1.27574;
4.95204;-0.479835;-0.421887;-11.7672;0.0133643;0.0153643;-0.0373392;0;0;0;0;0;0;0;0;0;0;0;0;0;-0;-0;0;0;0;
4.95304;-0.4745;-0.421035;-11.7382;0.0129509;0.0157988;-0.0374892;0;0;0;0;0;0;0;0;0;0;0;0;0;-0;-0;0;0;0;
4.95404;-0.469816;-0.413985;-11.7116;0.012365;0.01618;-0.0376852;0;0;0;0;0;0;0;0;0;0;0;0;0;-0;-0;0;0;0;
4.95502;-0.460811;-0.404239;-11.6851;0.0118996;0.0165189;-0.0377988;8.74264;-6.14148;41.2691;0.733437;1.01647;0.140314;0;0;0;0;0;0;-8.74264;6.14148;-41.2691;-22.1333;265.153;44.0033;
4.95601;-0.45336;-0.394899;-11.6675;0.0115738;0.016768;-0.0380021;0.748161;-0.799914;3.71718;0.127853;0.272681;0.0329463;0;0;0;0;0;0;-0.748161;0.799914;-3.71718;-2.08016;23.7057;5.51998;
4.957;-0.444586;-0.384974;-11.6534;0.011147;0.016829;-0.0381564;6.76151;1.76989;26.8338;-0.502016;0.999102;0.0644169;0;0;0;0;0;0;-6.76151;-1.76989;-26.8338;-12.8338;171.96;-8.11206;
4.95801;-0.435199;-0.375971;-11.645;0.0108307;0.0167768;-0.0383389;-1.33151;-2.31594;5.73563;0.338439;-0.323163;-0.05192;0;0;0;0;0;0;1.33151;2.31594;-5.73563;-3.45947;37.5714;14.3676;
4.95902;-0.425056;-0.366172;-11.6416;0.0105612;0.0166533;-0.0386138;0;0;0;0;0;0;0;0;0;0;0;0;0;-0;-0;0;0;0;
4.96002;-0.414949;-0.35565;-11.6424;0.010302;0.0163602;-0.0390437;0;0;0;0;0;0;0;0;0;0;0;0;0;-0;-0;0;0;0;
4.96102;-0.403698;-0.347508;-11.6429;0.0103277;0.0161762;-0.0394257;0;0;0;0;0;0;0;0;0;0;0;0;0;-0;-0;0;0;0;
4.96201;-0.393555;-0.338365;-11.6447;0.010464;0.0158633;-0.0399582;2.52841;0.305848;9.88071;-0.58161;0.151716;0.144134;0;0;0;0;0;0;-2.52841;-0.305848;-9.88071;-4.36361;63.5313;-0.84993;
4.96301;-0.384359;-0.327916;-11.6501;0.0105649;0.0154995;-0.0405103;0;0;0;0;0;0;0;0;0;0;0;0;0;-0;-0;0;0;0;
4.96402;-0.373733;-0.31733;-11.6508;0.0107909;0.0149997;-0.0409812;0.17787;0.172219;0.853495;0.055344;-0.0517141;-0.00109886;0;0;0;0;0;0;-0.17787;-0.172219;-0.853495;-0.467871;5.55672;-1.02373;
4.96502;-0.366999;-0.308187;-11.6554;0.0111404;0.0144832;-0.0414757;0.620767;0.198287;2.89443;0.0118372;-0.0692172;0.026319;0;0;0;0;0;0;-0.620767;-0.198287;-2.89443;-1.44956;18.7364;-0.996794;
4.96601;-0.361612;-0.300224;-11.6633;0.0116047;0.0139864;-0.0418908;0;0;0;0;0;0;0;0;0;0;0;0;0;-0;-0;0;0;0;
4.96704;-0.356295;-0.294531;-11.6693;0.012128;0.0133978;-0.0420327;8.30653;11.9229;49.3335;-1.62346;0.244806;-0.0223717;0;0;0;0;0;0;-8.30653;-11.9229;-49.3335;-22.0236;318.152;-72.9458;
4.96803;-0.353268;-0.291228;-11.6783;0.0124934;0.0127876;-0.041973;-4.71875;-7.01249;27.2361;1.54624;-1.10763;0.0702738;0;0;0;0;0;0;4.71875;7.01249;-27.2361;-15.9666;177.823;42.9303;
4.96903;-0.352131;-0.287786;-11.6875;0.0123387;0.0121115;-0.0416999;0.0216472;0.0134759;0.0930517;0.0059827;-0.0056598;-0.000572134;0;0;0;0;0;0;-0.0216472;-0.0134759;-0.0930517;-0.0514904;0.605612;-0.075727;
4.97004;-0.353453;-0.286029;-11.6987;0.011972;0.0114126;-0.0413101;0.739186;0.873834;3.82061;0.248733;-0.230948;0.00469825;0;0;0;0;0;0;-0.739186;-0.873834;-3.82061;-2.08504;24.8794;-5.28691;
4.97104;-0.35685;-0.286822;-11.7151;0.0115126;0.0106448;-0.0407816;-2.97413;-0.295454;59.7063;-0.626901;-0.386631;0.281894;0;0;0;0;0;0;2.97413;0.295454;-59.7063;-29.4709;387.038;0.132177;
4.97204;-0.363563;-0.287356;-11.7416;0.0111764;0.00996177;-0.0403801;0;0;0;0;0;0;0;0;0;0;0;0;0;-0;-0;0;0;0;
4.97304;-0.374402;-0.290316;-11.7732;0.0110648;0.00943644;-0.0399518;-1.71563;-1.3117;10.2189;0.630099;-0.582108;0.0310666;0;0;0;0;0;0;1.71563;1.3117;-10.2189;-5.90805;66.8794;7.59281;
4.97404;-0.387977;-0.294716;-11.8045;0.0110736;0.00921406;-0.0396082;0;0;0;0;0;0;0;0;0;0;0;0;0;-0;-0;0;0;0;
4.97505;-0.407552;-0.302045;-11.8314;0.0112158;0.00950579;-0.0393171;0;0;0;0;0;0;0;0;0;0;0;0;0;-0;-0;0;0;0;
4.976;-0.430404;-0.311258;-11.851;0.0114305;0.0101014;-0.0391112;1.71094;-0.175186;6.67815;-0.401855;0.102499;0.105644;0;0;0;0;0;0;-1.71094;0.175186;-6.67815;-2.97886;42.9392;1.88959;
4.97706;-0.458131;-0.324623;-11.8654;0.0117864;0.0109839;-0.038909;0.071243;0.0357866;0.296572;0.0134468;-0.0223648;-0.000531489;0;0;0;0;0;0;-0.071243;-0.0357866;-0.296572;-0.159207;1.93429;-0.195161;
4.97801;-0.482816;-0.338974;-11.8706;0.0123026;0.0119254;-0.0386935;0;0;0;0;0;0;0;0;0;0;0;0;0;-0;-0;0;0;0;
4.97901;-0.505584;-0.354357;-11.8657;0.0128428;0.0128932;-0.038454;0;0;0;0;0;0;0;0;0;0;0;0;0;-0;-0;0;0;0;
4.98004;-0.526552;-0.370649;-11.8525;0.0135388;0.0138206;-0.0381027;0.414098;-0.941355;3.31309;0.113244;0.0897808;0.0367407;0;0;0;0;0;0;-0.414098;0.941355;-3.31309;-1.87625;21.3072;6.26319;
4.98103;-0.54085;-0.38371;-11.8335;0.0139356;0.014613;-0.0375683;1.2931;0.839804;5.60172;-0.314442;0.0892357;0.0592076;0;0;0;0;0;0;-1.2931;-0.839804;-5.60172;-2.42226;36.0289;-4.84227;
4.98204;-0.546355;-0.393266;-11.8084;0.0141792;0.0151936;-0.0367908;0.251783;-0.148427;1.07235;0.039582;0.0774853;0.00143125;0;0;0;0;0;0;-0.251783;0.148427;-1.07235;-0.594521;6.83625;1.08582;
4.98305;-0.547834;-0.399561;-11.7807;0.0140211;0.0155992;-0.0358677;0.903224;-0.577774;3.9017;0.142784;0.282352;0.00875771;0;0;0;0;0;0;-0.903224;0.577774;-3.9017;-2.1657;24.8744;4.18481;
4.98402;-0.541347;-0.39968;-11.761;0.0134691;0.0158392;-0.0349929;0;0;0;0;0;0;0;0;0;0;0;0;0;-0;-0;0;0;0;
4.98505;-0.532912;-0.399421;-11.7312;0.0126358;0.0160673;-0.0339857;7.01548;-4.24635;30.7567;0.412022;0.70251;0.145327;0;0;0;0;0;0;-7.01548;4.24635;-30.7567;-16.3275;197.616;30.8652;
4.98604;-0.521062;-0.398588;-11.7108;0.0115162;0.0161496;-0.0331937;7.06448;2.15008;28.2495;-1.13884;-0.00298082;0.304324;0;0;0;0;0;0;-7.06448;-2.15008;-28.2495;-12.8717;182.093;-10.6596;
4.98704;-0.509567;-0.398984;-11.6932;0.0104888;0.0163147;-0.0327545;3.68993;-3.1459;20.5621;0.958711;0.178819;0.0904977;0;0;0;0;0;0;-3.68993;3.1459;-20.5621;-11.6297;132.505;22.1245;
4.98804;-0.498311;-0.399841;-11.6797;0.00934931;0.0163122;-0.032725;0.798682;-0.85788;16.8605;0.723597;-1.02826;-0.0033623;0;0;0;0;0;0;-0.798682;0.85788;-16.8605;-9.3007;110.05;5.95681;
4.98904;-0.488503;-0.40186;-11.6699;0.00830622;0.016268;-0.033077;0.402824;7.76058;40.1001;-1.33361;0.014686;0.0366817;0;0;0;0;0;0;-0.402824;-7.76058;-40.1001;-18.0815;259.428;-50.0515;
4.99003;-0.478808;-0.405265;-11.6627;0.00753365;0.0161229;-0.0338366;-17.1459;11.4922;68.0807;-1.25739;-0.641021;-0.166062;0;0;0;0;0;0;17.1459;-11.4922;-68.0807;-31.8741;442.904;-82.8331;
4.991;-0.467116;-0.411815;-11.6593;0.00710517;0.0159493;-0.0346128;0;0;0;0;0;0;0;0;0;0;0;0;0;-0;-0;0;0;0;
4.99206;-0.455843;-0.417895;-11.6586;0.00708937;0.015554;-0.0357465;6.13922;1.87309;25.5519;-0.0808352;-0.0652842;0.159707;0;0;0;0;0;0;-6.13922;-1.87309;-25.5519;-12.599;164.792;-9.18848;
4.99306;-0.444039;-0.422261;-11.6657;0.00743175;0.0149417;-0.0368898;-3.66805;-0.752301;9.77603;0.429478;-0.694393;0.107708;0;0;0;0;0;0;3.66805;0.752301;-9.77603;-5.42824;64.3221;2.91311;
4.99405;-0.431359;-0.42697;-11.6786;0.00827048;0.0142819;-0.0379318;0;0;0;0;0;0;0;0;0;0;0;0;0;-0;-0;0;0;0;
4.99506;-0.41587;-0.429977;-11.7052;0.00942079;0.0133672;-0.0387998;0;0;0;0;0;0;0;0;0;0;0;0;0;-0;-0;0;0;0;
4.996;-0.399799;-0.432287;-11.7402;0.0107885;0.0123008;-0.0393751;0;0;0;0;0;0;0;0;0;0;0;0;0;-0;-0;0;0;0;
4.99701;-0.378906;-0.433319;-11.7824;0.0122667;0.0110582;-0.039735;0.385034;-0.218948;1.63058;0.0604106;0.117749;0.00154597;0;0;0;0;0;0;-0.385034;0.218948;-1.63058;-0.903555;10.3948;1.60914;
4.99806;-0.359486;-0.433916;-11.8243;0.0136263;0.00994698;-0.0400604;0;0;0;0;0;0;0;0;0;0;0;0;0;-0;-0;0;0;0;
4.99905;-0.343306;-0.433285;-11.8441;0.0143231;0.00941887;-0.040437;6.49664;4.06333;28.721;0.0361676;-0.598311;0.126794;0;0;0;0;0;0;-6.49664;-4.06333;-28.721;-14.0921;185.796;-23.1483;
5.00004;-0.331969;-0.432532;-11.839;0.0142372;0.00967852;-0.0407462;0;0;0;0;0;0;0;0;0;0;0;0;0;-0;-0;0;0;0;
5.00104;-0.325506;-0.432511;-11.8076;0.0135308;0.0104854;-0.0410971;0.169256;-0.160355;0.806425;0.028173;0.0589268;0.00580434;0;0;0;0;0;0;-0.169256;0.160355;-0.806425;-0.450391;5.14235;1.11707;
5.00204;-0.321586;-0.430951;-11.7649;0.0122886;0.0114083;-0.0415198;-2.89212;-1.86065;5.64885;0.337352;-0.303056;0.0728962;0;0;0;0;0;0;2.89212;1.86065;-5.64885;-3.36895;37.1464;10.5107;
5.00304;-0.316868;-0.428993;-11.7242;0.0107726;0.0121195;-0.0418388;0;0;0;0;0;0;0;0;0;0;0;0;0;-0;-0;0;0;0;
5.00404;-0.311053;-0.425693;-11.6917;0.00923259;0.0122349;-0.0421121;0;0;0;0;0;0;0;0;0;0;0;0;0;-0;-0;0;0;0;
5.00505;-0.303225;-0.422085;-11.6705;0.0076355;0.0117809;-0.042332;0;0;0;0;0;0;0;0;0;0;0;0;0;-0;-0;0;0;0;
5.00605;-0.294989;-0.416503;-11.6642;0.00618694;0.0107721;-0.0426155;-0.0966129;-2.54345;24.9725;1.406;-0.837259;0.117316;0;0;0;0;0;0;0.0966129;2.54345;-24.9725;-14.2375;162.44;16.2923;
5.00705;-0.289383;-0.411775;-11.6698;0.00480191;0.0094608;-0.0430018;0;0;0;0;0;0;0;0;0;0;0;0;0;-0;-0;0;0;0;
5.00805;-0.283421;-0.405837;-11.6776;0.00356209;0.00813902;-0.0433081;2.38087;2.91676;12.4929;-0.677304;0.21059;0.0799121;0;0;0;0;0;0;-2.38087;-2.91676;-12.4929;-5.32121;80.3899;-17.7548;
5.00904;-0.278937;-0.399817;-11.6882;0.00266205;0.00701874;-0.0434442;0.0963956;0.19104;0.653868;0.0429669;-0.0392362;0.00512924;0;0;0;0;0;0;-0.0963956;-0.19104;-0.653868;-0.353071;4.26064;-1.19278;
5.01003;-0.274238;-0.391552;-11.6991;0.00199022;0.00621094;-0.0432219;0;0;0;0;0;0;0;0;0;0;0;0;0;-0;-0;0;0;0;
5.011;-0.271001;-0.382704;-11.7079;0.0014245;0.0056185;-0.0425866;-5.78437;-0.3598;14.7516;0.0143208;-0.439501;0.0774928;0;0;0;0;0;0;5.78437;0.3598;-14.7516;-7.47934;96.4758;-0.662286;
5.01203;-0.265719;-0.375103;-11.7186;0.00111488;0.00536887;-0.0414576;0;0;0;0;0;0;0;0;0;0;0;0;0;-0;-0;0;0;0;
5.01302;-0.258832;-0.368779;-11.7271;0.000951427;0.00525871;-0.0399995;5.09928;7.31827;30.0384;-1.03083;0.000698322;0.0239857;0;0;0;0;0;0;-5.09928;-7.31827;-30.0384;-13.3616;193.861;-44.8115;
5.01402;-0.255163;-0.361673;-11.7484;0.00112509;0.00516646;-0.0387827;2.31729;9.84569;27.8857;-1.4353;0.538821;-0.0709704;0;0;0;0;0;0;-2.31729;-9.84569;-27.8857;-11.6193;179.673;-62.4721;
5.01502;-0.253492;-0.356053;-11.7767;0.00176469;0.00491623;-0.0377204;1.96603;-0.178341;7.69384;0.151038;0.460824;-0.0230728;0;0;0;0;0;0;-1.96603;0.178341;-7.69384;-4.04357;49.1275;2.16718;
5.01603;-0.252217;-0.352763;-11.8148;0.00302639;0.00460344;-0.0367933;2.64647;-9.03807;33.5107;1.58469;-0.0454241;0.113496;0;0;0;0;0;0;-2.64647;9.03807;-33.5107;-19.3683;216.622;59.7033;
5.01704;-0.253936;-0.350077;-11.8514;0.0048832;0.00450763;-0.0361302;4.5053;3.57705;20.4024;-1.13332;0.329799;0.192442;0;0;0;0;0;0;-4.5053;-3.57705;-20.4024;-8.78212;131.239;-21.0701;
5.01804;-0.2574;-0.349741;-11.8805;0.00748334;0.00488357;-0.0356822;-2.0453;3.59949;31.4841;-0.369102;0.0675049;-0.0311412;0;0;0;0;0;0;2.0453;-3.59949;-31.4841;-15.1249;203.867;-24.2906;
5.01903;-0.264178;-0.351067;-11.9045;0.0102042;0.00554508;-0.0354957;0.449609;0.0826666;1.76666;-0.103345;0.0271898;0.0250287;0;0;0;0;0;0;-0.449609;-0.0826666;-1.76666;-0.778044;11.3595;-0.333529;
5.02004;-0.274255;-0.355084;-11.9168;0.0127124;0.00634601;-0.0354806;6.58462;-0.979873;25.9835;-0.177815;0.923592;0.127141;0;0;0;0;0;0;-6.58462;0.979873;-25.9835;-13.0059;166.551;9.5295;
5.02104;-0.287825;-0.360895;-11.926;0.0144396;0.00712442;-0.0356835;0;0;0;0;0;0;0;0;0;0;0;0;0;-0;-0;0;0;0;
5.02205;-0.302882;-0.366974;-11.9277;0.0154026;0.00794393;-0.0360986;0;0;0;0;0;0;0;0;0;0;0;0;0;-0;-0;0;0;0;
5.02305;-0.320608;-0.374569;-11.9226;0.0157919;0.00901045;-0.0366308;-0.280954;0.618274;38.4427;-0.230893;-0.036435;0.0746928;0;0;0;0;0;0;0.280954;-0.618274;-38.4427;-19.0668;248.822;-4.21695;
5.02406;-0.338222;-0.382345;-11.9108;0.0157025;0.0102886;-0.0370315;1.39299;-6.66259;20.2844;0.880075;0.279653;0.134604;0;0;0;0;0;0;-1.39299;6.66259;-20.2844;-11.7643;130.838;43.6796;
5.025;-0.352601;-0.38891;-11.8947;0.0152378;0.0116418;-0.0372214;6.9125;9.11414;37.4813;-2.02369;0.637158;0.218285;0;0;0;0;0;0;-6.9125;-9.11414;-37.4813;-15.9367;241.205;-55.7134;
5.02601;-0.36589;-0.396376;-11.8741;0.0145581;0.0129346;-0.0372132;8.00553;-4.93696;35.7785;0.793021;0.883453;0.150458;0;0;0;0;0;0;-8.00553;4.93696;-35.7785;-19.3068;229.83;35.8275;
5.02701;-0.373645;-0.402748;-11.8544;0.0136252;0.0139391;-0.0368868;0;0;0;0;0;0;0;0;0;0;0;0;0;-0;-0;0;0;0;
5.02801;-0.376629;-0.407355;-11.8344;0.0125955;0.0146483;-0.0363349;-8.23034;-14.3623;35.5499;1.74586;-0.435632;0.329029;0;0;0;0;0;0;8.23034;14.3623;-35.5499;-21.091;231.3;88.4623;
5.02902;-0.374339;-0.40943;-11.8139;0.0115067;0.0150486;-0.0356799;3.37311;-2.19578;14.6188;0.534055;1.05823;0.0357215;0;0;0;0;0;0;-3.37311;2.19578;-14.6188;-8.11659;93.1992;15.8715;
5.03001;-0.37138;-0.411719;-11.7953;0.0105175;0.0152112;-0.0349481;4.65936;1.44582;18.6584;-0.121324;-0.315517;0.0720005;0;0;0;0;0;0;-4.65936;-1.44582;-18.6584;-9.12991;120.584;-7.08122;
5.03105;-0.366082;-0.413849;-11.7766;0.00977442;0.0152501;-0.0343169;0;0;0;0;0;0;0;0;0;0;0;0;0;-0;-0;0;0;0;
5.03205;-0.358842;-0.415596;-11.7613;0.00922305;0.0152244;-0.0338955;0;0;0;0;0;0;0;0;0;0;0;0;0;-0;-0;0;0;0;
5.03305;-0.351995;-0.417462;-11.7424;0.00857035;0.014976;-0.0335858;0;0;0;0;0;0;0;0;0;0;0;0;0;-0;-0;0;0;0;
5.034;-0.345242;-0.419677;-11.7254;0.0079757;0.0148442;-0.0334015;0;0;0;0;0;0;0;0;0;0;0;0;0;-0;-0;0;0;0;
5.03501;-0.337978;-0.420911;-11.7094;0.00719172;0.0146687;-0.0333243;0;0;0;0;0;0;0;0;0;0;0;0;0;-0;-0;0;0;0;
5.03601;-0.331683;-0.423507;-11.6924;0.00642593;0.0146056;-0.0333026;0;0;0;0;0;0;0;0;0;0;0;0;0;-0;-0;0;0;0;
5.037;-0.328398;-0.426565;-11.6774;0.00560955;0.014527;-0.0334664;-2.86688;-8.68825;25.9884;0.935;-0.110528;0.23002;0;0;0;0;0;0;2.86688;8.68825;-25.9884;-14.8952;168.565;54.5466;
5.03801;-0.326288;-0.430856;-11.6636;0.00477012;0.0145448;-0.0336359;0.354482;-0.0618925;1.39156;-0.0843158;0.0214117;0.0224307;0;0;0;0;0;0;-0.354482;0.0618925;-1.39156;-0.62269;8.94757;0.556584;
5.03901;-0.325689;-0.436581;-11.6507;0.00416472;0.0145661;-0.0339838;0;0;0;0;0;0;0;0;0;0;0;0;0;-0;-0;0;0;0;
5.04002;-0.325092;-0.445201;-11.639;0.00387414;0.0146046;-0.0343483;1.46523;0.27433;5.75939;0.364865;-0.351561;-0.0760786;0;0;0;0;0;0;-1.46523;-0.27433;-5.75939;-3.23775;37.4726;-0.961178;
5.04103;-0.324044;-0.453948;-11.6268;0.00360896;0.0145766;-0.034703;-1.3803;-3.5086;24.9407;-0.085796;-0.435633;0.285952;0;0;0;0;0;0;1.3803;3.5086;-24.9407;-12.8267;161.962;21.7226;
5.04203;-0.322291;-0.461217;-11.6207;0.00363113;0.0145115;-0.0353477;0;0;0;0;0;0;0;0;0;0;0;0;0;-0;-0;0;0;0;
5.04303;-0.319894;-0.469641;-11.6154;0.00386539;0.0144199;-0.0359731;0;0;0;0;0;0;0;0;0;0;0;0;0;-0;-0;0;0;0;
5.04401;-0.312993;-0.473234;-11.6135;0.00398185;0.0141145;-0.0367891;3.94443;6.58391;24.3864;-0.933433;0.0956141;0.0667597;0;0;0;0;0;0;-3.94443;-6.58391;-24.3864;-10.6865;157.309;-40.6839;
5.04505;-0.301789;-0.481664;-11.6113;0.00455722;0.013912;-0.0376112;0;0;0;0;0;0;0;0;0;0;0;0;0;-0;-0;0;0;0;
5.04605;-0.288192;-0.485559;-11.6075;0.00478023;0.0135667;-0.0382927;5.97366;0.638096;23.3368;-0.111078;1.06069;0.00621493;0;0;0;0;0;0;-5.97366;-0.638096;-23.3368;-11.5773;149.349;-1.1269;
5.04705;-0.274776;-0.486383;-11.607;0.00496356;0.0131829;-0.0390801;2.48647;-2.41428;12.2773;0.490528;0.5443;0.0564464;0;0;0;0;0;0;-2.48647;2.41428;-12.2773;-6.91583;78.6507;16.8182;
5.04805;-0.258719;-0.484257;-11.6078;0.00501187;0.0127571;-0.0397067;0.132281;0.220365;0.80874;0.0529868;-0.0486589;0.00459181;0;0;0;0;0;0;-0.132281;-0.220365;-0.80874;-0.438142;5.26861;-1.36392;
5.04906;-0.241252;-0.478238;-11.6124;0.00489429;0.0123475;-0.0402653;0;0;0;0;0;0;0;0;0;0;0;0;0;-0;-0;0;0;0;
5.05;-0.226543;-0.470812;-11.618;0.0047523;0.0119585;-0.0406536;0.725602;0.33699;2.9931;0.135511;-0.225772;-0.00743191;0;0;0;0;0;0;-0.725602;-0.33699;-2.9931;-1.609;19.5208;-1.80776;
5.05101;-0.208529;-0.462786;-11.6234;0.00463593;0.0115503;-0.0407958;-4.54917;-11.063;30.5253;1.48837;-0.29398;0.239338;0;0;0;0;0;0;4.54917;11.063;-30.5253;-17.9718;198.275;69.0564;
5.05201;-0.194966;-0.453739;-11.6322;0.00445397;0.0110734;-0.0408307;-7.71943;-4.70178;14.7527;0.882483;-0.789954;0.210001;0;0;0;0;0;0;7.71943;4.70178;-14.7527;-8.78406;97.0273;26.327;
5.05305;-0.180377;-0.445;-11.6389;0.00429929;0.010546;-0.0406534;1.30938;14.0698;59.3204;-1.03494;-0.199906;-0.118456;0;0;0;0;0;0;-1.30938;-14.0698;-59.3204;-27.4261;383.922;-90.2657;
5.05404;-0.168316;-0.43791;-11.6464;0.00422507;0.00997787;-0.0403228;0;0;0;0;0;0;0;0;0;0;0;0;0;-0;-0;0;0;0;
5.05504;-0.158305;-0.431769;-11.6536;0.0041201;0.00929747;-0.0398608;-7.66165;7.53495;38.8514;-0.788318;-0.254399;-0.0970851;0;0;0;0;0;0;7.66165;-7.53495;-38.8514;-18.0207;252.425;-52.5188;
5.05604;-0.150056;-0.428604;-11.6627;0.00417188;0.00855239;-0.0393296;6.25713;-4.6184;32.5683;1.53804;0.233438;0.0853037;0;0;0;0;0;0;-6.25713;4.6184;-32.5683;-18.4032;209.883;32.9507;
5.05704;-0.145222;-0.426967;-11.6748;0.00424864;0.00766483;-0.0388439;2.31264;-1.58092;10.1199;0.367749;0.733275;0.0305116;0;0;0;0;0;0;-2.31264;1.58092;-10.1199;-5.62291;64.5191;11.364;
5.05803;-0.142226;-0.425283;-11.6927;0.00448736;0.00670445;-0.0384156;-9.16327;-6.57936;24.8216;0.93656;-1.0148;0.324498;0;0;0;0;0;0;9.16327;6.57936;-24.8216;-14.0974;162.552;37.6349;
5.05903;-0.141397;-0.422421;-11.7195;0.00490386;0.00577673;-0.0380929;0;0;0;0;0;0;0;0;0;0;0;0;0;-0;-0;0;0;0;
5.06002;-0.142791;-0.420034;-11.7475;0.00552012;0.00490063;-0.037774;0;0;0;0;0;0;0;0;0;0;0;0;0;-0;-0;0;0;0;
5.06101;-0.148131;-0.416449;-11.781;0.00612596;0.00418285;-0.0375735;0;0;0;0;0;0;0;0;0;0;0;0;0;-0;-0;0;0;0;
5.06201;-0.156428;-0.411092;-11.8153;0.00658772;0.0037512;-0.037382;1.59396;0.661268;6.68037;0.194176;-0.410798;0.0125349;0;0;0;0;0;0;-1.59396;-0.661268;-6.68037;-3.49202;43.4784;-3.48877;
5.06301;-0.166963;-0.405766;-11.8452;0.00688208;0.00367383;-0.0371047;5.11129;-6.08246;27.74;0.992833;0.795316;0.170216;0;0;0;0;0;0;-5.11129;6.08246;-27.74;-15.5735;178.193;41.7625;
5.06402;-0.179152;-0.400323;-11.867;0.00681209;0.00378006;-0.0366852;3.56053;3.76255;26.5384;-0.74058;-0.0109237;0.143987;0;0;0;0;0;0;-3.56053;-3.76255;-26.5384;-12.2464;171.379;-22.6978;
5.06503;-0.191262;-0.398127;-11.882;0.00668955;0.00421818;-0.0360016;-8.94996;5.60585;62.8327;-0.555889;-0.524113;-0.00746663;0;0;0;0;0;0;8.94996;-5.60585;-62.8327;-30.5238;408.003;-40.7743;
5.06603;-0.204285;-0.396746;-11.892;0.00645091;0.00467595;-0.0352982;5.72403;6.77415;30.2804;-0.534013;0.504527;-0.106506;0;0;0;0;0;0;-5.72403;-6.77415;-30.2804;-14.035;194.86;-40.8453;
5.06703;-0.21682;-0.397852;-11.8962;0.00613216;0.00506665;-0.0345443;2.14744;1.80295;9.8696;-0.546559;0.160304;0.0896374;0;0;0;0;0;0;-2.14744;-1.80295;-9.8696;-4.24274;63.4887;-10.6748;
5.06803;-0.230665;-0.401813;-11.8943;0.00590974;0.00547371;-0.0338818;1.12322;3.04115;9.6844;-0.334305;0.0697812;-0.021195;0;0;0;0;0;0;-1.12322;-3.04115;-9.6844;-4.2374;62.4836;-19.0919;
5.06903;-0.243278;-0.406351;-11.8922;0.00548139;0.00586299;-0.0333368;0.909528;1.26521;5.05862;-0.27231;0.086546;0.0273147;0;0;0;0;0;0;-0.909528;-1.26521;-5.05862;-2.14817;32.5557;-7.75626;
5.07003;-0.254915;-0.413132;-11.8821;0.0051366;0.00642809;-0.0329255;0.0673624;0.0415678;0.289114;0.0131533;-0.0217892;6.81185e-05;0;0;0;0;0;0;-0.0673624;-0.0415678;-0.289114;-0.154577;1.88584;-0.235123;
5.07103;-0.266218;-0.420133;-11.8699;0.00462914;0.0071664;-0.0327142;0.320764;0.185607;1.36208;0.0618953;-0.102678;-0.000584302;0;0;0;0;0;0;-0.320764;-0.185607;-1.36208;-0.729202;8.88427;-1.03891;
5.07202;-0.274961;-0.428095;-11.8474;0.00418315;0.00821009;-0.0325965;3.76958;5.39951;30.2986;-0.355382;0.124183;-0.0580048;0;0;0;0;0;0;-3.76958;-5.39951;-30.2986;-14.3608;195.555;-32.983;
5.07302;-0.28402;-0.435606;-11.8225;0.00369777;0.0093443;-0.0326464;0;0;0;0;0;0;0;0;0;0;0;0;0;-0;-0;0;0;0;
5.07402;-0.290542;-0.44269;-11.7884;0.00328567;0.0104895;-0.032727;0;0;0;0;0;0;0;0;0;0;0;0;0;-0;-0;0;0;0;
5.07503;-0.295498;-0.448131;-11.7507;0.00295676;0.0115989;-0.0328416;-2.72535;-0.641885;6.18261;0.270378;-0.436295;0.0738882;0;0;0;0;0;0;2.72535;0.641885;-6.18261;-3.4484;40.7166;2.70716;
5.07602;-0.296272;-0.451167;-11.7178;0.00265815;0.0125754;-0.0328812;1.93958;-1.44721;8.65146;0.311264;0.628092;0.0352841;0;0;0;0;0;0;-1.93958;1.44721;-8.65146;-4.81347;55.1594;10.3061;
5.07702;-0.294468;-0.450376;-11.6875;0.00223158;0.0131813;-0.032864;0;0;0;0;0;0;0;0;0;0;0;0;0;-0;-0;0;0;0;
5.07801;-0.2933;-0.447708;-11.6699;0.00192565;0.0135421;-0.0329121;0;0;0;0;0;0;0;0;0;0;0;0;0;-0;-0;0;0;0;
5.07901;-0.291474;-0.443266;-11.6617;0.00182688;0.0136357;-0.0330265;0;0;0;0;0;0;0;0;0;0;0;0;0;-0;-0;0;0;0;
5.08001;-0.287869;-0.43736;-11.6636;0.00190282;0.0133563;-0.0331024;0;0;0;0;0;0;0;0;0;0;0;0;0;-0;-0;0;0;0;
5.08105;-0.283296;-0.433756;-11.6773;0.00232125;0.0127385;-0.0331103;0;0;0;0;0;0;0;0;0;0;0;0;0;-0;-0;0;0;0;
5.08204;-0.277805;-0.432182;-11.6978;0.0028764;0.0117146;-0.0330479;4.12867;7.37699;26.284;-1.39646;0.463426;0.0892869;0;0;0;0;0;0;-4.12867;-7.37699;-26.284;-11.0994;169.202;-45.7454;
5.08303;-0.268457;-0.436244;-11.7211;0.00369057;0.0106046;-0.0327022;0;0;0;0;0;0;0;0;0;0;0;0;0;-0;-0;0;0;0;
5.08402;-0.262815;-0.44262;-11.7345;0.00459178;0.00959692;-0.0324179;0;0;0;0;0;0;0;0;0;0;0;0;0;-0;-0;0;0;0;
5.08506;-0.259434;-0.452618;-11.7271;0.00559069;0.00913852;-0.0320748;2.59039;-1.72318;11.2736;0.410945;0.816393;0.0303615;0;0;0;0;0;0;-2.59039;1.72318;-11.2736;-6.26137;71.8731;12.4246;
5.08603;-0.257959;-0.464445;-11.6995;0.0064615;0.00924519;-0.031864;0;0;0;0;0;0;0;0;0;0;0;0;0;-0;-0;0;0;0;
5.08701;-0.257316;-0.475684;-11.6623;0.00717645;0.00946311;-0.0318226;0;0;0;0;0;0;0;0;0;0;0;0;0;-0;-0;0;0;0;
5.08801;-0.253462;-0.488367;-11.6268;0.00788504;0.00977736;-0.0318734;0;0;0;0;0;0;0;0;0;0;0;0;0;-0;-0;0;0;0;
5.08906;-0.246688;-0.496587;-11.6055;0.0083095;0.00945579;-0.0322968;0;0;0;0;0;0;0;0;0;0;0;0;0;-0;-0;0;0;0;
5.09005;-0.237094;-0.500135;-11.5989;0.00853935;0.00882709;-0.0328586;-1.26816;-1.06507;8.87994;0.548177;-0.508074;0.0173472;0;0;0;0;0;0;1.26816;1.06507;-8.87994;-5.12707;58.096;6.23587;
5.09105;-0.224615;-0.499298;-11.6035;0.00866782;0.00806885;-0.0335285;1.08747;0.551966;4.53285;0.290384;-0.276077;-0.0360473;0;0;0;0;0;0;-1.08747;-0.551966;-4.53285;-2.51771;29.4982;-2.98798;
5.09205;-0.211003;-0.492955;-11.6128;0.00848235;0.00732183;-0.0342791;0;0;0;0;0;0;0;0;0;0;0;0;0;-0;-0;0;0;0;
5.09305;-0.195386;-0.483278;-11.6171;0.00817156;0.00680176;-0.0350089;0;0;0;0;0;0;0;0;0;0;0;0;0;-0;-0;0;0;0;
5.09405;-0.18199;-0.471601;-11.6193;0.00782466;0.00658085;-0.0358169;1.20091;-8.88347;38.8813;1.44405;-0.427027;0.334026;0;0;0;0;0;0;-1.20091;8.88347;-38.8813;-21.9167;251.9;57.7542;
5.09503;-0.167518;-0.457952;-11.6182;0.00737649;0.00655861;-0.0365929;0;0;0;0;0;0;0;0;0;0;0;0;0;-0;-0;0;0;0;
5.09602;-0.1533;-0.445718;-11.6158;0.00702853;0.00667193;-0.0373119;0;0;0;0;0;0;0;0;0;0;0;0;0;-0;-0;0;0;0;
5.09702;-0.140599;-0.43447;-11.6154;0.00673504;0.00684863;-0.037961;-0.923411;-1.06859;8.09511;0.498781;-0.465421;-0.00454141;0;0;0;0;0;0;0.923411;1.06859;-8.09511;-4.68279;52.9402;6.45417;
5.09801;-0.12911;-0.423962;-11.6128;0.00631456;0.00697681;-0.0384937;-8.10389;-3.20969;13.7118;0.58689;-0.952975;0.123787;0;0;0;0;0;0;8.10389;3.20969;-13.7118;-7.81446;90.4935;16.5644;
5.09905;-0.117548;-0.413653;-11.6132;0.00585369;0.00723041;-0.038935;0;0;0;0;0;0;0;0;0;0;0;0;0;-0;-0;0;0;0;
5.10005;-0.108784;-0.40665;-11.6124;0.00549227;0.00752578;-0.0391841;2.40331;-1.96997;10.9742;0.390475;0.798567;0.057838;0;0;0;0;0;0;-2.40331;1.96997;-10.9742;-6.11488;69.972;13.8998;
5.10105;-0.103348;-0.401639;-11.6117;0.00503347;0.00785307;-0.0392632;5.77375;2.09634;23.3512;-0.387983;0.436832;0.0376274;0;0;0;0;0;0;-5.77375;-2.09634;-23.3512;-11.1612;150.085;-10.695;
5.10205;-0.101096;-0.398912;-11.6122;0.00460816;0.00824294;-0.0392074;3.19282;6.78761;22.6876;-0.871201;0.587215;-0.0562381;0;0;0;0;0;0;-3.19282;-6.78761;-22.6876;-9.87274;145.9;-42.2573;
5.10305;-0.101377;-0.396855;-11.6179;0.00413491;0.00870533;-0.0390018;0;0;0;0;0;0;0;0;0;0;0;0;0;-0;-0;0;0;0;
5.10404;-0.106022;-0.396354;-11.623;0.0037892;0.00899882;-0.0387023;-6.96516;-4.59537;18.4757;1.1176;-1.01542;0.168762;0;0;0;0;0;0;6.96516;4.59537;-18.4757;-10.8834;121.268;26.0594;
5.10504;-0.11357;-0.398384;-11.631;0.00344368;0.00943802;-0.0381261;1.6118;-2.05363;8.60445;0.289498;0.635048;0.0973384;0;0;0;0;0;0;-1.6118;2.05363;-8.60445;-4.82891;54.881;14.0031;
5.10604;-0.122698;-0.401051;-11.6402;0.00310078;0.00983029;-0.0373853;0.156002;0.049951;0.624765;-0.0360701;0.00968856;0.00823201;0;0;0;0;0;0;-0.156002;-0.049951;-0.624765;-0.273546;4.01739;-0.252893;
5.10703;-0.132909;-0.405598;-11.6498;0.0028635;0.0102286;-0.0365111;-1.18211;3.0928;16.7829;-0.246574;-0.0747651;-0.0112611;0;0;0;0;0;0;1.18211;-3.0928;-16.7829;-7.89474;108.792;-20.597;
5.10803;-0.142639;-0.41225;-11.6612;0.00280934;0.0107676;-0.035363;2.95438;-1.84058;12.7013;0.466315;0.91858;0.024647;0;0;0;0;0;0;-2.95438;1.84058;-12.7013;-7.04751;80.9725;13.3732;
5.10903;-0.152409;-0.419528;-11.6665;0.00281325;0.0112046;-0.0340493;3.10683;2.94205;14.8519;-0.659721;0.14443;0.0952661;0;0;0;0;0;0;-3.10683;-2.94205;-14.8519;-6.5243;95.6477;-17.5681;
5.11003;-0.15921;-0.428656;-11.6706;0.00302826;0.0116904;-0.0325582;0;0;0;0;0;0;0;0;0;0;0;0;0;-0;-0;0;0;0;
5.11103;-0.166982;-0.440084;-11.6695;0.00342734;0.0121417;-0.0309815;0;0;0;0;0;0;0;0;0;0;0;0;0;-0;-0;0;0;0;
5.11203;-0.174752;-0.451066;-11.665;0.00388208;0.0125012;-0.0294041;0;0;0;0;0;0;0;0;0;0;0;0;0;-0;-0;0;0;0;
5.11303;-0.179926;-0.460453;-11.654;0.00423628;0.0127197;-0.027846;0;0;0;0;0;0;0;0;0;0;0;0;0;-0;-0;0;0;0;
5.11403;-0.182699;-0.467122;-11.6379;0.00443547;0.0127029;-0.0264255;0;0;0;0;0;0;0;0;0;0;0;0;0;-0;-0;0;0;0;
5.11504;-0.186366;-0.472471;-11.6202;0.00438552;0.0125825;-0.0251188;0;0;0;0;0;0;0;0;0;0;0;0;0;-0;-0;0;0;0;
5.11604;-0.188139;-0.476443;-11.6003;0.0041791;0.0123859;-0.0239656;1.26816;0.212598;4.97702;0.213406;0.330094;-0.067164;0;0;0;0;0;0;-1.26816;-0.212598;-4.97702;-2.69849;31.748;-0.669876;
5.11705;-0.189174;-0.479045;-11.5793;0.00385371;0.0120293;-0.0230375;0;0;0;0;0;0;0;0;0;0;0;0;0;-0;-0;0;0;0;
5.11804;-0.1909;-0.480359;-11.5609;0.0034679;0.0116811;-0.0223792;0.97089;5.15155;17.3626;-0.507769;0.0820098;-0.0674625;0;0;0;0;0;0;-0.97089;-5.15155;-17.3626;-7.71878;112.171;-32.7784;
5.11902;-0.191071;-0.479677;-11.5459;0.00308883;0.0113254;-0.0220557;0;0;0;0;0;0;0;0;0;0;0;0;0;-0;-0;0;0;0;
5.12001;-0.191916;-0.476672;-11.5315;0.00260355;0.0108951;-0.0220347;-7.02373;12.6491;53.5358;-0.905489;-0.600457;-0.165038;0;0;0;0;0;0;7.02373;-12.6491;-53.5358;-24.7851;347.726;-85.222;
5.12106;-0.192717;-0.474882;-11.5177;0.00243901;0.0107111;-0.0222368;0;0;0;0;0;0;0;0;0;0;0;0;0;-0;-0;0;0;0;
5.12205;-0.194026;-0.471683;-11.5093;0.00233286;0.0105167;-0.0227929;3.62801;-4.80358;20.3959;0.727577;0.547468;0.111557;0;0;0;0;0;0;-3.62801;4.80358;-20.3959;-11.4813;131.066;32.7986;
5.12306;-0.195424;-0.467171;-11.5051;0.00228811;0.0103019;-0.0236725;1.44999;-0.57184;5.88949;0.22545;0.423322;-0.0144034;0;0;0;0;0;0;-1.44999;0.57184;-5.88949;-3.24882;37.5409;4.44489;
5.124;-0.195317;-0.461471;-11.5053;0.00224412;0.0100347;-0.0246951;-14.0772;-0.978663;45.4132;0.189521;-0.709582;0.0588044;0;0;0;0;0;0;14.0772;0.978663;-45.4132;-23.1579;295.984;-0.815357;
5.12501;-0.193676;-0.453947;-11.5122;0.00223631;0.00976023;-0.0259504;0;0;0;0;0;0;0;0;0;0;0;0;0;-0;-0;0;0;0;
5.12601;-0.191364;-0.445338;-11.5196;0.00226818;0.00938184;-0.027322;0;0;0;0;0;0;0;0;0;0;0;0;0;-0;-0;0;0;0;
5.12702;-0.187569;-0.435967;-11.5271;0.00223145;0.00901651;-0.0285919;5.32128;6.75897;29.6083;-0.95644;-0.0672226;0.0336381;0;0;0;0;0;0;-5.32128;-6.75897;-29.6083;-13.2757;191.123;-41.0899;
5.12802;-0.18263;-0.42611;-11.5373;0.00212518;0.00867378;-0.0297361;0.983257;2.49178;7.87666;-0.412022;0.144726;0.00564937;0;0;0;0;0;0;-0.983257;-2.49178;-7.87666;-3.30447;50.725;-15.6343;
5.12901;-0.174983;-0.417616;-11.5424;0.00217604;0.00841846;-0.0306674;0;0;0;0;0;0;0;0;0;0;0;0;0;-0;-0;0;0;0;
5.13001;-0.164283;-0.409791;-11.5468;0.00219803;0.00825803;-0.0313061;0;0;0;0;0;0;0;0;0;0;0;0;0;-0;-0;0;0;0;
5.13101;-0.151378;-0.403502;-11.5487;0.00218267;0.00806768;-0.0316496;7.43593;5.12057;33.6095;-0.8943;-0.324883;0.0996955;0;0;0;0;0;0;-7.43593;-5.12057;-33.6095;-15.5173;217.059;-29.4892;
5.13201;-0.136534;-0.400269;-11.5516;0.00236598;0.00799172;-0.0316593;0;0;0;0;0;0;0;0;0;0;0;0;0;-0;-0;0;0;0;
5.13302;-0.122418;-0.399805;-11.5533;0.00266006;0.0078214;-0.0314662;0.20789;0.25987;1.10045;0.0717077;-0.0664855;0.00215393;0;0;0;0;0;0;-0.20789;-0.25987;-1.10045;-0.599801;7.16641;-1.57903;
5.13402;-0.108473;-0.400565;-11.5558;0.00301814;0.00759631;-0.0311254;0;0;0;0;0;0;0;0;0;0;0;0;0;-0;-0;0;0;0;
5.13502;-0.097786;-0.403138;-11.5574;0.00333308;0.00727144;-0.0307832;0;0;0;0;0;0;0;0;0;0;0;0;0;-0;-0;0;0;0;
5.13601;-0.0888804;-0.407336;-11.5568;0.00351466;0.00693212;-0.0305018;0;0;0;0;0;0;0;0;0;0;0;0;0;-0;-0;0;0;0;
5.13701;-0.0821562;-0.412181;-11.5497;0.00341392;0.00654578;-0.030286;-1.22424;1.79436;15.1109;0.318396;-0.743215;0.00546755;0;0;0;0;0;0;1.22424;-1.79436;-15.1109;-7.7481;98.6462;-12.233;
5.138;-0.0789412;-0.416477;-11.5431;0.00310281;0.00625762;-0.0302603;0.013505;0.00726665;0.0567314;0.00363763;-0.00345439;-0.000423474;0;0;0;0;0;0;-0.013505;-0.00726665;-0.0567314;-0.031478;0.369197;-0.0397965;
5.13904;-0.0779456;-0.41842;-11.5316;0.00246695;0.00588365;-0.0305093;5.94723;4.88688;27.5818;-0.797023;0.237753;0.0670308;0;0;0;0;0;0;-5.94723;-4.88688;-27.5818;-12.6025;177.642;-28.6941;
5.14003;-0.0797837;-0.418498;-11.5228;0.00189329;0.00557307;-0.0309407;0;0;0;0;0;0;0;0;0;0;0;0;0;-0;-0;0;0;0;
5.14103;-0.0838059;-0.416837;-11.5192;0.00142932;0.00519629;-0.0315668;0.241768;0.419413;1.51275;0.0702519;-0.113227;0.0201647;0;0;0;0;0;0;-0.241768;-0.419413;-1.51275;-0.78996;9.87766;-2.61235;
5.14204;-0.0888049;-0.412816;-11.518;0.00117466;0.0048205;-0.0323091;0;0;0;0;0;0;0;0;0;0;0;0;0;-0;-0;0;0;0;
5.14303;-0.0935174;-0.406033;-11.5267;0.000977789;0.00423807;-0.033178;0;0;0;0;0;0;0;0;0;0;0;0;0;-0;-0;0;0;0;
5.14403;-0.0956912;-0.398361;-11.5354;0.000972768;0.00370407;-0.0339356;0;0;0;0;0;0;0;0;0;0;0;0;0;-0;-0;0;0;0;
5.14503;-0.0991595;-0.390159;-11.5475;0.00103696;0.00325489;-0.0346402;0;0;0;0;0;0;0;0;0;0;0;0;0;-0;-0;0;0;0;
5.14603;-0.101442;-0.382816;-11.5536;0.00128835;0.00313652;-0.0351353;-7.61863;-0.291886;65.7496;-0.178374;-0.0679294;0.124835;0;0;0;0;0;0;7.61863;0.291886;-65.7496;-32.9624;426.286;-2.07283;
5.14704;-0.104217;-0.377642;-11.5537;0.00171856;0.00354074;-0.0353396;1.85918;-0.151097;10.5425;0.564388;-0.192823;0.0460103;0;0;0;0;0;0;-1.85918;0.151097;-10.5425;-5.88876;68.2246;1.86799;
5.14804;-0.108502;-0.375148;-11.5475;0.0022867;0.00437333;-0.0352825;2.31843;-5.53788;30.5851;0.395935;-0.389942;0.183451;0;0;0;0;0;0;-2.31843;5.53788;-30.5851;-16.3546;198.068;36.8187;
5.14904;-0.112439;-0.372981;-11.5394;0.00284212;0.00527147;-0.0350115;0;0;0;0;0;0;0;0;0;0;0;0;0;-0;-0;0;0;0;
5.15004;-0.115189;-0.375666;-11.5278;0.00372532;0.00636343;-0.0344218;1.35137;-0.3567;6.26291;0.355198;-0.220098;-0.0430404;0;0;0;0;0;0;-1.35137;0.3567;-6.26291;-3.54501;40.6105;3.03172;
5.15104;-0.115105;-0.378276;-11.5166;0.00440993;0.00717714;-0.0336738;6.72502;0.0550979;26.2399;-0.180608;0.954418;0.0684005;0;0;0;0;0;0;-6.72502;-0.0550979;-26.2399;-13.0283;168.164;2.96179;
5.15205;-0.114862;-0.381317;-11.5089;0.00508145;0.00782579;-0.032947;0;0;0;0;0;0;0;0;0;0;0;0;0;-0;-0;0;0;0;
5.15305;-0.11425;-0.384849;-11.4989;0.00561223;0.00828622;-0.0322442;3.67118;11.7214;35.7188;-1.61701;0.522644;-0.0838113;0;0;0;0;0;0;-3.67118;-11.7214;-35.7188;-15.194;230.238;-73.9145;
5.15405;-0.111261;-0.389057;-11.4892;0.00600122;0.00862446;-0.0315351;-3.37516;-14.1632;46.4322;1.69444;-0.0427806;0.328302;0;0;0;0;0;0;3.37516;14.1632;-46.4322;-26.4998;300.835;89.6191;
5.15505;-0.107941;-0.392532;-11.4822;0.0061646;0.00890375;-0.030896;0;0;0;0;0;0;0;0;0;0;0;0;0;-0;-0;0;0;0;
5.15603;-0.105991;-0.396104;-11.4702;0.00616847;0.00892908;-0.0303864;0;0;0;0;0;0;0;0;0;0;0;0;0;-0;-0;0;0;0;
5.15702;-0.10311;-0.400429;-11.4565;0.00616428;0.00898036;-0.0299125;2.27243;0.612616;13.0601;0.00670154;-0.485663;0.172191;0;0;0;0;0;0;-2.27243;-0.612616;-13.0601;-6.52226;84.7669;-2.99192;
5.15802;-0.103093;-0.403812;-11.447;0.00601097;0.00896595;-0.0295536;0;0;0;0;0;0;0;0;0;0;0;0;0;-0;-0;0;0;0;
5.15902;-0.102615;-0.406594;-11.4363;0.00579253;0.0088391;-0.0292321;4.45145;0.53218;19.7509;-0.1784;-0.42403;0.202904;0;0;0;0;0;0;-4.45145;-0.53218;-19.7509;-9.71469;127.781;-1.40479;
5.16002;-0.102944;-0.408013;-11.4296;0.00550333;0.00873621;-0.0289737;0;0;0;0;0;0;0;0;0;0;0;0;0;-0;-0;0;0;0;
5.16102;-0.101948;-0.409857;-11.4199;0.0054165;0.00858939;-0.0287112;0;0;0;0;0;0;0;0;0;0;0;0;0;-0;-0;0;0;0;
5.16202;-0.100482;-0.41135;-11.4116;0.0052438;0.00840265;-0.0283839;0.352672;0.409114;1.80875;0.117685;-0.109389;0.00179598;0;0;0;0;0;0;-0.352672;-0.409114;-1.80875;-0.987495;11.7781;-2.47148;
5.16303;-0.0998508;-0.412042;-11.4044;0.00501827;0.00825895;-0.0280435;0;0;0;0;0;0;0;0;0;0;0;0;0;-0;-0;0;0;0;
5.16403;-0.0978488;-0.41299;-11.396;0.00487868;0.00815465;-0.0276974;-0.511534;-0.18823;2.83942;0.17674;-0.161456;0.0211373;0;0;0;0;0;0;0.511534;0.18823;-2.83942;-1.62557;18.5862;0.939252;
5.16503;-0.095921;-0.414216;-11.3858;0.00464365;0.00811813;-0.0272338;0.85022;-1.69939;7.33119;0.338752;0.0361632;0.042503;0;0;0;0;0;0;-0.85022;1.69939;-7.33119;-4.20136;47.3171;11.3821;
5.16603;-0.0922064;-0.415123;-11.3754;0.00427896;0.00806236;-0.0266663;4.20623;-9.16846;47.9902;0.999568;-0.336206;0.451694;0;0;0;0;0;0;-4.20623;9.16846;-47.9902;-26.088;310.449;60.9938;
5.16703;-0.0887003;-0.41618;-11.366;0.00383101;0.0080409;-0.0260483;0;0;0;0;0;0;0;0;0;0;0;0;0;-0;-0;0;0;0;
5.16804;-0.0844283;-0.414792;-11.357;0.00315005;0.00791344;-0.0254798;0.199654;0.357549;1.27276;-0.0676096;0.0224534;0.00429801;0;0;0;0;0;0;-0.199654;-0.357549;-1.27276;-0.537449;8.19325;-2.21738;
5.16904;-0.0796853;-0.415529;-11.3466;0.0025937;0.00791789;-0.0248467;0.93505;11.3735;29.3526;-1.47876;0.606815;-0.18863;0;0;0;0;0;0;-0.93505;-11.3735;-29.3526;-12.1612;189.234;-72.9364;
5.17003;-0.0759619;-0.415436;-11.3409;0.00195654;0.00778641;-0.0242598;0;0;0;0;0;0;0;0;0;0;0;0;0;-0;-0;0;0;0;
5.17102;-0.073572;-0.413396;-11.3353;0.00120435;0.00752811;-0.0238479;1.41202;1.08022;6.33572;0.289399;-0.477066;0.0168406;0;0;0;0;0;0;-1.41202;-1.08022;-6.33572;-3.3716;41.3325;-6.29561;
5.17201;-0.0722303;-0.413094;-11.3298;0.000666448;0.00740391;-0.0234579;0;0;0;0;0;0;0;0;0;0;0;0;0;-0;-0;0;0;0;
5.17302;-0.0720406;-0.411968;-11.3296;1.06632e-05;0.00713068;-0.0231654;0;0;0;0;0;0;0;0;0;0;0;0;0;-0;-0;0;0;0;
5.17402;-0.0729012;-0.410807;-11.3277;-0.000568808;0.00680284;-0.0229525;0;0;0;0;0;0;0;0;0;0;0;0;0;-0;-0;0;0;0;
5.17503;-0.0769041;-0.409829;-11.3282;-0.001125;0.00645194;-0.0228402;0;0;0;0;0;0;0;0;0;0;0;0;0;-0;-0;0;0;0;
5.17603;-0.0832127;-0.409207;-11.3308;-0.00167212;0.00607976;-0.0227944;0;0;0;0;0;0;0;0;0;0;0;0;0;-0;-0;0;0;0;
5.17702;-0.0922233;-0.410756;-11.3308;-0.00202572;0.005651;-0.0227344;0;0;0;0;0;0;0;0;0;0;0;0;0;-0;-0;0;0;0;
5.17802;-0.101543;-0.413417;-11.3317;-0.00237257;0.00529292;-0.0226506;0.808265;0.660871;3.6883;-0.204535;0.0597999;0.0341075;0;0;0;0;0;0;-0.808265;-0.660871;-3.6883;-1.58654;23.7253;-3.90343;
5.17902;-0.113504;-0.417077;-11.3326;-0.00264736;0.00490172;-0.0226132;1.80946;1.6503;8.51877;0.392237;-0.639492;0.040574;0;0;0;0;0;0;-1.80946;-1.6503;-8.51877;-4.51658;55.5811;-9.80807;
5.18001;-0.125768;-0.421676;-11.3344;-0.00292759;0.00460113;-0.0225418;0;0;0;0;0;0;0;0;0;0;0;0;0;-0;-0;0;0;0;
5.18101;-0.139008;-0.428389;-11.3321;-0.00313128;0.00443921;-0.0224215;0;0;0;0;0;0;0;0;0;0;0;0;0;-0;-0;0;0;0;
5.18205;-0.153022;-0.434627;-11.3335;-0.0034226;0.00428718;-0.0224197;0;0;0;0;0;0;0;0;0;0;0;0;0;-0;-0;0;0;0;
5.18305;-0.164662;-0.439541;-11.3343;-0.00372593;0.00415407;-0.0224637;1.42002;0.768772;28.9874;0.100952;-0.606094;0.15206;0;0;0;0;0;0;-1.42002;-0.768772;-28.9874;-14.6218;188.035;-4.41151;
5.18405;-0.173938;-0.443643;-11.336;-0.00398148;0.00409736;-0.0225534;0;0;0;0;0;0;0;0;0;0;0;0;0;-0;-0;0;0;0;
5.18505;-0.180118;-0.445924;-11.3369;-0.00409588;0.00404616;-0.0227697;0.959267;4.50785;12.5814;-0.645993;0.245235;-0.0386128;0;0;0;0;0;0;-0.959267;-4.50785;-12.5814;-5.23736;81.0699;-28.6477;
5.18605;-0.183515;-0.447156;-11.3348;-0.0039444;0.00385696;-0.0230587;1.14287;-0.467766;4.65657;-0.288108;0.0726857;0.0780124;0;0;0;0;0;0;-1.14287;0.467766;-4.65657;-2.1039;29.9443;3.52435;
5.18705;-0.183445;-0.445439;-11.3329;-0.00364503;0.00364023;-0.0234931;1.95756;7.45358;21.8704;-0.961895;0.311976;-0.0700375;0;0;0;0;0;0;-1.95756;-7.45358;-21.8704;-9.30365;141.01;-47.1747;
5.18805;-0.181638;-0.44242;-11.3327;-0.00324209;0.00343068;-0.0240303;0;0;0;0;0;0;0;0;0;0;0;0;0;-0;-0;0;0;0;
5.18905;-0.178082;-0.439219;-11.3332;-0.00265605;0.00321899;-0.0246298;0;0;0;0;0;0;0;0;0;0;0;0;0;-0;-0;0;0;0;
5.19005;-0.172277;-0.435923;-11.331;-0.00214865;0.00299735;-0.0251513;0.1712;-0.0506775;0.682854;0.0266551;0.0489787;-0.00304784;0;0;0;0;0;0;-0.1712;0.0506775;-0.682854;-0.375628;4.35244;0.417188;
5.19105;-0.166483;-0.432013;-11.3306;-0.0015418;0.00280079;-0.0258748;1.85185;-1.07661;7.86948;0.291064;0.568415;0.00927083;0;0;0;0;0;0;-1.85185;1.07661;-7.86948;-4.36222;50.1674;7.88985;
5.19206;-0.163415;-0.429566;-11.3332;-0.000923183;0.00264839;-0.0265803;0;0;0;0;0;0;0;0;0;0;0;0;0;-0;-0;0;0;0;
5.19306;-0.16114;-0.427544;-11.3351;-0.000282956;0.00251664;-0.0272617;0;0;0;0;0;0;0;0;0;0;0;0;0;-0;-0;0;0;0;
5.19405;-0.160177;-0.426116;-11.3369;0.000357538;0.0023586;-0.0278485;1.56219;2.21972;73.9448;-0.21078;0.848494;-0.0187667;0;0;0;0;0;0;-1.56219;-2.21972;-73.9448;-36.8049;477.476;-13.5578;
5.19503;-0.157304;-0.42525;-11.3395;0.000928085;0.00222958;-0.0282;2.07545;-0.0708579;9.88933;0.405535;-0.253469;0.0470442;0;0;0;0;0;0;-2.07545;0.0708579;-9.88933;-5.39291;64.0369;1.45666;
5.196;-0.155922;-0.424043;-11.336;0.00130479;0.0021992;-0.0283998;2.45348;-0.637913;9.73934;0.305145;-0.407232;-0.106797;0;0;0;0;0;0;-2.45348;0.637913;-9.73934;-5.27392;63.1821;5.47017;
5.19704;-0.152302;-0.422651;-11.3261;0.00148764;0.00243363;-0.0283282;7.62045;5.88861;47.7336;-1.60776;0.125795;0.289714;0;0;0;0;0;0;-7.62045;-5.88861;-47.7336;-21.8396;307.983;-34.556;
5.19804;-0.149389;-0.419747;-11.3113;0.00137922;0.00281179;-0.0281376;6.48407;11.6352;41.8527;-1.70262;0.269903;0.0905021;0;0;0;0;0;0;-6.48407;-11.6352;-41.8527;-18.2061;269.899;-72.1139;
5.19904;-0.146354;-0.415763;-11.2932;0.00112337;0.00334359;-0.027816;0;0;0;0;0;0;0;0;0;0;0;0;0;-0;-0;0;0;0;
5.20003;-0.142681;-0.410343;-11.2743;0.000711352;0.00386697;-0.0273581;5.38448;2.30634;22.0301;-0.63856;0.686808;0.0833614;0;0;0;0;0;0;-5.38448;-2.30634;-22.0301;-10.2242;141.325;-12.2956;
5.20103;-0.138546;-0.404172;-11.2553;0.00027232;0.00434905;-0.0267837;4.59254;3.22231;36.7845;-0.289135;0.338206;-0.0247125;0;0;0;0;0;0;-4.59254;-3.22231;-36.7845;-17.912;237.225;-18.5134;
5.20203;-0.132285;-0.396739;-11.2373;-0.000225547;0.00480346;-0.0260926;0.884498;4.07649;11.4082;-0.586005;0.222032;-0.0339049;0;0;0;0;0;0;-0.884498;-4.07649;-11.4082;-4.74985;73.5091;-25.8988;
5.20303;-0.127227;-0.388392;-11.222;-0.000712541;0.00520962;-0.025346;0;0;0;0;0;0;0;0;0;0;0;0;0;-0;-0;0;0;0;
5.20403;-0.122223;-0.380626;-11.2067;-0.00112455;0.00551235;-0.0245319;-0.283301;-0.955943;5.90774;0.320765;-0.158163;0.0389828;0;0;0;0;0;0;0.283301;0.955943;-5.90774;-3.39188;38.4144;6.00405;
5.20504;-0.117404;-0.373291;-11.1935;-0.00153312;0.00572439;-0.0236197;-0.282815;7.34232;18.396;-0.880046;0.423263;-0.187892;0;0;0;0;0;0;0.282815;-7.34232;-18.396;-7.64698;118.642;-47.4652;
5.20603;-0.112811;-0.368856;-11.1834;-0.00185217;0.00584916;-0.0226542;0;0;0;0;0;0;0;0;0;0;0;0;0;-0;-0;0;0;0;
5.20703;-0.106975;-0.366402;-11.1728;-0.00208197;0.00589667;-0.0216126;2.43841;-0.973353;10.3115;-0.23162;0.230207;0.121055;0;0;0;0;0;0;-2.43841;0.973353;-10.3115;-5.05897;66.2485;7.40529;
5.20803;-0.101494;-0.367022;-11.1644;-0.00229622;0.00586196;-0.0205427;6.66318;-2.03387;27.6059;-1.33051;0.108957;0.410561;0;0;0;0;0;0;-6.66318;2.03387;-27.6059;-12.776;177.854;16.1057;
5.20903;-0.0977156;-0.36921;-11.1588;-0.00237509;0.00583772;-0.0196476;10.1204;7.21556;45.1244;-0.986982;1.17817;-0.0236001;0;0;0;0;0;0;-10.1204;-7.21556;-45.1244;-21.0131;289.796;-41.5701;
5.21003;-0.0965653;-0.373375;-11.155;-0.00239113;0.00572665;-0.0189542;0.980876;0.379402;3.97789;0.253792;-0.242558;-0.039446;0;0;0;0;0;0;-0.980876;-0.379402;-3.97789;-2.21896;25.8841;-1.92162;
5.21102;-0.0963982;-0.379823;-11.1516;-0.00222091;0.00565693;-0.0184227;1.75359;-1.0092;7.44003;0.275476;0.537303;0.00795396;0;0;0;0;0;0;-1.75359;1.0092;-7.44003;-4.1236;47.4295;7.4055;
5.21201;-0.096845;-0.386954;-11.151;-0.00193072;0.00552106;-0.0180989;0.911317;0.827566;4.28471;0.277404;-0.259866;-0.00880948;0;0;0;0;0;0;-0.911317;-0.827566;-4.28471;-2.35209;27.8938;-4.88726;
5.21301;-0.0980232;-0.392565;-11.1517;-0.00160813;0.00534946;-0.0179666;0;0;0;0;0;0;0;0;0;0;0;0;0;-0;-0;0;0;0;
5.21401;-0.0999071;-0.397399;-11.1527;-0.00110147;0.00509247;-0.0180376;0;0;0;0;0;0;0;0;0;0;0;0;0;-0;-0;0;0;0;
5.21501;-0.101985;-0.400926;-11.1574;-0.000585789;0.00480761;-0.0181165;0;0;0;0;0;0;0;0;0;0;0;0;0;-0;-0;0;0;0;
5.216;-0.103856;-0.402747;-11.1624;-6.90748e-05;0.00445245;-0.0182136;0;0;0;0;0;0;0;0;0;0;0;0;0;-0;-0;0;0;0;
5.21701;-0.103167;-0.40259;-11.1673;0.000366656;0.00414812;-0.0182463;2.48126;2.21216;11.6016;-0.640294;0.189521;0.100804;0;0;0;0;0;0;-2.48126;-2.21216;-11.6016;-4.98013;74.6325;-13.1657;
5.218;-0.101168;-0.402009;-11.1707;0.000702444;0.00384259;-0.0182246;0;0;0;0;0;0;0;0;0;0;0;0;0;-0;-0;0;0;0;
5.21906;-0.0975757;-0.400118;-11.173;0.0008576;0.00360292;-0.0181559;0;0;0;0;0;0;0;0;0;0;0;0;0;-0;-0;0;0;0;
5.22;-0.0937813;-0.39904;-11.1741;0.000960951;0.00338594;-0.0181091;-2.04791;-0.765918;9.4365;0.510652;-0.600585;0.0434958;0;0;0;0;0;0;2.04791;0.765918;-9.4365;-5.33976;61.8677;3.88127;
5.221;-0.0890591;-0.398452;-11.1772;0.000996032;0.00314231;-0.0180551;0;0;0;0;0;0;0;0;0;0;0;0;0;-0;-0;0;0;0;
5.222;-0.0827099;-0.398459;-11.1836;0.00107754;0.00276648;-0.0180275;7.15663;-5.99965;37.9338;1.45868;-0.321193;0.055087;0;0;0;0;0;0;-7.15663;5.99965;-37.9338;-21.1645;245.064;42.3714;
5.22301;-0.0768551;-0.398229;-11.1954;0.00111516;0.00219591;-0.0180771;2.3371;5.17162;17.0361;-0.8961;0.308283;0.0293464;0;0;0;0;0;0;-2.3371;-5.17162;-17.0361;-7.16402;109.694;-32.3168;
5.22401;-0.0706494;-0.399408;-11.2047;0.0012994;0.0016755;-0.0181323;-0.011247;-2.26615;21.3706;0.142727;-0.52611;0.26217;0;0;0;0;0;0;0.011247;2.26615;-21.3706;-11.1325;138.812;14.3959;
5.22502;-0.0664552;-0.39828;-11.2117;0.0012309;0.00126864;-0.0182793;3.20199;1.6045;13.3253;-0.75691;0.209603;0.156643;0;0;0;0;0;0;-3.20199;-1.6045;-13.3253;-5.79259;85.6939;-8.92647;
5.22602;-0.0640092;-0.397037;-11.208;0.00110864;0.00121534;-0.018486;0;0;0;0;0;0;0;0;0;0;0;0;0;-0;-0;0;0;0;
5.22701;-0.0620536;-0.393838;-11.1963;0.000849365;0.00148163;-0.0186486;1.53534;0.30931;6.04442;0.383059;-0.36901;-0.0784171;0;0;0;0;0;0;-1.53534;-0.30931;-6.04442;-3.39597;39.327;-1.14987;
5.228;-0.0622838;-0.388383;-11.1833;0.000404032;0.0018106;-0.0188796;4.83655;17.9787;58.5375;-2.61042;0.722124;-0.178993;0;0;0;0;0;0;-4.83655;-17.9787;-58.5375;-25.0639;377.576;-113.722;
5.22904;-0.0633519;-0.38147;-11.1749;-3.51188e-05;0.00200204;-0.0191075;-6.21377;-1.24692;44.178;0.173383;-0.444619;0.127844;0;0;0;0;0;0;6.21377;1.24692;-44.178;-22.5466;286.935;4.81148;
5.23002;-0.0617627;-0.373296;-11.176;-0.000516997;0.001893;-0.0192422;0;0;0;0;0;0;0;0;0;0;0;0;0;-0;-0;0;0;0;
5.23101;-0.0601521;-0.36494;-11.1828;-0.000880877;0.00145433;-0.0193862;-3.68933;-2.39197;7.22911;0.431518;-0.388074;0.0918165;0;0;0;0;0;0;3.68933;2.39197;-7.22911;-4.31225;47.5365;13.5281;
5.232;-0.0572722;-0.35692;-11.1923;-0.00125385;0.000942299;-0.0193994;0;0;0;0;0;0;0;0;0;0;0;0;0;-0;-0;0;0;0;
5.23301;-0.0564364;-0.350571;-11.1937;-0.00152801;0.000622704;-0.0193577;0;0;0;0;0;0;0;0;0;0;0;0;0;-0;-0;0;0;0;
5.23401;-0.0576677;-0.347053;-11.1793;-0.00170394;0.000732574;-0.0191893;0.524057;1.03659;3.55044;-0.187698;0.063401;0.00919424;0;0;0;0;0;0;-0.524057;-1.03659;-3.55044;-1.49622;22.8581;-6.45284;
5.235;-0.0624483;-0.345885;-11.1526;-0.00178196;0.0012663;-0.0190226;0;0;0;0;0;0;0;0;0;0;0;0;0;-0;-0;0;0;0;
5.23605;-0.0698731;-0.347959;-11.1207;-0.00183049;0.00205452;-0.0188381;2.77862;-1.51248;11.6914;0.435307;0.84355;0.0056709;0;0;0;0;0;0;-2.77862;1.51248;-11.6914;-6.47495;74.53;11.1805;
5.23705;-0.0786502;-0.353147;-11.0913;-0.00174636;0.00259329;-0.0187974;0.482387;0.230043;1.99571;0.0902836;0.143732;-0.0383905;0;0;0;0;0;0;-0.482387;-0.230043;-1.99571;-1.07222;12.7216;-1.20724;
5.23805;-0.0884894;-0.359606;-11.0705;-0.00173423;0.00296403;-0.0187667;-4.43521;-6.72263;48.8309;0.823123;-0.0287506;0.190392;0;0;0;0;0;0;4.43521;6.72263;-48.8309;-26.0893;316.448;41.0766;
5.23905;-0.097589;-0.367386;-11.0581;-0.00174566;0.00308483;-0.0188335;-1.50557;-2.62586;20.7595;0.0678367;-0.806037;0.202124;0;0;0;0;0;0;1.50557;2.62586;-20.7595;-10.7859;135.287;16.031;
5.24005;-0.105954;-0.375545;-11.0506;-0.00175662;0.00309594;-0.0189535;-2.00314;1.98294;23.5604;-0.0961648;-0.298654;0.0445579;0;0;0;0;0;0;2.00314;-1.98294;-23.5604;-11.5697;152.954;-13.8845;
5.24105;-0.112685;-0.382463;-11.0468;-0.00177043;0.00298021;-0.0191419;1.29779;1.44058;12.8597;0.822509;-0.766101;0.00281387;0;0;0;0;0;0;-1.29779;-1.44058;-12.8597;-7.15399;83.8479;-8.67094;
5.24204;-0.118638;-0.387526;-11.0453;-0.00184998;0.00284122;-0.0193546;0;0;0;0;0;0;0;0;0;0;0;0;0;-0;-0;0;0;0;
5.24303;-0.123877;-0.390933;-11.0446;-0.0019391;0.00268042;-0.0195448;-4.06112;-0.945309;6.66493;0.211941;-0.381561;0.045535;0;0;0;0;0;0;4.06112;0.945309;-6.66493;-3.6633;43.9166;4.02618;
5.24401;-0.128325;-0.393726;-11.0458;-0.00197582;0.0026007;-0.01965;0;0;0;0;0;0;0;0;0;0;0;0;0;-0;-0;0;0;0;
5.24501;-0.130817;-0.394516;-11.0459;-0.00207587;0.00247201;-0.0196238;0;0;0;0;0;0;0;0;0;0;0;0;0;-0;-0;0;0;0;
5.24603;-0.131545;-0.393689;-11.0474;-0.0021677;0.00242063;-0.0194656;1.66618;-0.735708;6.83692;0.259431;0.491944;-0.0102871;0;0;0;0;0;0;-1.66618;0.735708;-6.83692;-3.77636;43.581;5.60997;
5.24702;-0.132306;-0.393226;-11.0469;-0.00215473;0.00219165;-0.0192739;-2.58394;-1.69263;6.46407;0.390147;-0.353903;0.0632866;0;0;0;0;0;0;2.58394;1.69263;-6.46407;-3.81539;42.4408;9.58808;
5.24802;-0.133403;-0.392271;-11.0479;-0.00221307;0.00204985;-0.0189002;0.310193;-0.685623;2.25939;0.0712532;0.170442;0.0419391;0;0;0;0;0;0;-0.310193;0.685623;-2.25939;-1.27792;14.4184;4.55078;
5.249;-0.134199;-0.391772;-11.0496;-0.00221074;0.00186852;-0.0184854;7.4248;4.23299;31.5652;-0.847644;0.455171;0.105895;0;0;0;0;0;0;-7.4248;-4.23299;-31.5652;-14.6236;203.051;-23.7575;
5.25004;-0.135646;-0.391437;-11.052;-0.00215068;0.00165748;-0.0179973;2.93201;-4.64257;18.1054;0.730957;0.629091;0.126515;0;0;0;0;0;0;-2.93201;4.64257;-18.1054;-10.3149;116.232;31.3911;
5.25103;-0.135894;-0.390065;-11.0534;-0.00210692;0.00139653;-0.0175156;0;0;0;0;0;0;0;0;0;0;0;0;0;-0;-0;0;0;0;
5.25202;-0.135963;-0.389198;-11.0549;-0.00198452;0.00108717;-0.0170244;-2.18314;0.67728;10.5831;-0.113024;-0.210259;0.0337217;0;0;0;0;0;0;2.18314;-0.67728;-10.5831;-5.14863;68.9105;-5.51567;
5.25301;-0.134426;-0.388727;-11.0564;-0.00174055;0.000836032;-0.0165031;0.36953;-0.0547875;1.44712;0.0904667;-0.0883671;-0.0264466;0;0;0;0;0;0;-0.36953;0.0547875;-1.44712;-0.824738;9.41527;0.567059;
5.25401;-0.132817;-0.38738;-11.0588;-0.00142453;0.000526017;-0.0161229;0.101472;0.154885;0.591517;0.0386872;-0.0356425;0.00269614;0;0;0;0;0;0;-0.101472;-0.154885;-0.591517;-0.321024;3.85303;-0.953818;
5.25501;-0.129415;-0.385207;-11.0608;-0.00108281;0.000183127;-0.0157408;0;0;0;0;0;0;0;0;0;0;0;0;0;-0;-0;0;0;0;
5.25602;-0.124906;-0.382131;-11.0646;-0.000723134;-0.000185637;-0.0155014;4.5884;-1.07988;18.1413;0.313213;1.0742;-0.0125616;0;0;0;0;0;0;-4.5884;1.07988;-18.1413;-9.55759;115.854;9.3109;
5.25701;-0.118292;-0.379515;-11.0682;-0.000346747;-0.000551456;-0.0152888;0;0;0;0;0;0;0;0;0;0;0;0;0;-0;-0;0;0;0;
5.25801;-0.110973;-0.376772;-11.0708;-7.32578e-06;-0.000946957;-0.0150893;0;0;0;0;0;0;0;0;0;0;0;0;0;-0;-0;0;0;0;
5.25901;-0.102822;-0.375351;-11.0712;0.000417015;-0.00122457;-0.0148477;-12.471;-4.47602;40.4101;0.596698;-0.801379;0.0252593;0;0;0;0;0;0;12.471;4.47602;-40.4101;-21.3966;263.538;22.6577;
5.26001;-0.0928263;-0.373683;-11.0737;0.000703168;-0.0015547;-0.0146134;2.47166;1.216;10.2649;-0.290651;0.322722;0.0309628;0;0;0;0;0;0;-2.47166;-1.216;-10.2649;-4.75664;65.8507;-6.65469;
5.26101;-0.0845284;-0.374191;-11.0746;0.00101848;-0.00195423;-0.0143387;0.724281;0.299136;2.95339;0.188591;-0.180056;-0.0280124;0;0;0;0;0;0;-0.724281;-0.299136;-2.95339;-1.64588;19.2181;-1.54288;
5.26203;-0.0759002;-0.375601;-11.0768;0.00130148;-0.0024109;-0.014019;-19.2901;-4.24791;49.9112;0.55403;-0.988513;0.118404;0;0;0;0;0;0;19.2901;4.24791;-49.9112;-26.1158;325.889;17.6543;
5.26302;-0.0684473;-0.377888;-11.0803;0.00148417;-0.00289781;-0.0136886;0;0;0;0;0;0;0;0;0;0;0;0;0;-0;-0;0;0;0;
5.26401;-0.0623247;-0.381217;-11.0819;0.00166309;-0.00332059;-0.0133606;0;0;0;0;0;0;0;0;0;0;0;0;0;-0;-0;0;0;0;
5.26501;-0.0574764;-0.383716;-11.0764;0.0016875;-0.0035574;-0.0130452;0;0;0;0;0;0;0;0;0;0;0;0;0;-0;-0;0;0;0;
5.26604;-0.0546828;-0.386361;-11.0638;0.00164716;-0.00342371;-0.0127848;0.521294;0.4436;2.40482;-0.133063;0.0391295;0.0216262;0;0;0;0;0;0;-0.521294;-0.4436;-2.40482;-1.03346;15.4695;-2.62953;
5.26703;-0.0517556;-0.388149;-11.0412;0.00163507;-0.00288954;-0.0126178;-2.49979;0.216043;86.6821;0.0785266;0.589082;0.0238681;0;0;0;0;0;0;2.49979;-0.216043;-86.6821;-43.7099;560.561;-2.68073;
5.26802;-0.0504069;-0.389126;-11.0175;0.0014403;-0.00215039;-0.0124949;-12.1709;5.78012;41.3193;-0.47307;-0.651044;-0.0962352;0;0;0;0;0;0;12.1709;-5.78012;-41.3193;-19.755;269.241;-43.4348;
5.26901;-0.0467927;-0.390712;-10.9913;0.00131639;-0.00123354;-0.0123377;0;0;0;0;0;0;0;0;0;0;0;0;0;-0;-0;0;0;0;
5.27001;-0.0442424;-0.391699;-10.9689;0.00110549;-0.000410294;-0.0122791;0;0;0;0;0;0;0;0;0;0;0;0;0;-0;-0;0;0;0;
5.271;-0.0414168;-0.393229;-10.9511;0.000871919;0.00030153;-0.0122858;2.2425;-1.58122;9.87693;0.357841;0.716062;0.0333901;0;0;0;0;0;0;-2.2425;1.58122;-9.87693;-5.49061;62.97;11.3276;
5.27206;-0.0363564;-0.395122;-10.9367;0.000612146;0.000864122;-0.012258;0.6021;-1.26134;4.23245;0.134237;0.318589;0.0758488;0;0;0;0;0;0;-0.6021;1.26134;-4.23245;-2.39234;27.0081;8.38922;
5.273;-0.0315273;-0.394822;-10.9254;0.000239906;0.00121628;-0.0122934;1.34996;-0.452022;5.4204;0.209991;0.389064;-0.0198536;0;0;0;0;0;0;-1.34996;0.452022;-5.4204;-2.98509;34.5495;3.62462;
5.27406;-0.0276141;-0.394817;-10.9164;-8.21225e-05;0.00148775;-0.0123991;0;0;0;0;0;0;0;0;0;0;0;0;0;-0;-0;0;0;0;
5.27506;-0.0227199;-0.394018;-10.9086;-0.000319386;0.00161315;-0.0124519;3.42585;8.01062;27.6554;-1.19162;0.274423;-0.0556667;0;0;0;0;0;0;-3.42585;-8.01062;-27.6554;-11.9314;178.333;-50.0539;
5.27605;-0.0171974;-0.392908;-10.9049;-0.000544589;0.00164527;-0.0124309;0;0;0;0;0;0;0;0;0;0;0;0;0;-0;-0;0;0;0;
5.27704;-0.0114748;-0.392033;-10.9011;-0.000661371;0.00151649;-0.0123154;0;0;0;0;0;0;0;0;0;0;0;0;0;-0;-0;0;0;0;
5.27804;-0.00658397;-0.390896;-10.9015;-0.000722215;0.00128819;-0.0121409;0;0;0;0;0;0;0;0;0;0;0;0;0;-0;-0;0;0;0;
5.27903;-0.00173755;-0.389371;-10.9037;-0.000659151;0.000934778;-0.0118896;6.14869;7.20582;39.7374;-1.0413;-0.33341;0.0643789;0;0;0;0;0;0;-6.14869;-7.20582;-39.7374;-18.247;256.848;-43.595;
5.28002;0.00213095;-0.388361;-10.91;-0.000489266;0.000499016;-0.0115963;5.76537;-0.526594;28.3188;-0.876279;-0.282649;0.361651;0;0;0;0;0;0;-5.76537;0.526594;-28.3188;-13.438;182.948;5.94925;
5.28102;0.00410796;-0.388338;-10.9194;-0.000224284;7.21137e-05;-0.0112729;2.62326;-1.73562;11.4046;0.416154;0.825703;0.0299378;0;0;0;0;0;0;-2.62326;1.73562;-11.4046;-6.33375;72.7072;12.5219;
5.28201;0.00381343;-0.388256;-10.9267;1.71277e-05;-0.000363924;-0.0109812;2.28625;0.269229;8.93243;-0.525873;0.137329;0.130458;0;0;0;0;0;0;-2.28625;-0.269229;-8.93243;-3.94547;57.4327;-0.721216;
5.283;0.000820517;-0.388984;-10.9324;0.000274658;-0.000637982;-0.0107347;0;0;0;0;0;0;0;0;0;0;0;0;0;-0;-0;0;0;0;
5.28406;-0.00441154;-0.390386;-10.9348;0.000477106;-0.000740303;-0.0104631;0;0;0;0;0;0;0;0;0;0;0;0;0;-0;-0;0;0;0;
5.285;-0.0114717;-0.392394;-10.9349;0.000657983;-0.00069864;-0.0101984;1.88976;13.9963;37.2227;-1.89597;0.747514;-0.18482;0;0;0;0;0;0;-1.88976;-13.9963;-37.2227;-15.4442;239.922;-89.4303;
5.28605;-0.0216227;-0.394398;-10.9355;0.000861329;-0.000714108;-0.00996969;2.37133;3.32234;13.4683;-0.499546;0.029947;0.0382195;0;0;0;0;0;0;-2.37133;-3.32234;-13.4683;-5.94953;86.8821;-20.3421;
5.28703;-0.0312967;-0.396772;-10.9384;0.0011075;-0.000759834;-0.00966406;-1.46864;-1.45873;4.17537;0.232836;-0.160688;0.0359546;0;0;0;0;0;0;1.46864;1.45873;-4.17537;-2.48201;27.326;8.6635;
5.28803;-0.0415366;-0.397884;-10.9439;0.0013264;-0.000984003;-0.00944225;-20.2433;4.07167;70.104;-0.22651;-0.915551;-0.12266;0;0;0;0;0;0;20.2433;-4.07167;-70.104;-34.6691;456.574;-36.4187;
5.28903;-0.0505359;-0.397904;-10.9516;0.0014574;-0.00136405;-0.00917162;-8.94956;8.44403;50.8874;-0.736606;-0.722981;-0.109694;0;0;0;0;0;0;8.94956;-8.44403;-50.8874;-24.0425;330.901;-59.0366;
5.29003;-0.0603629;-0.39844;-10.9568;0.00164918;-0.0016678;-0.00902609;1.9796;-0.839852;8.09183;-0.501251;0.126505;0.135757;0;0;0;0;0;0;-1.9796;0.839852;-8.09183;-3.65812;52.035;6.29565;
5.29103;-0.0710073;-0.396918;-10.9599;0.00164237;-0.0020183;-0.00905294;0;0;0;0;0;0;0;0;0;0;0;0;0;-0;-0;0;0;0;
5.29204;-0.0809939;-0.393715;-10.9581;0.00155246;-0.00227656;-0.00930819;1.58298;-5.89991;27.4052;0.703627;0.312725;0.126933;0;0;0;0;0;0;-1.58298;5.89991;-27.4052;-15.0972;176.861;38.8471;
5.29303;-0.0917657;-0.390736;-10.9556;0.00135653;-0.00246206;-0.00967108;0;0;0;0;0;0;0;0;0;0;0;0;0;-0;-0;0;0;0;
5.29402;-0.102;-0.387159;-10.9515;0.00120407;-0.00259601;-0.0102013;0.635225;11.9022;49.1713;-1.33352;-0.187223;-0.147495;0;0;0;0;0;0;-0.635225;-11.9022;-49.1713;-22.2342;318.299;-76.5486;
5.29502;-0.111958;-0.383457;-10.9502;0.0011065;-0.00275162;-0.0108832;0;0;0;0;0;0;0;0;0;0;0;0;0;-0;-0;0;0;0;
5.29603;-0.122216;-0.379487;-10.9505;0.00108056;-0.00291574;-0.0116429;0.727149;0.212293;2.89957;0.127998;0.05759;-0.0344104;0;0;0;0;0;0;-0.727149;-0.212293;-2.89957;-1.56691;18.6318;-0.973095;
5.29703;-0.131589;-0.374861;-10.9535;0.00106424;-0.00312038;-0.0123962;1.09514;-7.34838;22.2815;1.00327;0.146236;0.105978;0;0;0;0;0;0;-1.09514;7.34838;-22.2815;-12.962;143.922;47.9951;
5.29804;-0.139768;-0.369601;-10.9566;0.000944626;-0.00325813;-0.0130136;0;0;0;0;0;0;0;0;0;0;0;0;0;-0;-0;0;0;0;
5.29904;-0.146819;-0.363646;-10.9569;0.00067161;-0.00330906;-0.0134692;0;0;0;0;0;0;0;0;0;0;0;0;0;-0;-0;0;0;0;
5.30004;-0.150316;-0.358375;-10.9517;0.000379459;-0.00307738;-0.0136176;2.53083;3.77091;14.5688;-0.781249;0.251476;0.0706242;0;0;0;0;0;0;-2.53083;-3.77091;-14.5688;-6.17703;93.7659;-23.1967;
5.30103;-0.15374;-0.353097;-10.9445;-8.28805e-06;-0.00275918;-0.0136117;0;0;0;0;0;0;0;0;0;0;0;0;0;-0;-0;0;0;0;
5.302;-0.155722;-0.347018;-10.9354;-0.000422879;-0.00247108;-0.0134935;0;0;0;0;0;0;0;0;0;0;0;0;0;-0;-0;0;0;0;
5.30305;-0.154866;-0.341468;-10.9253;-0.000727827;-0.00214075;-0.0131705;0;0;0;0;0;0;0;0;0;0;0;0;0;-0;-0;0;0;0;
5.30404;-0.151457;-0.336671;-10.9162;-0.000896698;-0.00190513;-0.0127655;-0.113589;-0.705074;9.04434;0.561887;-0.528951;-0.0341789;0;0;0;0;0;0;0.113589;0.705074;-9.04434;-5.18741;59.0641;4.53934;
5.30505;-0.147239;-0.331161;-10.9104;-0.000929958;-0.00169675;-0.0124169;0;0;0;0;0;0;0;0;0;0;0;0;0;-0;-0;0;0;0;
5.30606;-0.141666;-0.326017;-10.9023;-0.000871097;-0.00164537;-0.0120406;0;0;0;0;0;0;0;0;0;0;0;0;0;-0;-0;0;0;0;
5.30705;-0.135871;-0.320607;-10.8953;-0.000706986;-0.00153451;-0.0117356;0;0;0;0;0;0;0;0;0;0;0;0;0;-0;-0;0;0;0;
5.30805;-0.129917;-0.315193;-10.8884;-0.0004786;-0.00146154;-0.011533;0.203095;0.0292295;0.795054;0.0502719;-0.0485519;-0.0110569;0;0;0;0;0;0;-0.203095;-0.0292295;-0.795054;-0.447727;5.17276;-0.0758013;
5.30905;-0.124171;-0.310406;-10.8822;-0.000215304;-0.00135005;-0.0113878;0.556173;-0.158727;2.21462;0.086652;0.158807;-0.0103795;0;0;0;0;0;0;-0.556173;0.158727;-2.21462;-1.21787;14.1156;1.31755;
5.31006;-0.117019;-0.305979;-10.8772;4.78208e-05;-0.00122719;-0.0112529;0;0;0;0;0;0;0;0;0;0;0;0;0;-0;-0;0;0;0;
5.311;-0.110463;-0.302797;-10.8722;0.000281588;-0.00113694;-0.0111583;-0.0118094;-0.252105;0.610158;0.0170547;0.0491551;0.02064;0;0;0;0;0;0;0.0118094;0.252105;-0.610158;-0.349641;3.90021;1.60472;
5.312;-0.102549;-0.299573;-10.8678;0.000490246;-0.00107092;-0.0111154;-1.65758;-1.22812;3.45119;0.205162;-0.186289;0.0322463;0;0;0;0;0;0;1.65758;1.22812;-3.45119;-2.06648;22.6845;7.07987;
5.31301;-0.0936268;-0.297531;-10.865;0.00069505;-0.00101609;-0.0110435;7.55265;1.86675;30.0051;-1.11438;-0.0869043;0.252517;0;0;0;0;0;0;-7.55265;-1.86675;-30.0051;-13.8088;193.484;-8.5283;
5.31401;-0.0839308;-0.296185;-10.8657;0.000880915;-0.000999123;-0.0109831;0;0;0;0;0;0;0;0;0;0;0;0;0;-0;-0;0;0;0;
5.315;-0.0739646;-0.295501;-10.8685;0.00107923;-0.00111879;-0.0109316;1.23585;-0.3141;4.9;-0.212309;0.000415178;0.0548795;0;0;0;0;0;0;-1.23585;0.3141;-4.9;-2.28687;31.5822;2.59995;
5.31605;-0.061806;-0.295058;-10.8766;0.0013163;-0.00137908;-0.0108671;0;0;0;0;0;0;0;0;0;0;0;0;0;-0;-0;0;0;0;
5.31704;-0.0491275;-0.294875;-10.8882;0.00156575;-0.00181736;-0.0107905;-4.16666;-2.73544;8.20747;0.489689;-0.440857;0.101667;0;0;0;0;0;0;4.16666;2.73544;-8.20747;-4.89761;53.9676;15.5003;
5.31805;-0.0366349;-0.295536;-10.9017;0.0018122;-0.00234562;-0.0106898;0.137712;0.0886073;0.595525;0.0271039;-0.0448808;0.000410131;0;0;0;0;0;0;-0.137712;-0.0886073;-0.595525;-0.318115;3.88455;-0.504414;
5.31905;-0.025133;-0.295867;-10.914;0.00196666;-0.0028781;-0.0106401;1.76661;1.28216;8.36312;0.0346216;-0.306948;-0.0233781;0;0;0;0;0;0;-1.76661;-1.28216;-8.36312;-4.11757;54.2452;-7.38348;
5.32005;-0.0156707;-0.298884;-10.9156;0.00213603;-0.00303962;-0.010522;0.900771;0.102534;3.51841;0.222211;-0.214882;-0.0506275;0;0;0;0;0;0;-0.900771;-0.102534;-3.51841;-1.98379;22.8912;-0.159216;
5.32105;-0.00800016;-0.301643;-10.9086;0.00205074;-0.00294025;-0.0104287;-2.98044;-3.72552;8.70935;0.511704;-0.48171;-0.0309461;0;0;0;0;0;0;2.98044;3.72552;-8.70935;-5.27177;57.1369;22.6369;
5.32206;-0.00271237;-0.305669;-10.8936;0.00188987;-0.00255015;-0.0102896;-3.00441;-2.26091;6.50578;0.387266;-0.352329;0.0563996;0;0;0;0;0;0;3.00441;2.26091;-6.50578;-3.89057;42.7512;13.0604;
5.32305;0.00205549;-0.310257;-10.8756;0.00171463;-0.002071;-0.0101238;0.608081;2.10645;6.18294;-0.319941;0.117422;-0.00853865;0;0;0;0;0;0;-0.608081;-2.10645;-6.18294;-2.58231;39.8297;-13.3156;
5.32403;0.00743838;-0.315659;-10.8595;0.0016322;-0.00165468;-0.00985968;1.35963;0.111597;5.30121;0.334391;-0.323796;-0.0789471;0;0;0;0;0;0;-1.35963;-0.111597;-5.30121;-2.99288;34.4901;0.0415444;
5.32502;0.0116863;-0.321063;-10.8451;0.00160269;-0.00136565;-0.00956178;1.15515;2.62492;8.57483;-0.42662;0.168855;0.00553503;0;0;0;0;0;0;-1.15515;-2.62492;-8.57483;-3.62814;55.2007;-16.409;
5.32602;0.0157655;-0.327365;-10.8337;0.00171246;-0.00117941;-0.00920988;1.25869;-3.32073;11.2274;0.478997;0.214281;0.0760498;0;0;0;0;0;0;-1.25869;3.32073;-11.2274;-6.46651;72.3088;22.0454;
5.32702;0.0192726;-0.332688;-10.8255;0.00183447;-0.0010819;-0.00888062;0;0;0;0;0;0;0;0;0;0;0;0;0;-0;-0;0;0;0;
5.328;0.0220783;-0.338651;-10.8181;0.00204936;-0.00103929;-0.00849855;0;0;0;0;0;0;0;0;0;0;0;0;0;-0;-0;0;0;0;
5.32904;0.0241399;-0.344796;-10.811;0.00229718;-0.0010258;-0.00808827;-8.45613;-7.39834;27.5448;1.09758;-0.66148;0.123462;0;0;0;0;0;0;8.45613;7.39834;-27.5448;-15.7119;179.746;43.4908;
5.33004;0.0260462;-0.350816;-10.8069;0.00255756;-0.00100203;-0.00759105;0;0;0;0;0;0;0;0;0;0;0;0;0;-0;-0;0;0;0;
5.33104;0.0268092;-0.355253;-10.8007;0.0026881;-0.00107897;-0.00710388;-6.34495;-4.10532;12.4226;0.612319;-0.787345;0.0524935;0;0;0;0;0;0;6.34495;4.10532;-12.4226;-7.28052;81.8079;23.3166;
5.33205;0.026441;-0.359461;-10.7967;0.0028775;-0.00110829;-0.00663261;-14.8078;-5.42043;24.6935;1.05911;-1.71496;0.258659;0;0;0;0;0;0;14.8078;5.42043;-24.6935;-14.039;162.987;27.3583;
5.33306;0.0254803;-0.362827;-10.7934;0.00298258;-0.00111016;-0.00612664;0;0;0;0;0;0;0;0;0;0;0;0;0;-0;-0;0;0;0;
5.334;0.0250413;-0.366014;-10.7887;0.00308224;-0.00116072;-0.00559734;0;0;0;0;0;0;0;0;0;0;0;0;0;-0;-0;0;0;0;
5.335;0.0225971;-0.368146;-10.7849;0.00305963;-0.00124797;-0.0050645;0;0;0;0;0;0;0;0;0;0;0;0;0;-0;-0;0;0;0;
5.336;0.0204378;-0.369835;-10.7808;0.00295832;-0.00133561;-0.00452417;2.99507;-0.696563;11.8696;-0.088727;0.539358;0.0643901;0;0;0;0;0;0;-2.99507;0.696563;-11.8696;-5.95873;75.9647;5.95121;
5.337;0.0181915;-0.370844;-10.777;0.00279535;-0.00144891;-0.00404702;0;0;0;0;0;0;0;0;0;0;0;0;0;-0;-0;0;0;0;
5.33805;0.0161564;-0.371948;-10.773;0.00257291;-0.00156308;-0.00354239;0.21885;0.00499179;0.851762;-0.0506189;0.0130786;0.0129293;0;0;0;0;0;0;-0.21885;-0.00499179;-0.851762;-0.377828;5.47648;0.0649834;
5.33905;0.0128712;-0.373109;-10.769;0.00233948;-0.0016627;-0.00315133;0;0;0;0;0;0;0;0;0;0;0;0;0;-0;-0;0;0;0;
5.34005;0.00824786;-0.374563;-10.7659;0.00210448;-0.0017751;-0.00285747;0;0;0;0;0;0;0;0;0;0;0;0;0;-0;-0;0;0;0;
5.34105;0.00310576;-0.375882;-10.7609;0.00188479;-0.00185098;-0.00262467;3.74956;-2.40793;16.2089;0.593464;1.17282;0.0369442;0;0;0;0;0;0;-3.74956;2.40793;-16.2089;-8.99805;103.335;17.4324;
5.34205;-0.00307854;-0.37701;-10.7571;0.00169309;-0.00192957;-0.00257361;0;0;0;0;0;0;0;0;0;0;0;0;0;-0;-0;0;0;0;
5.34304;-0.010619;-0.377599;-10.7534;0.0015325;-0.00197668;-0.00270666;0.608126;0.144849;2.40498;0.15261;-0.14681;-0.0297467;0;0;0;0;0;0;-0.608126;-0.144849;-2.40498;-1.34922;15.6478;-0.601279;
5.34404;-0.0186268;-0.378235;-10.7492;0.00144634;-0.00198212;-0.00296925;-0.0772728;-8.20788;47.4319;1.03929;0.329621;0.133918;0;0;0;0;0;0;0.0772728;8.20788;-47.4319;-25.7501;306.598;52.9382;
5.34504;-0.0276257;-0.377321;-10.747;0.00135341;-0.00198204;-0.00347228;1.46068;-0.465917;5.84854;0.227319;0.419648;-0.0233424;0;0;0;0;0;0;-1.46068;0.465917;-5.84854;-3.21942;37.278;3.77377;
5.34604;-0.0355459;-0.376016;-10.7442;0.00132151;-0.00195616;-0.00406886;0;0;0;0;0;0;0;0;0;0;0;0;0;-0;-0;0;0;0;
5.34704;-0.0441975;-0.371517;-10.7429;0.00126796;-0.00193413;-0.0049284;0.672391;3.24423;9.0224;-0.462956;0.176297;-0.0288904;0;0;0;0;0;0;-0.672391;-3.24423;-9.0224;-3.75502;58.1378;-20.625;
5.34804;-0.0517736;-0.367254;-10.7421;0.00132566;-0.00181026;-0.00576732;1.50213;-0.731915;6.23005;0.234438;0.448787;-0.00380126;0;0;0;0;0;0;-1.50213;0.731915;-6.23005;-3.44537;39.7134;5.4963;
5.34905;-0.0564171;-0.361371;-10.742;0.00141122;-0.00172363;-0.00654337;0;0;0;0;0;0;0;0;0;0;0;0;0;-0;-0;0;0;0;
5.35005;-0.057883;-0.354657;-10.7426;0.00157853;-0.00162587;-0.00709938;1.81825;-0.721812;8.79516;0.356562;-0.296943;-0.000814545;0;0;0;0;0;0;-1.81825;0.721812;-8.79516;-4.85828;57.0255;5.58714;
5.35106;-0.0566199;-0.34626;-10.7457;0.00174607;-0.00158856;-0.00746062;-7.22814;-4.62314;14.084;0.840975;-0.755778;0.183514;0;0;0;0;0;0;7.22814;4.62314;-14.084;-8.39784;92.6154;26.0915;
5.35205;-0.0519625;-0.336711;-10.7494;0.00190603;-0.00158048;-0.00754485;0;0;0;0;0;0;0;0;0;0;0;0;0;-0;-0;0;0;0;
5.35306;-0.0443997;-0.326748;-10.7527;0.00210867;-0.00164012;-0.00741349;-2.99471;-2.12418;9.99693;0.408673;-0.488007;0.0736136;0;0;0;0;0;0;2.99471;2.12418;-9.99693;-5.65639;65.4761;12.1632;
5.35406;-0.0356634;-0.31621;-10.7559;0.00226064;-0.00171857;-0.00716331;-5.41407;1.26288;50.7857;0.335936;-0.212869;-0.0126925;0;0;0;0;0;0;5.41407;-1.26288;-50.7857;-25.7849;329.377;-10.8856;
5.355;-0.0274455;-0.306453;-10.7576;0.00233589;-0.00177874;-0.006882;-4.04139;-2.13258;12.9446;0.604762;-0.884053;0.0584576;0;0;0;0;0;0;4.04139;2.13258;-12.9446;-7.33779;85.051;11.7057;
5.35601;-0.0199789;-0.296697;-10.7573;0.00238282;-0.00176029;-0.00658865;1.43199;-0.485493;5.75411;0.222766;0.41304;-0.0205888;0;0;0;0;0;0;-1.43199;0.485493;-5.75411;-3.16928;36.6765;3.88324;
5.35701;-0.014109;-0.28781;-10.754;0.00238988;-0.00170516;-0.00633705;3.06702;-7.71119;26.8431;1.16828;0.411988;0.15887;0;0;0;0;0;0;-3.06702;7.71119;-26.8431;-15.4607;172.975;51.2827;
5.35801;-0.0109346;-0.278651;-10.751;0.00226497;-0.00164776;-0.00617464;0;0;0;0;0;0;0;0;0;0;0;0;0;-0;-0;0;0;0;
5.35901;-0.00977158;-0.272181;-10.746;0.00227478;-0.0015358;-0.00607158;0.154353;0.0166645;0.602676;0.0380535;-0.036809;-0.00872818;0;0;0;0;0;0;-0.154353;-0.0166645;-0.602676;-0.339889;3.92107;-0.021371;
5.36002;-0.0106342;-0.266865;-10.7437;0.0022542;-0.00149434;-0.00606106;0;0;0;0;0;0;0;0;0;0;0;0;0;-0;-0;0;0;0;
5.36101;-0.01112;-0.26404;-10.7427;0.0022315;-0.00149105;-0.0059907;0;0;0;0;0;0;0;0;0;0;0;0;0;-0;-0;0;0;0;
5.36206;-0.014206;-0.261787;-10.7441;0.00219966;-0.0015667;-0.00607172;0.78741;0.00468963;3.06416;0.136239;-0.231488;-0.0346557;0;0;0;0;0;0;-0.78741;-0.00468963;-3.06416;-1.67888;19.9798;0.400851;
5.363;-0.01718;-0.260322;-10.7466;0.002119;-0.00165299;-0.00619646;2.65647;5.75462;19.0905;-1.00503;0.344727;0.0359373;0;0;0;0;0;0;-2.65647;-5.75462;-19.0905;-8.03126;122.918;-35.9348;
5.364;-0.0207847;-0.260005;-10.7483;0.00202592;-0.00175207;-0.00637487;-1.5932;0.462627;62.1691;-0.0116299;-0.398207;0.0395769;0;0;0;0;0;0;1.5932;-0.462627;-62.1691;-31.2504;402.838;-3.83545;
5.365;-0.0235988;-0.259851;-10.7501;0.0018663;-0.00181076;-0.00654723;0;0;0;0;0;0;0;0;0;0;0;0;0;-0;-0;0;0;0;
5.36606;-0.0260512;-0.259642;-10.7495;0.00165292;-0.00181338;-0.00672181;3.20561;-1.84463;13.6003;0.503726;0.982098;0.0144747;0;0;0;0;0;0;-3.20561;1.84463;-13.6003;-7.53806;86.7002;13.536;
5.36705;-0.0272284;-0.259696;-10.7483;0.00146695;-0.0017822;-0.00684452;0;0;0;0;0;0;0;0;0;0;0;0;0;-0;-0;0;0;0;
5.36805;-0.0276997;-0.259974;-10.7441;0.00131226;-0.00175508;-0.0068821;-11.0298;0.460204;26.6553;0.0304758;-0.74969;-0.000225101;0;0;0;0;0;0;11.0298;-0.460204;-26.6553;-13.4079;174.336;-8.53226;
5.36904;-0.0269476;-0.260449;-10.7395;0.00122573;-0.00167967;-0.00681712;1.1152;0.0956222;4.34895;0.274357;-0.265633;-0.064513;0;0;0;0;0;0;-1.1152;-0.0956222;-4.34895;-2.4549;28.2946;0.0073861;
5.37002;-0.0246092;-0.260859;-10.7374;0.00112641;-0.00164405;-0.00657323;0;0;0;0;0;0;0;0;0;0;0;0;0;-0;-0;0;0;0;
5.37105;-0.0213622;-0.262684;-10.7307;0.0011171;-0.00169914;-0.00615671;1.01156;-0.667565;4.39554;0.269931;-0.267365;-0.102725;0;0;0;0;0;0;-1.01156;0.667565;-4.39554;-2.55055;28.6082;4.93178;
5.37205;-0.0179519;-0.265092;-10.7269;0.00112803;-0.00177659;-0.00569101;2.17205;4.53488;15.2347;-0.803354;0.273921;0.0329985;0;0;0;0;0;0;-2.17205;-4.53488;-15.2347;-6.41361;98.0878;-28.2831;
5.37303;-0.0156968;-0.267557;-10.7254;0.00114978;-0.00192107;-0.00527844;0;0;0;0;0;0;0;0;0;0;0;0;0;-0;-0;0;0;0;
5.37401;-0.0119908;-0.27167;-10.7235;0.00124379;-0.0020497;-0.00480074;0;0;0;0;0;0;0;0;0;0;0;0;0;-0;-0;0;0;0;
5.37505;-0.00932399;-0.275635;-10.7241;0.00131557;-0.00227466;-0.00438463;1.19238;10.781;28.2646;-1.43611;0.573292;-0.158087;0;0;0;0;0;0;-1.19238;-10.781;-28.2646;-11.7156;182.199;-69.0021;
5.37604;-0.00567566;-0.280403;-10.7242;0.00149317;-0.00245241;-0.00398379;-5.51931;-2.06284;9.23765;0.395933;-0.641709;0.0932636;0;0;0;0;0;0;5.51931;2.06284;-9.23765;-5.25513;60.9701;10.4753;
5.37705;-0.00315041;-0.284545;-10.7256;0.00167503;-0.00268029;-0.00371893;0.958637;-0.534948;13.2391;0.827232;-0.785168;-0.0916256;0;0;0;0;0;0;-0.958637;0.534948;-13.2391;-7.54816;86.3554;4.0359;
5.37805;-0.000670602;-0.288724;-10.7262;0.0019468;-0.00285121;-0.00345254;1.07823;-1.43302;10.4877;0.640083;-0.600477;-0.141537;0;0;0;0;0;0;-1.07823;1.43302;-10.4877;-6.06557;68.3552;9.95721;
5.37905;0.000727826;-0.291857;-10.7279;0.00220488;-0.00306494;-0.00327643;0;0;0;0;0;0;0;0;0;0;0;0;0;-0;-0;0;0;0;
5.38005;0.00190188;-0.294262;-10.7287;0.00251642;-0.00328678;-0.00319552;0.241292;0.128122;1.01176;0.0458852;-0.0763044;-0.00128041;0;0;0;0;0;0;-0.241292;-0.128122;-1.01176;-0.542546;6.59889;-0.706246;
5.38105;0.00277512;-0.296056;-10.7293;0.00278919;-0.00348573;-0.0030631;0.112585;0.231154;2.00754;0.0908813;-0.148799;0.0120364;0;0;0;0;0;0;-0.112585;-0.231154;-2.00754;-1.07867;13.1277;-1.45107;
5.38206;0.0035381;-0.296283;-10.7282;0.0029793;-0.00361793;-0.00296035;0;0;0;0;0;0;0;0;0;0;0;0;0;-0;-0;0;0;0;
5.38306;0.00471269;-0.295366;-10.7248;0.00308675;-0.00368605;-0.00284704;-13.0936;5.04712;61.5336;-0.737847;-0.560111;-0.0172324;0;0;0;0;0;0;13.0936;-5.04712;-61.5336;-29.7439;400.041;-39.2353;
5.38406;0.0067001;-0.293295;-10.72;0.00307969;-0.00365901;-0.00267928;0;0;0;0;0;0;0;0;0;0;0;0;0;-0;-0;0;0;0;
5.38501;0.00785931;-0.29092;-10.7133;0.00305438;-0.00357514;-0.00259604;0.77989;-0.484329;3.87326;0.150999;-0.0520029;0.00820231;0;0;0;0;0;0;-0.77989;0.484329;-3.87326;-2.1502;25.0365;3.51851;
5.38602;0.00941164;-0.288778;-10.7066;0.00300293;-0.00346985;-0.00246915;0;0;0;0;0;0;0;0;0;0;0;0;0;-0;-0;0;0;0;
5.38701;0.0101166;-0.286685;-10.6993;0.00294852;-0.00333373;-0.00239225;1.2248;-1.70859;6.87422;0.24134;0.441715;0.0756551;0;0;0;0;0;0;-1.2248;1.70859;-6.87422;-3.87474;43.9165;11.597;
5.38801;0.00890123;-0.285172;-10.6939;0.00294158;-0.00325307;-0.00247788;0.676324;-0.263205;2.74412;0.105206;0.197191;-0.0070157;0;0;0;0;0;0;-0.676324;0.263205;-2.74412;-1.51357;17.4913;2.05074;
5.389;0.00679024;-0.284178;-10.6912;0.00298805;-0.00325049;-0.00269179;2.46396;-0.564855;9.74056;-0.278422;0.326099;0.085222;0;0;0;0;0;0;-2.46396;0.564855;-9.74056;-4.68365;62.455;4.81065;
5.39005;0.00267517;-0.283687;-10.6915;0.00311785;-0.00335649;-0.00302784;1.06867;2.08811;7.18454;-0.380011;0.128162;0.019276;0;0;0;0;0;0;-1.06867;-2.08811;-7.18454;-3.02851;46.2537;-12.9927;
5.39104;-0.000770918;-0.283819;-10.694;0.00332061;-0.00352339;-0.00335419;0;0;0;0;0;0;0;0;0;0;0;0;0;-0;-0;0;0;0;
5.39202;-0.00444327;-0.283733;-10.6978;0.00354386;-0.00374056;-0.00368018;0;0;0;0;0;0;0;0;0;0;0;0;0;-0;-0;0;0;0;
5.39302;-0.00852812;-0.283536;-10.7021;0.00371989;-0.00396525;-0.00398996;0;0;0;0;0;0;0;0;0;0;0;0;0;-0;-0;0;0;0;
5.39403;-0.012576;-0.283649;-10.7041;0.00387085;-0.00406779;-0.00423864;1.29562;-1.28013;6.25925;0.217725;0.457872;0.0485753;0;0;0;0;0;0;-1.29562;1.28013;-6.25925;-3.49841;39.9139;8.88727;
5.39503;-0.0178094;-0.283237;-10.7038;0.00387467;-0.00409563;-0.00449525;0;0;0;0;0;0;0;0;0;0;0;0;0;-0;-0;0;0;0;
5.39603;-0.0232261;-0.28358;-10.7003;0.0037888;-0.00394414;-0.00461769;0.254244;-0.0923962;1.02631;-0.063249;0.0159775;0.0171069;0;0;0;0;0;0;-0.254244;0.0923962;-1.02631;-0.462877;6.59944;0.708801;
5.39703;-0.0284704;-0.284688;-10.6951;0.00367912;-0.00369557;-0.00469118;0;0;0;0;0;0;0;0;0;0;0;0;0;-0;-0;0;0;0;
5.39804;-0.0335785;-0.286169;-10.6892;0.00351372;-0.0033889;-0.00468736;-2.98937;-1.1739;5.04958;0.216097;-0.350972;0.0463382;0;0;0;0;0;0;2.98937;1.1739;-5.04958;-2.87693;33.3255;6.0442;
5.39904;-0.035953;-0.287306;-10.6839;0.00334712;-0.00298951;-0.00462095;0;0;0;0;0;0;0;0;0;0;0;0;0;-0;-0;0;0;0;
5.40005;-0.0385614;-0.289771;-10.6774;0.00324936;-0.00270286;-0.00447439;1.7782;3.8093;12.6847;-0.668113;0.22878;0.0249552;0;0;0;0;0;0;-1.7782;-3.8093;-12.6847;-5.33748;81.6716;-23.7784;
5.40105;-0.040219;-0.291885;-10.6724;0.00318917;-0.00241914;-0.00428249;6.51882;0.122118;25.393;-0.388708;-0.135634;0.115476;0;0;0;0;0;0;-6.51882;-0.122118;-25.393;-12.387;163.792;2.37723;
5.40205;-0.0413322;-0.293619;-10.6688;0.00317738;-0.00219131;-0.00411102;1.42423;-0.364279;15.1578;0.671175;-1.12758;-0.0901621;0;0;0;0;0;0;-1.42423;0.364279;-15.1578;-8.34126;99.0667;3.16456;
5.40305;-0.0430095;-0.296522;-10.666;0.00325322;-0.00197361;-0.00389137;3.96974;-12.2225;39.8261;1.77272;0.3894;0.155697;0;0;0;0;0;0;-3.96974;12.2225;-39.8261;-23.0563;256.916;80.9316;
5.40405;-0.0442866;-0.298572;-10.6636;0.00333571;-0.00180532;-0.0036786;1.71397;-1.23878;7.5899;0.274272;0.550524;0.0279169;0;0;0;0;0;0;-1.71397;1.23878;-7.5899;-4.22092;48.3895;8.85106;
5.40505;-0.0461859;-0.300787;-10.6613;0.00345345;-0.00172205;-0.00348737;0.436671;0.382674;2.03142;-0.112214;0.0331509;0.0178766;0;0;0;0;0;0;-0.436671;-0.382674;-2.03142;-0.872395;13.0677;-2.27414;
5.40606;-0.0480025;-0.30335;-10.6602;0.00358833;-0.00163826;-0.00328137;0;0;0;0;0;0;0;0;0;0;0;0;0;-0;-0;0;0;0;
5.40701;-0.0496262;-0.306308;-10.6596;0.00374453;-0.00161449;-0.00308576;2.68331;-0.896739;10.7728;0.417483;0.773197;-0.0396257;0;0;0;0;0;0;-2.68331;0.896739;-10.7728;-5.93273;68.6654;7.19349;
5.40801;-0.0518931;-0.308756;-10.6594;0.00383944;-0.00169528;-0.00292705;0;0;0;0;0;0;0;0;0;0;0;0;0;-0;-0;0;0;0;
5.40902;-0.0531743;-0.311311;-10.6593;0.00400774;-0.0017372;-0.00280372;9.54638;2.99495;59.7496;-0.300018;1.31092;-0.0709205;0;0;0;0;0;0;-9.54638;-2.99495;-59.7496;-29.4893;384.353;-14.501;
5.41002;-0.0542727;-0.313271;-10.6612;0.00414348;-0.001854;-0.00270138;0;0;0;0;0;0;0;0;0;0;0;0;0;-0;-0;0;0;0;
5.41103;-0.053496;-0.312487;-10.6634;0.00422917;-0.00196021;-0.00265631;0;0;0;0;0;0;0;0;0;0;0;0;0;-0;-0;0;0;0;
5.41202;-0.0530515;-0.31192;-10.6628;0.00447264;-0.00212014;-0.0027445;0.186712;0.0846577;0.768218;-0.043814;0.0120416;0.00932183;0;0;0;0;0;0;-0.186712;-0.0846577;-0.768218;-0.334563;4.94013;-0.463089;
5.41303;-0.0533985;-0.309447;-10.665;0.00467717;-0.00229565;-0.00286914;0;0;0;0;0;0;0;0;0;0;0;0;0;-0;-0;0;0;0;
5.41403;-0.0538733;-0.304237;-10.6683;0.00482039;-0.00252152;-0.00309456;0.565313;0.218333;2.29232;-0.131525;0.0357439;0.0290312;0;0;0;0;0;0;-0.565313;-0.218333;-2.29232;-1.00097;14.7405;-1.15711;
5.41504;-0.0543963;-0.299229;-10.6719;0.00507172;-0.00273392;-0.00336983;0;0;0;0;0;0;0;0;0;0;0;0;0;-0;-0;0;0;0;
5.41604;-0.05511;-0.29227;-10.6774;0.00526812;-0.00304345;-0.00376965;1.43799;-1.20988;9.50364;0.585866;-0.570858;-0.161321;0;0;0;0;0;0;-1.43799;1.20988;-9.50364;-5.49337;61.9218;8.71428;
5.41705;-0.0562729;-0.284697;-10.6839;0.00537925;-0.00337074;-0.0041826;0.484902;-0.0593432;1.89512;0.118581;-0.115744;-0.0339654;0;0;0;0;0;0;-0.484902;0.0593432;-1.89512;-1.07893;12.3299;0.662155;
5.41805;-0.0568032;-0.277019;-10.6893;0.00539996;-0.00365528;-0.00460102;2.75606;1.95719;12.1609;-0.46317;0.314121;0.0539016;0;0;0;0;0;0;-2.75606;-1.95719;-12.1609;-5.46461;78.0991;-11.3304;
5.41904;-0.0578799;-0.269811;-10.6929;0.00532183;-0.00386076;-0.00502402;0;0;0;0;0;0;0;0;0;0;0;0;0;-0;-0;0;0;0;
5.42005;-0.0586263;-0.263261;-10.6911;0.00514757;-0.00385148;-0.00539065;1.29502;-1.12849;6.23574;0.32566;-0.112749;-0.0601515;0;0;0;0;0;0;-1.29502;1.12849;-6.23574;-3.57928;40.3324;8.01447;
5.42101;-0.0580948;-0.257202;-10.6869;0.00490612;-0.00372404;-0.00564254;0;0;0;0;0;0;0;0;0;0;0;0;0;-0;-0;0;0;0;
5.42204;-0.0582757;-0.251353;-10.6804;0.00462786;-0.00344846;-0.00583608;0;0;0;0;0;0;0;0;0;0;0;0;0;-0;-0;0;0;0;
5.42303;-0.0581956;-0.247114;-10.6721;0.00443706;-0.00311254;-0.00592606;-14.538;14.2676;69.06;-1.47117;-0.449189;-0.270005;0;0;0;0;0;0;14.538;-14.2676;-69.06;-31.8752;448.776;-99.3725;
5.42403;-0.0568024;-0.244124;-10.6639;0.00432882;-0.00273856;-0.00583722;0;0;0;0;0;0;0;0;0;0;0;0;0;-0;-0;0;0;0;
5.42503;-0.0563212;-0.241296;-10.6565;0.00429874;-0.00237732;-0.00573843;0.689721;-0.00676789;2.68406;0.16869;-0.163956;-0.0437615;0;0;0;0;0;0;-0.689721;0.00676789;-2.68406;-1.52106;17.4625;0.434899;
5.42604;-0.0553392;-0.239283;-10.6502;0.00432873;-0.00203714;-0.00554728;0;0;0;0;0;0;0;0;0;0;0;0;0;-0;-0;0;0;0;
5.42704;-0.0545056;-0.238363;-10.644;0.00441132;-0.00174846;-0.00531256;0;0;0;0;0;0;0;0;0;0;0;0;0;-0;-0;0;0;0;
5.42805;-0.0548227;-0.23775;-10.6395;0.004482;-0.00150903;-0.00506137;0.622125;2.49269;7.12662;-0.367276;0.13718;-0.01592;0;0;0;0;0;0;-0.622125;-2.49269;-7.12662;-2.97146;45.9146;-15.8003;
5.42905;-0.0548559;-0.238543;-10.6357;0.00456685;-0.00130397;-0.00471081;0;0;0;0;0;0;0;0;0;0;0;0;0;-0;-0;0;0;0;
5.43004;-0.0551569;-0.241049;-10.634;0.00462465;-0.00117387;-0.00426852;-11.2462;-9.1226;24.5451;1.45531;-1.33022;0.172398;0;0;0;0;0;0;11.2462;9.1226;-24.5451;-14.7321;161.283;53.1936;
5.43104;-0.0568133;-0.242855;-10.6345;0.00456772;-0.00113359;-0.00377476;0;0;0;0;0;0;0;0;0;0;0;0;0;-0;-0;0;0;0;
5.43204;-0.0596657;-0.246551;-10.6363;0.0044756;-0.00121311;-0.00313263;1.26589;-4.53872;14.5253;0.662602;0.0690218;0.0317358;0;0;0;0;0;0;-1.26589;4.53872;-14.5253;-8.43321;93.7928;29.9745;
5.43305;-0.0625131;-0.251117;-10.641;0.00427261;-0.00142125;-0.00234865;0;0;0;0;0;0;0;0;0;0;0;0;0;-0;-0;0;0;0;
5.43405;-0.0656562;-0.255234;-10.6466;0.00396766;-0.00173755;-0.00156029;2.35178;-2.02815;12.5321;0.648625;-0.210761;-0.0544863;0;0;0;0;0;0;-2.35178;2.02815;-12.5321;-7.16343;81.0662;14.3624;
5.43505;-0.0682545;-0.257995;-10.6526;0.0036101;-0.00209305;-0.000934772;-6.45602;-2.39078;10.84;0.366916;-0.661517;0.0958204;0;0;0;0;0;0;6.45602;2.39078;-10.84;-6.06599;71.4523;12.123;
5.436;-0.0685993;-0.258787;-10.6563;0.00333226;-0.00232041;-0.000596484;0;0;0;0;0;0;0;0;0;0;0;0;0;-0;-0;0;0;0;
5.437;-0.0642478;-0.256271;-10.6555;0.00317716;-0.00240542;-0.00061535;3.0225;-1.27523;26.0969;1.15092;-1.94537;-0.228358;0;0;0;0;0;0;-3.0225;1.27523;-26.0969;-14.4214;170.507;10.0021;
5.438;-0.0595463;-0.252066;-10.651;0.0032225;-0.00219268;-0.000936072;0.671733;-1.47502;8.81658;0.50715;-0.37599;-0.0673557;0;0;0;0;0;0;-0.671733;1.47502;-8.81658;-5.09527;57.358;9.95006;
5.43905;-0.0533334;-0.245554;-10.642;0.00345152;-0.00177267;-0.00147706;0;0;0;0;0;0;0;0;0;0;0;0;0;-0;-0;0;0;0;
5.44005;-0.0471748;-0.23876;-10.6304;0.00378228;-0.0012951;-0.00200372;1.27997;1.82716;7.21002;-0.387515;0.123858;0.037406;0;0;0;0;0;0;-1.27997;-1.82716;-7.21002;-3.06004;46.4015;-11.2158;
5.44106;-0.0432112;-0.233903;-10.619;0.00418026;-0.00082904;-0.0023899;0.137834;-0.00857447;1.43301;0.0636353;-0.106622;-0.00675875;0;0;0;0;0;0;-0.137834;0.00857447;-1.43301;-0.786161;9.36534;0.131655;
5.442;-0.0403162;-0.229427;-10.6093;0.0044568;-0.000434597;-0.00262813;0.916228;-0.285491;3.66683;0.108054;0.243726;-0.00702619;0;0;0;0;0;0;-0.916228;0.285491;-3.66683;-1.98334;23.3913;2.31577;
5.44301;-0.038196;-0.226531;-10.6017;0.00470141;-0.000118891;-0.00270188;0;0;0;0;0;0;0;0;0;0;0;0;0;-0;-0;0;0;0;
5.44402;-0.0372157;-0.224022;-10.595;0.00481569;6.45654e-05;-0.0026744;-0.944574;-9.40721;25.845;1.19949;-0.00931254;0.130303;0;0;0;0;0;0;0.944574;9.40721;-25.845;-15.1595;167.339;60.2653;
5.44502;-0.0382813;-0.221526;-10.5922;0.00482043;0.000189579;-0.00262008;0;0;0;0;0;0;0;0;0;0;0;0;0;-0;-0;0;0;0;
5.44603;-0.0392378;-0.219288;-10.5899;0.0047675;0.000291723;-0.0025276;0.356472;0.040779;1.39243;0.0879388;-0.0850455;-0.0200223;0;0;0;0;0;0;-0.356472;-0.040779;-1.39243;-0.785076;9.05926;-0.0643263;
5.44703;-0.0414621;-0.216639;-10.5897;0.00463626;0.000368563;-0.00245359;0;0;0;0;0;0;0;0;0;0;0;0;0;-0;-0;0;0;0;
5.44803;-0.0434243;-0.215108;-10.5895;0.00454728;0.000465218;-0.00238556;0;0;0;0;0;0;0;0;0;0;0;0;0;-0;-0;0;0;0;
5.44903;-0.0451002;-0.212907;-10.5889;0.00438814;0.000524311;-0.00232842;-1.91461;5.46456;20.7293;-0.580022;-0.0183461;-0.101696;0;0;0;0;0;0;1.91461;-5.46456;-20.7293;-9.3107;134.343;-36.222;
5.45002;-0.0463704;-0.211826;-10.5885;0.00426543;0.000574823;-0.00230504;0.743566;-1.36217;8.43768;0.517372;-0.501707;-0.126588;0;0;0;0;0;0;-0.743566;1.36217;-8.43768;-4.90336;55.0248;9.31522;
5.45101;-0.0472995;-0.21151;-10.587;0.00416045;0.000595853;-0.00232511;0;0;0;0;0;0;0;0;0;0;0;0;0;-0;-0;0;0;0;
5.45205;-0.0474333;-0.212241;-10.5843;0.0040924;0.000596382;-0.00242237;0;0;0;0;0;0;0;0;0;0;0;0;0;-0;-0;0;0;0;
5.45305;-0.0468325;-0.213358;-10.5809;0.00403715;0.000523132;-0.00255545;2.23821;0.394259;8.78772;-0.514365;0.13541;0.124932;0;0;0;0;0;0;-2.23821;-0.394259;-8.78772;-3.87158;56.5026;-1.5489;
5.45405;-0.0477016;-0.214971;-10.5774;0.00403601;0.000469327;-0.00277693;-2.55858;-5.37147;16.7946;0.4795;-0.237381;0.173093;0;0;0;0;0;0;2.55858;5.37147;-16.7946;-9.47656;109.167;33.2955;
5.45504;-0.0491731;-0.216064;-10.5741;0.00403153;0.000366061;-0.00301055;-7.30932;-5.70283;15.6238;0.927346;-0.845289;0.125305;0;0;0;0;0;0;7.30932;5.70283;-15.6238;-9.36802;102.676;33.095;
5.45603;-0.0510295;-0.217259;-10.5701;0.00408317;0.000317896;-0.00329761;2.28444;-1.53111;9.95685;0.362893;0.721038;0.0276175;0;0;0;0;0;0;-2.28444;1.53111;-9.95685;-5.5309;63.4774;11.0302;
5.45702;-0.0536892;-0.217235;-10.5675;0.00410749;0.000218795;-0.00364549;0;0;0;0;0;0;0;0;0;0;0;0;0;-0;-0;0;0;0;
5.45801;-0.0565173;-0.217541;-10.5635;0.00424051;0.000186878;-0.00402063;0;0;0;0;0;0;0;0;0;0;0;0;0;-0;-0;0;0;0;
5.45905;-0.0600168;-0.216453;-10.5612;0.00434899;0.000162659;-0.00445507;1.28921;2.7371;9.15529;-0.364697;0.229788;-0.0186316;0;0;0;0;0;0;-1.28921;-2.7371;-9.15529;-3.97116;58.8819;-17.0431;
5.46005;-0.0629469;-0.215286;-10.5587;0.00451351;0.000118896;-0.00490914;0;0;0;0;0;0;0;0;0;0;0;0;0;-0;-0;0;0;0;
5.46105;-0.0658044;-0.213125;-10.5575;0.00464789;0.000109466;-0.0053137;2.62957;11.1381;31.5612;-1.62426;0.610429;-0.0800953;0;0;0;0;0;0;-2.62957;-11.1381;-31.5612;-13.1519;203.349;-70.6668;
5.46204;-0.067538;-0.210554;-10.5577;0.0047773;0.000100891;-0.00566454;0;0;0;0;0;0;0;0;0;0;0;0;0;-0;-0;0;0;0;
5.463;-0.0676319;-0.207875;-10.5573;0.00489937;8.44806e-05;-0.00590182;0;0;0;0;0;0;0;0;0;0;0;0;0;-0;-0;0;0;0;
5.46402;-0.0678161;-0.20509;-10.5584;0.00500459;7.60144e-05;-0.00607957;1.62752;-5.65619;37.9478;0.542914;0.409911;0.143392;0;0;0;0;0;0;-1.62752;5.65619;-37.9478;-20.2213;244.975;37.2757;
5.46501;-0.0668382;-0.202043;-10.5611;0.00505148;4.35245e-05;-0.00615632;0;0;0;0;0;0;0;0;0;0;0;0;0;-0;-0;0;0;0;
5.46601;-0.0647704;-0.199005;-10.5641;0.00507133;4.72293e-06;-0.00611385;-2.06067;0.0480559;110.716;-0.305201;0.20568;0.103312;0;0;0;0;0;0;2.06067;-0.0480559;-110.716;-55.4469;716.411;-1.45203;
5.46706;-0.0618949;-0.195961;-10.5685;0.00507449;-3.57205e-05;-0.0059864;4.72804;7.07018;30.8117;-1.07575;0.17174;-0.00628725;0;0;0;0;0;0;-4.72804;-7.07018;-30.8117;-13.7313;198.727;-43.3616;
5.46804;-0.0597047;-0.192596;-10.5735;0.00502899;-0.000118966;-0.00582003;-1.12804;3.97376;22.5047;0.301496;-0.900023;-0.229026;0;0;0;0;0;0;1.12804;-3.97376;-22.5047;-11.236;146.634;-26.0521;
5.46903;-0.0571576;-0.19142;-10.5762;0.00508964;-9.67634e-05;-0.00552872;-11.8162;-10.8596;28.0236;1.30834;-0.980635;0.260415;0;0;0;0;0;0;11.8162;10.8596;-28.0236;-16.5113;183.499;64.0582;
5.47002;-0.0550313;-0.189482;-10.5791;0.00508331;-0.00014111;-0.0052362;0;0;0;0;0;0;0;0;0;0;0;0;0;-0;-0;0;0;0;
5.47101;-0.053868;-0.187511;-10.5807;0.00506855;-0.000204259;-0.00495649;1.11912;0.0475775;5.23377;0.232974;-0.393798;-0.0462363;0;0;0;0;0;0;-1.11912;-0.0475775;-5.23377;-2.86394;34.1476;0.30197;
5.47202;-0.0539782;-0.185919;-10.5815;0.00502375;-0.00028262;-0.00468667;4.67912;-8.71259;48.7304;0.931167;0.62322;0.179521;0;0;0;0;0;0;-4.67912;8.71259;-48.7304;-26.3466;314.226;58.5534;
5.47302;-0.0547275;-0.18428;-10.5817;0.00495755;-0.000409604;-0.00448761;-0.288933;-1.05014;6.93222;0.425723;-0.403517;-0.0433837;0;0;0;0;0;0;0.288933;1.05014;-6.93222;-4.02223;45.2888;6.69303;
5.47402;-0.0560015;-0.182567;-10.5806;0.00486474;-0.000540369;-0.00435264;-11.2888;7.27251;45.1321;-0.810064;-0.452069;-0.118546;0;0;0;0;0;0;11.2888;-7.27251;-45.1321;-21.1885;293.621;-52.6247;
5.47503;-0.0578061;-0.18094;-10.5792;0.00479916;-0.000636063;-0.00430848;0;0;0;0;0;0;0;0;0;0;0;0;0;-0;-0;0;0;0;
5.47603;-0.0594833;-0.178853;-10.5774;0.00472821;-0.000729786;-0.00434227;0;0;0;0;0;0;0;0;0;0;0;0;0;-0;-0;0;0;0;
5.47703;-0.0608828;-0.176957;-10.5751;0.00469419;-0.00076349;-0.00442875;0.340394;-0.146269;1.39307;0.0529968;0.1002;-0.0024289;0;0;0;0;0;0;-0.340394;0.146269;-1.39307;-0.769235;8.87975;1.12031;
5.47803;-0.061664;-0.174348;-10.5729;0.00464028;-0.000777864;-0.00456062;0;0;0;0;0;0;0;0;0;0;0;0;0;-0;-0;0;0;0;
5.47903;-0.0619577;-0.17171;-10.5695;0.00460965;-0.000740464;-0.00473175;-7.2019;-2.91472;24.4374;0.270016;-0.534508;0.0923191;0;0;0;0;0;0;7.2019;2.91472;-24.4374;-12.8693;159.384;15.1411;
5.48002;-0.0619736;-0.168385;-10.5663;0.0045318;-0.000674351;-0.00496285;0;0;0;0;0;0;0;0;0;0;0;0;0;-0;-0;0;0;0;
5.48102;-0.0611663;-0.165472;-10.5616;0.0044838;-0.000526046;-0.0051934;0.0619951;0.0596369;0.296843;0.0142644;0.021696;-0.0073379;0;0;0;0;0;0;-0.0619951;-0.0596369;-0.296843;-0.157769;1.89286;-0.347333;
5.48201;-0.0607179;-0.162116;-10.5568;0.00442203;-0.000355153;-0.0054781;1.52288;-1.33136;7.07957;0.250086;0.515986;0.0432391;0;0;0;0;0;0;-1.52288;1.33136;-7.07957;-3.94903;45.1408;9.33853;
5.48301;-0.0601144;-0.158573;-10.5518;0.00438138;-0.000170701;-0.00576408;3.3739;0.461279;22.1154;-0.0537466;0.302869;-0.0248558;0;0;0;0;0;0;-3.3739;-0.461279;-22.1154;-11.0373;142.46;-1.26083;
5.484;-0.0595887;-0.154823;-10.5476;0.00435368;3.43417e-06;-0.0060271;0;0;0;0;0;0;0;0;0;0;0;0;0;-0;-0;0;0;0;
5.48505;-0.0580869;-0.151408;-10.5439;0.00439283;0.000181584;-0.00622995;-7.04375;-6.16225;17.9277;1.06777;-0.982891;0.0816759;0;0;0;0;0;0;7.04375;6.16225;-17.9277;-10.7148;117.695;36.2451;
5.48603;-0.0555107;-0.147946;-10.5412;0.00443936;0.00032774;-0.00628355;-1.44612;-5.18101;13.6676;0.644549;-0.0507765;0.0940013;0;0;0;0;0;0;1.44612;5.18101;-13.6676;-8.04771;88.6348;32.7024;
5.487;-0.052922;-0.14486;-10.5398;0.0044963;0.000417852;-0.00624481;3.73562;1.30588;15.1005;-0.198292;0.0799001;0.0214918;0;0;0;0;0;0;-3.73562;-1.30588;-15.1005;-7.2753;97.256;-6.59014;
5.48804;-0.0492049;-0.141792;-10.5395;0.00455042;0.000479497;-0.00611208;0;0;0;0;0;0;0;0;0;0;0;0;0;-0;-0;0;0;0;
5.48904;-0.0452165;-0.139538;-10.5388;0.00460807;0.000499577;-0.00587884;1.4903;1.98763;9.76951;-0.536278;0.173432;0.0465218;0;0;0;0;0;0;-1.4903;-1.98763;-9.76951;-4.18415;62.8924;-12.1573;
5.49004;-0.0413245;-0.137338;-10.5387;0.00463054;0.000515645;-0.00560468;0.788512;-2.6574;7.84311;0.467506;-0.467291;-0.205329;0;0;0;0;0;0;-0.788512;2.6574;-7.84311;-4.68409;51.1385;17.7977;
5.49104;-0.0373996;-0.13531;-10.5391;0.00461853;0.000515327;-0.0052848;0;0;0;0;0;0;0;0;0;0;0;0;0;-0;-0;0;0;0;
5.49202;-0.0331298;-0.133194;-10.5396;0.00457707;0.000510886;-0.00497188;0;0;0;0;0;0;0;0;0;0;0;0;0;-0;-0;0;0;0;
5.49301;-0.0288447;-0.131225;-10.5403;0.0045232;0.000441736;-0.00469458;2.27372;8.88302;25.5047;-1.31526;0.489876;-0.0533644;0;0;0;0;0;0;-2.27372;-8.88302;-25.5047;-10.6373;164.315;-56.2808;
5.494;-0.0242701;-0.128567;-10.5419;0.00444704;0.000353933;-0.00447013;0;0;0;0;0;0;0;0;0;0;0;0;0;-0;-0;0;0;0;
5.49505;-0.0193187;-0.125486;-10.5435;0.00436917;0.000237449;-0.00426597;0;0;0;0;0;0;0;0;0;0;0;0;0;-0;-0;0;0;0;
5.49604;-0.0146365;-0.122162;-10.545;0.00431072;0.000143158;-0.00411074;0;0;0;0;0;0;0;0;0;0;0;0;0;-0;-0;0;0;0;
5.49704;-0.00988288;-0.118023;-10.5453;0.00427907;6.87443e-05;-0.00398269;2.54094;-3.03778;13.4884;0.539814;0.551399;0.0698818;0;0;0;0;0;0;-2.54094;3.03778;-13.4884;-7.63756;86.4726;20.8662;
5.49802;-0.00690425;-0.112725;-10.5459;0.0042334;-1.82835e-05;-0.00392024;0;0;0;0;0;0;0;0;0;0;0;0;0;-0;-0;0;0;0;
5.49902;-0.00364861;-0.107675;-10.5448;0.00424401;-4.97485e-05;-0.00382024;-14.6291;-12.6456;58.6007;1.38264;-1.0592;0.329225;0;0;0;0;0;0;14.6291;12.6456;-58.6007;-32.1636;381.714;74.1292;
5.50002;-0.00092582;-0.101682;-10.5442;0.0042166;-0.00010541;-0.00376391;-3.77396;0.153025;20.1519;-0.00292757;-0.289952;0.0119361;0;0;0;0;0;0;3.77396;-0.153025;-20.1519;-10.1303;131.065;-2.90269;
5.50103;0.001653;-0.0957121;-10.5438;0.0041536;-0.000150881;-0.00370568;0;0;0;0;0;0;0;0;0;0;0;0;0;-0;-0;0;0;0;
5.50203;0.00399843;-0.0910021;-10.5419;0.00412291;-0.000201929;-0.0036606;4.77768;-0.772571;18.7463;-0.690314;-0.0982544;0.180401;0;0;0;0;0;0;-4.77768;0.772571;-18.7463;-8.82793;120.92;7.22472;
5.50302;0.00632087;-0.0864723;-10.5399;0.00407907;-0.000238213;-0.0036373;4.46235;-1.71613;22.7822;-0.478065;-0.4496;0.255736;0;0;0;0;0;0;-4.46235;1.71613;-22.7822;-11.1674;147.418;13.0961;
5.504;0.00816538;-0.0830299;-10.5358;0.00410217;-0.000179411;-0.00364739;0;0;0;0;0;0;0;0;0;0;0;0;0;-0;-0;0;0;0;
5.50504;0.00929073;-0.0793496;-10.5307;0.0041416;-9.65243e-05;-0.00368845;-1.9381;3.47681;18.2293;-0.467596;-0.0822235;-0.0415133;0;0;0;0;0;0;1.9381;-3.47681;-18.2293;-8.36373;118.233;-23.4318;
5.50604;0.010302;-0.0768176;-10.5252;0.004235;4.91442e-05;-0.00369969;2.30173;-0.158833;8.96934;0.562387;-0.54789;-0.154023;0;0;0;0;0;0;-2.30173;0.158833;-8.96934;-5.09533;58.3545;2.34095;
5.50705;0.00949856;-0.0754054;-10.5197;0.00435141;0.000239717;-0.00365754;0.37479;-0.179826;1.55165;0.095821;-0.0945555;-0.0341033;0;0;0;0;0;0;-0.37479;0.179826;-1.55165;-0.89529;10.0971;1.38645;
5.50805;0.00823138;-0.073136;-10.5142;0.00441833;0.000415424;-0.00356805;-4.6752;1.9636;17.7973;-0.0213333;-0.458767;-0.0771864;0;0;0;0;0;0;4.6752;-1.9636;-17.7973;-8.74435;116.089;-14.9831;
5.50905;0.00588814;-0.0723076;-10.5103;0.00452173;0.000632131;-0.00350446;5.48107;-1.48336;21.8664;0.913992;0.0954395;-0.271184;0;0;0;0;0;0;-5.48107;1.48336;-21.8664;-12.0749;140.845;12.6298;
5.51005;0.00234304;-0.0720762;-10.5075;0.00459835;0.000859538;-0.00338581;1.89551;-1.46732;8.52965;0.305794;0.619691;0.0386475;0;0;0;0;0;0;-1.89551;1.46732;-8.52965;-4.74867;54.3826;10.4105;
5.511;-0.00152413;-0.0718382;-10.5055;0.00464643;0.00104198;-0.00326551;0.614969;2.14393;6.28509;-0.32515;0.119466;-0.00893693;0;0;0;0;0;0;-0.614969;-2.14393;-6.28509;-2.62483;40.4876;-13.554;
5.51201;-0.00609295;-0.0721463;-10.5041;0.00470156;0.00124174;-0.00315265;0.8817;-0.515807;3.75054;0.163032;-0.28277;-0.0772154;0;0;0;0;0;0;-0.8817;0.515807;-3.75054;-2.1036;24.4628;3.85886;
5.51301;-0.0101941;-0.0726749;-10.5037;0.00474094;0.0014459;-0.00300198;1.69159;-1.05052;7.26829;0.267114;0.525541;0.0137923;0;0;0;0;0;0;-1.69159;1.05052;-7.26829;-4.03292;46.3354;7.63568;
5.51401;-0.0138233;-0.0735264;-10.5039;0.00476681;0.00160999;-0.00285892;1.70908;-0.406902;6.7589;0.29752;-0.510438;-0.105962;0;0;0;0;0;0;-1.70908;0.406902;-6.7589;-3.74218;44.0735;3.59959;
5.51501;-0.0191307;-0.074442;-10.5054;0.00478621;0.00176442;-0.0028021;0;0;0;0;0;0;0;0;0;0;0;0;0;-0;-0;0;0;0;
5.51601;-0.0245057;-0.0748185;-10.508;0.00476749;0.0018595;-0.00280942;0;0;0;0;0;0;0;0;0;0;0;0;0;-0;-0;0;0;0;
5.51702;-0.0297895;-0.0750012;-10.5113;0.00472769;0.00189676;-0.00289088;4.68615;1.24252;18.9837;-0.279948;-0.216073;0.0288385;0;0;0;0;0;0;-4.68615;-1.24252;-18.9837;-9.15563;122.583;-5.70884;
5.51803;-0.0346015;-0.0756885;-10.5149;0.00469827;0.00195;-0.00301062;-0.316458;2.41189;39.0083;-0.706658;-0.19215;0.0214335;0;0;0;0;0;0;0.316458;-2.41189;-39.0083;-18.696;252.634;-15.7873;
5.51902;-0.0397864;-0.0762659;-10.5187;0.00465344;0.00195552;-0.00317489;0.57312;0.00452919;2.23028;0.0991623;-0.168498;-0.0251398;0;0;0;0;0;0;-0.57312;-0.00452919;-2.23028;-1.22189;14.5424;0.284459;
5.52001;-0.0447502;-0.0767562;-10.5215;0.00463569;0.00197952;-0.00336716;1.56398;3.92544;18.5173;-0.0130217;-0.526809;-0.177484;0;0;0;0;0;0;-1.56398;-3.92544;-18.5173;-8.91836;120.19;-24.4351;
5.52101;-0.0507687;-0.0777866;-10.5234;0.00465457;0.0020316;-0.00358901;3.41769;-4.26865;18.306;0.724414;0.755141;0.087377;0;0;0;0;0;0;-3.41769;4.26865;-18.306;-10.3719;117.354;29.2549;
5.52202;-0.0565833;-0.0787074;-10.5243;0.00469801;0.00209114;-0.00379807;0.294832;0.023144;1.14936;0.0512508;-0.0868308;-0.0113983;0;0;0;0;0;0;-0.294832;-0.023144;-1.14936;-0.627751;7.49436;0.0101201;
5.52302;-0.0625025;-0.0799891;-10.5242;0.00478087;0.00219796;-0.0039934;0.106805;0.17631;0.649737;-0.0324224;0.0125854;0.00190495;0;0;0;0;0;0;-0.106805;-0.17631;-0.649737;-0.27709;4.18093;-1.08896;
5.52402;-0.0687217;-0.0819268;-10.5234;0.00489025;0.00230121;-0.00413458;0;0;0;0;0;0;0;0;0;0;0;0;0;-0;-0;0;0;0;
5.52503;-0.0744973;-0.0840767;-10.5223;0.0050163;0.00240012;-0.00423623;0;0;0;0;0;0;0;0;0;0;0;0;0;-0;-0;0;0;0;
5.52604;-0.078778;-0.0867511;-10.5208;0.00513099;0.00249416;-0.00421562;1.49251;-0.765888;6.22989;-0.388632;0.0981674;0.105174;0;0;0;0;0;0;-1.49251;0.765888;-6.22989;-2.82566;40.0636;5.60227;
5.52705;-0.083109;-0.0896743;-10.5202;0.00524052;0.00258133;-0.00419431;-1.84165;-9.45747;24.1999;1.10473;0.054046;0.167443;0;0;0;0;0;0;1.84165;9.45747;-24.1999;-14.2413;156.721;60.1013;
5.52805;-0.0869574;-0.0923069;-10.5201;0.00531178;0.00263853;-0.00414048;2.63447;1.75266;37.8136;-0.541588;0.162995;0.0907057;0;0;0;0;0;0;-2.63447;-1.75266;-37.8136;-18.3256;244.252;-10.1048;
5.52903;-0.0900084;-0.0947511;-10.521;0.0053514;0.00266173;-0.00406706;0;0;0;0;0;0;0;0;0;0;0;0;0;-0;-0;0;0;0;
5.53004;-0.0916247;-0.097914;-10.5219;0.00539045;0.00270299;-0.0039226;0;0;0;0;0;0;0;0;0;0;0;0;0;-0;-0;0;0;0;
5.53105;-0.0927071;-0.100719;-10.5235;0.00539468;0.00269207;-0.00379233;1.4306;5.98177;16.9844;-0.874342;0.32817;-0.0419325;0;0;0;0;0;0;-1.4306;-5.98177;-16.9844;-7.07865;109.429;-37.9437;
5.532;-0.0929925;-0.103157;-10.5258;0.00537697;0.00268467;-0.00364961;4.05139;5.66336;22.5958;-0.754991;0.640662;-0.0260566;0;0;0;0;0;0;-4.05139;-5.66336;-22.5958;-10.0559;145.163;-34.5794;
5.53301;-0.0926298;-0.10547;-10.5289;0.00533635;0.00263833;-0.00349759;0;0;0;0;0;0;0;0;0;0;0;0;0;-0;-0;0;0;0;
5.53401;-0.0921191;-0.106908;-10.5326;0.00526798;0.00256864;-0.00340562;1.50793;0.059604;33.8828;0.00808259;0.386072;0.00353674;0;0;0;0;0;0;-1.50793;-0.059604;-33.8828;-17.0657;218.707;0.37019;
5.53501;-0.0910006;-0.107964;-10.537;0.00517735;0.0024754;-0.00334561;0;0;0;0;0;0;0;0;0;0;0;0;0;-0;-0;0;0;0;
5.53601;-0.0894033;-0.108519;-10.5422;0.00506935;0.00238689;-0.00331264;0;0;0;0;0;0;0;0;0;0;0;0;0;-0;-0;0;0;0;
5.53701;-0.087469;-0.108828;-10.5475;0.00496228;0.00229248;-0.00333399;0;0;0;0;0;0;0;0;0;0;0;0;0;-0;-0;0;0;0;
5.53801;-0.0854435;-0.107349;-10.5526;0.00481338;0.00217831;-0.00343594;-9.61593;22.5861;88.1595;-2.36692;-0.156423;-0.457529;0;0;0;0;0;0;9.61593;-22.5861;-88.1595;-39.7635;571.573;-150.532;
5.53901;-0.0822626;-0.10691;-10.5566;0.0047499;0.00216687;-0.00354105;0;0;0;0;0;0;0;0;0;0;0;0;0;-0;-0;0;0;0;
5.54001;-0.0808411;-0.104346;-10.5609;0.00464992;0.00214874;-0.00375468;0;0;0;0;0;0;0;0;0;0;0;0;0;-0;-0;0;0;0;
5.54102;-0.0793763;-0.102038;-10.5634;0.00461615;0.00218096;-0.00399302;0.945404;-0.888516;4.49282;0.157296;0.328136;0.0317942;0;0;0;0;0;0;-0.945404;0.888516;-4.49282;-2.50911;28.6485;6.19361;
5.54203;-0.0791957;-0.098586;-10.5659;0.00457934;0.00217322;-0.00431162;-5.97061;-2.48732;10.2078;0.435994;-0.710038;0.0820019;0;0;0;0;0;0;5.97061;2.48732;-10.2078;-5.82639;67.3605;13.0058;
5.54304;-0.0796497;-0.095011;-10.5682;0.00455731;0.00220095;-0.00459251;1.48951;-1.56769;7.35777;0.253913;0.53931;0.0635063;0;0;0;0;0;0;-1.48951;1.56769;-7.35777;-4.11671;46.9208;10.8306;
5.54406;-0.0803245;-0.0907004;-10.5706;0.00451487;0.00217026;-0.00489126;-0.350109;-0.825264;4.26673;0.260298;-0.246716;-0.0263604;0;0;0;0;0;0;0.350109;0.825264;-4.26673;-2.4919;27.8905;5.19005;
5.54501;-0.0813901;-0.0870136;-10.5721;0.00449696;0.00214492;-0.00515871;0;0;0;0;0;0;0;0;0;0;0;0;0;-0;-0;0;0;0;
5.54602;-0.0819472;-0.082975;-10.5728;0.00449127;0.00210417;-0.0054292;0;0;0;0;0;0;0;0;0;0;0;0;0;-0;-0;0;0;0;
5.54702;-0.0831316;-0.0789716;-10.5723;0.00450539;0.0020524;-0.00567655;-1.2947;-1.13193;3;0.177703;-0.163365;0.0150512;0;0;0;0;0;0;1.2947;1.13193;-3;-1.80215;19.7053;6.65729;
5.54801;-0.0855268;-0.0757023;-10.5705;0.00457349;0.00205117;-0.00591314;0;0;0;0;0;0;0;0;0;0;0;0;0;-0;-0;0;0;0;
5.54902;-0.088115;-0.0724694;-10.5677;0.00465686;0.00205085;-0.00614459;0;0;0;0;0;0;0;0;0;0;0;0;0;-0;-0;0;0;0;
5.55002;-0.0918762;-0.0697963;-10.5646;0.00474896;0.0020616;-0.00632361;0;0;0;0;0;0;0;0;0;0;0;0;0;-0;-0;0;0;0;
5.55102;-0.0962786;-0.0676443;-10.5613;0.0048417;0.00205248;-0.00651077;0;0;0;0;0;0;0;0;0;0;0;0;0;-0;-0;0;0;0;
5.55203;-0.101206;-0.0657148;-10.5585;0.00491007;0.0020389;-0.00667796;0.675931;-0.117582;2.66817;0.127735;0.0611777;-0.0236735;0;0;0;0;0;0;-0.675931;0.117582;-2.66817;-1.48325;17.1358;1.12491;
5.55305;-0.104674;-0.0642849;-10.5564;0.00496155;0.00205081;-0.0067798;0.528687;-0.252185;2.18732;0.0824817;0.157515;-0.00177576;0;0;0;0;0;0;-0.528687;0.252185;-2.18732;-1.20935;13.9428;1.89983;
5.55406;-0.107493;-0.0618867;-10.5543;0.00495597;0.00204507;-0.00684692;0;0;0;0;0;0;0;0;0;0;0;0;0;-0;-0;0;0;0;
5.555;-0.109747;-0.0601475;-10.5518;0.00498583;0.00206482;-0.00691238;0;0;0;0;0;0;0;0;0;0;0;0;0;-0;-0;0;0;0;
5.55601;-0.111317;-0.0574239;-10.5496;0.00497715;0.00211614;-0.00692178;0;0;0;0;0;0;0;0;0;0;0;0;0;-0;-0;0;0;0;
5.55702;-0.111851;-0.0545273;-10.5476;0.00495926;0.00218075;-0.00684294;0;0;0;0;0;0;0;0;0;0;0;0;0;-0;-0;0;0;0;
5.55803;-0.111332;-0.0510404;-10.5455;0.0049063;0.00220858;-0.00670071;1.99537;5.03328;18.2053;-0.421584;-0.000267324;-0.131218;0;0;0;0;0;0;-1.99537;-5.03328;-18.2053;-8.24149;117.6;-31.4326;
5.55904;-0.109681;-0.0472563;-10.5448;0.00482113;0.00224625;-0.0065128;3.44373;-1.73208;14.338;0.538091;1.03323;-0.00442148;0;0;0;0;0;0;-3.44373;1.73208;-14.338;-7.93269;91.3973;12.9464;
5.56005;-0.107245;-0.0431131;-10.5438;0.00470621;0.00219792;-0.00633077;0;0;0;0;0;0;0;0;0;0;0;0;0;-0;-0;0;0;0;
5.56105;-0.104206;-0.0385792;-10.5434;0.00457213;0.00215491;-0.00617121;0;0;0;0;0;0;0;0;0;0;0;0;0;-0;-0;0;0;0;
5.56206;-0.101874;-0.0340622;-10.5433;0.00443147;0.00213693;-0.0060468;0;0;0;0;0;0;0;0;0;0;0;0;0;-0;-0;0;0;0;
5.56306;-0.0989216;-0.0294936;-10.5423;0.0043049;0.00212319;-0.00593849;0;0;0;0;0;0;0;0;0;0;0;0;0;-0;-0;0;0;0;
5.564;-0.0964669;-0.0255543;-10.541;0.00421068;0.00211832;-0.00587259;1.22979;5.0936;14.4843;-0.745811;0.279643;-0.0350172;0;0;0;0;0;0;-1.22979;-5.0936;-14.4843;-6.03732;93.3202;-32.3046;
5.56501;-0.0953612;-0.0217468;-10.5397;0.0041139;0.00210082;-0.00582532;-2.08606;-1.9854;10.2879;0.443122;-0.743593;-0.0536503;0;0;0;0;0;0;2.08606;1.9854;-10.2879;-5.82349;67.5225;11.8499;
5.56602;-0.0945807;-0.018486;-10.5385;0.00402757;0.0020655;-0.00578812;2.78571;4.04012;17.7603;-0.42396;-0.158764;-0.0633498;0;0;0;0;0;0;-2.78571;-4.04012;-17.7603;-8.11474;114.8;-24.676;
5.56702;-0.0931055;-0.0162814;-10.5374;0.0039486;0.00198621;-0.00572585;8.44186;-0.895681;48.3405;-1.27957;-0.602318;0.236529;0;0;0;0;0;0;-8.44186;0.895681;-48.3405;-23.155;312.55;9.81051;
5.56802;-0.093117;-0.0146619;-10.5367;0.00388073;0.00190093;-0.0057271;0.151847;0.00699854;0.59126;0.0372397;-0.0361188;-0.00913632;0;0;0;0;0;0;-0.151847;-0.00699854;-0.59126;-0.334301;3.84671;0.0403224;
5.56902;-0.0933934;-0.0135962;-10.536;0.00382451;0.00181357;-0.00573549;2.03595;13.7225;36.7876;-1.87619;0.73525;-0.170428;0;0;0;0;0;0;-2.03595;-13.7225;-36.7876;-15.2729;237.1;-87.598;
5.57003;-0.093916;-0.0136553;-10.5347;0.0038091;0.00174102;-0.00572324;0;0;0;0;0;0;0;0;0;0;0;0;0;-0;-0;0;0;0;
5.57104;-0.095114;-0.0144511;-10.5331;0.00382783;0.00169808;-0.00568013;0;0;0;0;0;0;0;0;0;0;0;0;0;-0;-0;0;0;0;
5.57205;-0.0959741;-0.0155506;-10.532;0.00384837;0.00167671;-0.0056027;0;0;0;0;0;0;0;0;0;0;0;0;0;-0;-0;0;0;0;
5.57306;-0.0964978;-0.0176875;-10.5305;0.00389071;0.0015945;-0.00548874;0;0;0;0;0;0;0;0;0;0;0;0;0;-0;-0;0;0;0;
5.57401;-0.0980896;-0.0199556;-10.5308;0.00389458;0.00152493;-0.0053485;0;0;0;0;0;0;0;0;0;0;0;0;0;-0;-0;0;0;0;
5.57501;-0.0991305;-0.0224382;-10.5317;0.00387505;0.00142887;-0.00520709;-11.9781;-8.13172;121.305;0.347389;-1.67211;0.271438;0;0;0;0;0;0;11.9781;8.13172;-121.305;-62.254;787.797;46.3138;
5.57602;-0.0993123;-0.0243261;-10.5332;0.00383604;0.00132718;-0.00512849;2.58565;-0.0599284;10.0637;0.537317;-0.68924;-0.141949;0;0;0;0;0;0;-2.58565;0.0599284;-10.0637;-5.61152;65.5486;1.83188;
5.57703;-0.10004;-0.0262323;-10.535;0.00379174;0.00127248;-0.00505054;0;0;0;0;0;0;0;0;0;0;0;0;0;-0;-0;0;0;0;
5.57804;-0.101114;-0.0275222;-10.5369;0.00374693;0.00128348;-0.00499951;0.104425;0.0129387;0.408166;-0.0240136;0.00627955;0.00594459;0;0;0;0;0;0;-0.104425;-0.0129387;-0.408166;-0.180244;2.62434;-0.0370766;
5.57905;-0.102673;-0.0280737;-10.5384;0.00371217;0.00127425;-0.00499769;1.89723;-0.287682;7.43191;0.298886;0.531888;-0.0557111;0;0;0;0;0;0;-1.89723;0.287682;-7.43191;-4.07054;47.367;2.87266;
5.58005;-0.104439;-0.0275787;-10.5409;0.00364355;0.00126385;-0.00502449;0;0;0;0;0;0;0;0;0;0;0;0;0;-0;-0;0;0;0;
5.58105;-0.10551;-0.0263155;-10.5442;0.00354432;0.00124263;-0.00505564;0;0;0;0;0;0;0;0;0;0;0;0;0;-0;-0;0;0;0;
5.58205;-0.105812;-0.0247406;-10.547;0.00345276;0.00117601;-0.00511329;0.53627;-1.23882;4.46291;0.148261;0.184434;0.0726683;0;0;0;0;0;0;-0.53627;1.23882;-4.46291;-2.52018;28.6396;8.21334;
5.58306;-0.106413;-0.0227446;-10.5497;0.00336465;0.00114977;-0.0051517;0;0;0;0;0;0;0;0;0;0;0;0;0;-0;-0;0;0;0;
5.58401;-0.106931;-0.0204837;-10.5519;0.00330992;0.00117984;-0.00517966;0;0;0;0;0;0;0;0;0;0;0;0;0;-0;-0;0;0;0;
5.58502;-0.107596;-0.0185595;-10.5523;0.00330892;0.00125523;-0.00514367;0;0;0;0;0;0;0;0;0;0;0;0;0;-0;-0;0;0;0;
5.58602;-0.107669;-0.016898;-10.5519;0.00335211;0.00137237;-0.0050411;8.04372;-2.03417;32.0158;-0.0936657;0.692163;0.122142;0;0;0;0;0;0;-8.04372;2.03417;-32.0158;-16.234;205.664;17.0911;
5.58703;-0.109638;-0.0156027;-10.5516;0.00339915;0.00148432;-0.00486308;-5.42921;7.35359;40.3145;-0.723616;-0.391592;-0.153133;0;0;0;0;0;0;5.42921;-7.35359;-40.3145;-18.841;261.798;-50.1636;
5.58803;-0.111505;-0.0149129;-10.5514;0.00344145;0.00156911;-0.00465635;0.219143;-0.0115532;0.853459;0.0535451;-0.0521357;-0.0144545;0;0;0;0;0;0;-0.219143;0.0115532;-0.853459;-0.484515;5.55257;0.199574;
5.58903;-0.113064;-0.014646;-10.5522;0.00346359;0.00167195;-0.00440745;0;0;0;0;0;0;0;0;0;0;0;0;0;-0;-0;0;0;0;
5.59004;-0.113786;-0.0148596;-10.5515;0.00349515;0.00170268;-0.00414945;0.605135;-0.492247;3.21833;0.173712;-0.0870149;-0.0231472;0;0;0;0;0;0;-0.605135;0.492247;-3.21833;-1.84391;20.851;3.51306;
5.59104;-0.115596;-0.0153724;-10.5516;0.00352509;0.00177579;-0.00392228;1.85254;0.290495;7.26019;-0.425752;0.111812;0.104163;0;0;0;0;0;0;-1.85254;-0.290495;-7.26019;-3.20139;46.6803;-1.05089;
5.59203;-0.117153;-0.0165154;-10.5518;0.00357427;0.00187259;-0.00369528;0.744997;-0.29428;3.02638;0.115915;0.217494;-0.00738571;0;0;0;0;0;0;-0.744997;0.29428;-3.02638;-1.66957;19.2903;2.28675;
5.59304;-0.118458;-0.0168689;-10.5512;0.00361363;0.00194868;-0.00354794;6.12769;4.19965;70.1539;-0.149523;0.838514;-0.195385;0;0;0;0;0;0;-6.12769;-4.19965;-70.1539;-34.7591;452.488;-23.8931;
5.59405;-0.121574;-0.0177373;-10.5515;0.00365657;0.00204927;-0.00339039;-8.68135;-4.67104;51.0999;0.509076;-0.157673;0.0973833;0;0;0;0;0;0;8.68135;4.67104;-51.0999;-26.7124;331.679;25.7552;
5.59505;-0.124469;-0.0186136;-10.552;0.00370926;0.0021399;-0.00327143;0;0;0;0;0;0;0;0;0;0;0;0;0;-0;-0;0;0;0;
5.59606;-0.127507;-0.019305;-10.5523;0.00376491;0.00221369;-0.00321274;0.168375;0.174875;0.827731;0.0400601;0.060643;-0.020961;0;0;0;0;0;0;-0.168375;-0.174875;-0.827731;-0.43936;5.27841;-1.0258;
5.59701;-0.13096;-0.0197024;-10.5528;0.00382689;0.00229735;-0.00322854;-2.33786;-3.04515;8.08644;0.479046;-0.451449;-0.0315082;0;0;0;0;0;0;2.33786;3.04515;-8.08644;-4.85713;53.0106;18.5582;
5.59801;-0.134829;-0.0199173;-10.5531;0.00390942;0.00239658;-0.00328838;0;0;0;0;0;0;0;0;0;0;0;0;0;-0;-0;0;0;0;
5.59906;-0.139238;-0.0197747;-10.5532;0.00401695;0.00251703;-0.00342415;0;0;0;0;0;0;0;0;0;0;0;0;0;-0;-0;0;0;0;
5.60005;-0.143489;-0.0191622;-10.5534;0.00411781;0.00264216;-0.00361603;0.155701;0.182445;0.801836;0.0392337;0.0589888;-0.0210404;0;0;0;0;0;0;-0.155701;-0.182445;-0.801836;-0.424733;5.11377;-1.08108;
5.60106;-0.148427;-0.0187667;-10.5533;0.00422825;0.00271979;-0.00386407;0;0;0;0;0;0;0;0;0;0;0;0;0;-0;-0;0;0;0;
5.60201;-0.153238;-0.0181513;-10.5538;0.00431219;0.00277663;-0.00414261;0.07567;-0.0182795;0.299391;0.0118217;0.0214518;-0.00167813;0;0;0;0;0;0;-0.07567;0.0182795;-0.299391;-0.164433;1.90821;0.158066;
5.60301;-0.15795;-0.0170951;-10.5547;0.00436248;0.00279444;-0.00449186;0;0;0;0;0;0;0;0;0;0;0;0;0;-0;-0;0;0;0;
5.60401;-0.161761;-0.0165044;-10.5553;0.00441761;0.00278403;-0.00485669;0;0;0;0;0;0;0;0;0;0;0;0;0;-0;-0;0;0;0;
5.60501;-0.164785;-0.0152803;-10.5559;0.00444414;0.00275947;-0.00526226;0;0;0;0;0;0;0;0;0;0;0;0;0;-0;-0;0;0;0;
5.60602;-0.16709;-0.0141499;-10.5563;0.0044787;0.00272974;-0.00563207;0.0759412;-11.4111;33.9335;1.61564;-0.167646;0.0853882;0;0;0;0;0;0;-0.0759412;11.4111;-33.9335;-19.8504;219.732;73.7901;
5.60702;-0.168357;-0.012927;-10.5564;0.00450665;0.00269285;-0.00592606;0;0;0;0;0;0;0;0;0;0;0;0;0;-0;-0;0;0;0;
5.60803;-0.168826;-0.0114569;-10.5562;0.00451938;0.00262288;-0.00616405;0;0;0;0;0;0;0;0;0;0;0;0;0;-0;-0;0;0;0;
5.60903;-0.168596;-0.00976125;-10.5562;0.00451617;0.00250226;-0.0063466;-16.194;12.1571;71.0949;-1.13997;-0.833556;-0.269035;0;0;0;0;0;0;16.194;-12.1571;-71.0949;-33.4439;462.489;-86.5504;
5.61004;-0.167122;-0.00850436;-10.5566;0.00450421;0.00235685;-0.00642595;0;0;0;0;0;0;0;0;0;0;0;0;0;-0;-0;0;0;0;
5.61105;-0.164992;-0.00698938;-10.5575;0.00446981;0.00219737;-0.00646822;0;0;0;0;0;0;0;0;0;0;0;0;0;-0;-0;0;0;0;
5.61205;-0.162148;-0.00570118;-10.5575;0.00446398;0.00201739;-0.00649294;0;0;0;0;0;0;0;0;0;0;0;0;0;-0;-0;0;0;0;
5.61305;-0.159706;-0.00468967;-10.5575;0.00447265;0.00188834;-0.00646208;0.151355;-0.574428;4.27694;0.263349;-0.252153;-0.0431859;0;0;0;0;0;0;-0.151355;0.574428;-4.27694;-2.47492;27.9115;3.83632;
5.61404;-0.157951;-0.00384046;-10.5571;0.00451264;0.00181161;-0.0064106;0.107776;-0.0302832;0.42886;0.02667;-0.0261758;-0.00855077;0;0;0;0;0;0;-0.107776;0.0302832;-0.42886;-0.245689;2.79036;0.258779;
5.61504;-0.156733;-0.00302056;-10.5566;0.00457243;0.0017872;-0.00633048;-5.53451;0.17805;55.209;-0.365667;0.305375;-0.0430022;0;0;0;0;0;0;5.53451;-0.17805;-55.209;-27.4203;357.488;-3.89634;
5.61604;-0.155763;-0.0021301;-10.5558;0.00465021;0.00178108;-0.0062502;-5.84377;2.80214;31.5787;-0.317636;-0.177548;-0.0461598;0;0;0;0;0;0;5.84377;-2.80214;-31.5787;-15.3045;205.098;-21.0285;
5.61705;-0.155083;-0.00151179;-10.5554;0.00472883;0.00180209;-0.00616295;0;0;0;0;0;0;0;0;0;0;0;0;0;-0;-0;0;0;0;
5.61803;-0.154965;-0.000654959;-10.5551;0.0047946;0.00180769;-0.00611142;1.66567;5.92676;17.3157;-0.865038;0.346516;-0.0362656;0;0;0;0;0;0;-1.66567;-5.92676;-17.3157;-7.26044;111.53;-37.4748;
5.61902;-0.155626;0.000316264;-10.5555;0.00484814;0.00182167;-0.00609221;0;0;0;0;0;0;0;0;0;0;0;0;0;-0;-0;0;0;0;
5.62003;-0.156605;0.00131884;-10.5559;0.00489493;0.00182959;-0.00610759;0;0;0;0;0;0;0;0;0;0;0;0;0;-0;-0;0;0;0;
5.62102;-0.158322;0.00220541;-10.5564;0.00494151;0.00184872;-0.00615297;0;0;0;0;0;0;0;0;0;0;0;0;0;-0;-0;0;0;0;
5.62201;-0.160197;0.003274;-10.557;0.00498087;0.00188114;-0.00622376;0.303148;-0.0244938;1.1819;0.0740681;-0.0721984;-0.0204941;0;0;0;0;0;0;-0.303148;0.0244938;-1.1819;-0.671746;7.68942;0.331653;
5.623;-0.162901;0.00413119;-10.5577;0.00502012;0.00192854;-0.00630792;-6.61899;-6.47201;40.2003;0.702805;-0.140585;0.135311;0;0;0;0;0;0;6.61899;6.47201;-40.2003;-21.5978;260.926;38.4093;
5.62401;-0.165557;0.00471634;-10.5583;0.00506046;0.00198263;-0.00638049;0.581984;-0.469049;2.6457;0.161811;-0.160684;-0.0640813;0;0;0;0;0;0;-0.581984;0.469049;-2.6457;-1.5413;17.2216;3.39222;
5.62502;-0.168288;0.00525596;-10.5591;0.00508334;0.00202904;-0.00642253;0;0;0;0;0;0;0;0;0;0;0;0;0;-0;-0;0;0;0;
5.62602;-0.170861;0.00595766;-10.5598;0.0050845;0.0020648;-0.00648165;0;0;0;0;0;0;0;0;0;0;0;0;0;-0;-0;0;0;0;
5.62701;-0.172778;0.0063802;-10.5603;0.00507836;0.00208395;-0.00649779;3.48034;5.24877;67.1717;-0.329235;-0.936306;-0.20231;0;0;0;0;0;0;-3.48034;-5.24877;-67.1717;-32.9724;435.23;-32.0078;
5.62805;-0.175075;0.00689585;-10.5616;0.00503929;0.00210327;-0.00646887;0;0;0;0;0;0;0;0;0;0;0;0;0;-0;-0;0;0;0;
5.62905;-0.177067;0.00674641;-10.562;0.00501083;0.00211078;-0.00640873;1.31024;10.3962;38.5526;-1.03528;0.132784;-0.23782;0;0;0;0;0;0;-1.31024;-10.3962;-38.5526;-17.3367;249.196;-66.3723;
5.63004;-0.178978;0.0064207;-10.5628;0.00495764;0.00212318;-0.0063008;0;0;0;0;0;0;0;0;0;0;0;0;0;-0;-0;0;0;0;
5.63103;-0.179095;0.00582588;-10.563;0.00490382;0.00211338;-0.00615045;0;0;0;0;0;0;0;0;0;0;0;0;0;-0;-0;0;0;0;
5.63202;-0.180496;0.00529966;-10.5637;0.00482956;0.00211623;-0.00599719;0;0;0;0;0;0;0;0;0;0;0;0;0;-0;-0;0;0;0;
5.633;-0.181752;0.00440358;-10.5642;0.00476198;0.00212621;-0.00585607;0;0;0;0;0;0;0;0;0;0;0;0;0;-0;-0;0;0;0;
5.63405;-0.183683;0.00361888;-10.5647;0.00467841;0.0021358;-0.00574705;0.37701;-0.11359;1.50505;0.0935247;-0.0918512;-0.0303598;0;0;0;0;0;0;-0.37701;0.11359;-1.50505;-0.862889;9.79263;0.955225;
5.63505;-0.185804;0.00316121;-10.5653;0.0045975;0.00215534;-0.00568815;-4.19298;-4.10529;10.2523;0.604984;-0.560556;0.0229646;0;0;0;0;0;0;4.19298;4.10529;-10.2523;-6.18025;67.3202;24.4292;
5.63605;-0.188421;0.00307858;-10.5662;0.00450346;0.00218383;-0.00568794;1.02886;1.66558;6.1907;-0.330494;0.107993;0.0258715;0;0;0;0;0;0;-1.02886;-1.66558;-6.1907;-2.62003;39.8464;-10.285;
5.63705;-0.190755;0.00253013;-10.5669;0.00444236;0.00224011;-0.00571665;0;0;0;0;0;0;0;0;0;0;0;0;0;-0;-0;0;0;0;
5.63804;-0.19291;0.00255685;-10.5675;0.00438537;0.00228846;-0.00580247;0.358022;-0.0644701;1.40624;0.0877858;-0.0858755;-0.026287;0;0;0;0;0;0;-0.358022;0.0644701;-1.40624;-0.802455;9.14916;0.623753;
5.63903;-0.194851;0.00303202;-10.5685;0.00432684;0.0023543;-0.00592736;0;0;0;0;0;0;0;0;0;0;0;0;0;-0;-0;0;0;0;
5.64002;-0.196389;0.00360139;-10.5694;0.00428682;0.00242602;-0.0060447;-2.34937;-3.00805;11.3619;0.685316;-0.643341;-0.0286162;0;0;0;0;0;0;2.34937;3.00805;-11.3619;-6.70927;74.398;18.3094;
5.64102;-0.197738;0.00477955;-10.5706;0.004249;0.00251094;-0.00618414;0;0;0;0;0;0;0;0;0;0;0;0;0;-0;-0;0;0;0;
5.64203;-0.19837;0.00603138;-10.5718;0.00422573;0.00260856;-0.00629607;0;0;0;0;0;0;0;0;0;0;0;0;0;-0;-0;0;0;0;
5.64303;-0.198409;0.00750039;-10.5727;0.00420558;0.00269132;-0.00638036;0;0;0;0;0;0;0;0;0;0;0;0;0;-0;-0;0;0;0;
5.64403;-0.198324;0.00902384;-10.5738;0.00419134;0.00276993;-0.00644227;0.194882;0.00902882;0.758835;0.0477933;-0.0463567;-0.0117226;0;0;0;0;0;0;-0.194882;-0.00902882;-0.758835;-0.429046;4.93693;0.0514454;
5.64504;-0.197832;0.0109145;-10.5752;0.00416751;0.00284797;-0.00647526;0;0;0;0;0;0;0;0;0;0;0;0;0;-0;-0;0;0;0;
5.64605;-0.197333;0.0123604;-10.5761;0.00416622;0.00290547;-0.00648501;0;0;0;0;0;0;0;0;0;0;0;0;0;-0;-0;0;0;0;
5.64706;-0.196888;0.0137337;-10.5771;0.00415437;0.00293464;-0.00645651;1.01919;-0.187038;4.00458;0.249957;-0.24455;-0.0750375;0;0;0;0;0;0;-1.01919;0.187038;-4.00458;-2.28549;26.0544;1.79856;
5.64806;-0.196356;0.0150118;-10.5779;0.00414129;0.00294895;-0.00642941;1.62177;10.1965;41.6614;-1.13918;0.495952;-0.202216;0;0;0;0;0;0;-1.62177;-10.1965;-41.6614;-18.8186;268.917;-64.9589;
5.64901;-0.196621;0.0159193;-10.5789;0.0041155;0.00295778;-0.00637133;-5.14928;1.17525;17.7392;-0.208402;-0.305078;-0.000692138;0;0;0;0;0;0;5.14928;-1.17525;-17.7392;-8.6073;115.605;-10.1972;
5.65001;-0.196711;0.017364;-10.5803;0.00406304;0.00297095;-0.00634256;1.36716;3.98192;12.1384;-0.631579;0.226647;-0.00321465;0;0;0;0;0;0;-1.36716;-3.98192;-12.1384;-5.08178;78.1791;-25.0738;
5.65102;-0.197572;0.0178626;-10.5807;0.00403474;0.00293953;-0.00630216;3.5394;5.53821;21.5669;-0.918768;0.228365;0.0302155;0;0;0;0;0;0;-3.5394;-5.53821;-21.5669;-9.38669;138.968;-34.0834;
5.65204;-0.198148;0.0182793;-10.5814;0.00399825;0.00293842;-0.00624742;1.8178;-1.22407;7.95882;0.0234467;0.426339;0.0696367;0;0;0;0;0;0;-1.8178;1.22407;-7.95882;-4.15448;50.8897;8.76635;
5.65304;-0.199771;0.0187193;-10.5821;0.00394568;0.00292059;-0.00622301;1.2598;1.12476;5.89288;-0.325168;0.0963568;0.051124;0;0;0;0;0;0;-1.2598;-1.12476;-5.89288;-2.52967;37.9078;-6.69454;
5.65405;-0.201519;0.0188786;-10.5827;0.00390264;0.00290832;-0.00623213;0;0;0;0;0;0;0;0;0;0;0;0;0;-0;-0;0;0;0;
5.65505;-0.203432;0.0192296;-10.583;0.00384363;0.00289228;-0.00626975;0.653383;-0.110138;2.56342;0.160096;-0.156553;-0.0475327;0;0;0;0;0;0;-0.653383;0.110138;-2.56342;-1.46213;16.6779;1.08924;
5.65606;-0.206369;0.0196136;-10.5836;0.00378417;0.00288228;-0.00638377;-6.92;-13.8175;45.2523;1.7035;-0.529478;0.22631;0;0;0;0;0;0;6.92;13.8175;-45.2523;-25.8801;294.035;85.6967;
5.657;-0.209801;0.0204991;-10.5843;0.00371579;0.00287485;-0.00658628;0;0;0;0;0;0;0;0;0;0;0;0;0;-0;-0;0;0;0;
5.65801;-0.213723;0.0213714;-10.5851;0.00365411;0.00288482;-0.00687362;5.53929;-2.96301;23.2783;0.713158;1.51922;0.03464;0;0;0;0;0;0;-5.53929;2.96301;-23.2783;-12.7338;148.55;21.9275;
5.65902;-0.218184;0.0226494;-10.586;0.00358575;0.00288424;-0.00724645;0;0;0;0;0;0;0;0;0;0;0;0;0;-0;-0;0;0;0;
5.66003;-0.222823;0.0246191;-10.5873;0.00351107;0.00289298;-0.00770305;1.14144;0.726888;4.92667;-0.276751;0.0785323;0.0525326;0;0;0;0;0;0;-1.14144;-0.726888;-4.92667;-2.13142;31.6855;-4.1811;
5.66103;-0.227091;0.0267692;-10.5886;0.00344819;0.00290432;-0.00817213;0;0;0;0;0;0;0;0;0;0;0;0;0;-0;-0;0;0;0;
5.66204;-0.23028;0.0293611;-10.5902;0.00338313;0.00292593;-0.00858796;1.85872;1.55301;8.53133;-0.472485;0.138694;0.0776931;0;0;0;0;0;0;-1.85872;-1.55301;-8.53133;-3.66812;54.8777;-9.19055;
5.66303;-0.232256;0.0318096;-10.5914;0.00334684;0.00293739;-0.0088997;4.0655;-9.11423;31.3331;1.33802;0.626181;0.157235;0;0;0;0;0;0;-4.0655;9.11423;-31.3331;-18.0326;201.71;60.8649;
5.66402;-0.232647;0.0344184;-10.5929;0.00330863;0.00295644;-0.00904547;0;0;0;0;0;0;0;0;0;0;0;0;0;-0;-0;0;0;0;
5.66501;-0.231765;0.0371877;-10.5943;0.00327837;0.00296653;-0.00903033;-1.21689;-1.03447;2.72669;0.161454;-0.148099;0.0158679;0;0;0;0;0;0;1.21689;1.03447;-2.72669;-1.63848;17.9136;6.06494;
5.666;-0.229081;0.0398502;-10.5957;0.0032531;0.00298997;-0.00884891;0.710923;-0.259786;2.87089;0.110599;0.206177;-0.00873082;0;0;0;0;0;0;-0.710923;0.259786;-2.87089;-1.58249;18.2989;2.04773;
5.66706;-0.225576;0.042429;-10.5967;0.00323752;0.00299529;-0.00855913;0;0;0;0;0;0;0;0;0;0;0;0;0;-0;-0;0;0;0;
5.668;-0.222387;0.0446474;-10.5975;0.00322314;0.00299526;-0.00825897;1.59279;7.66324;22.3527;-0.952663;0.26092;-0.117437;0;0;0;0;0;0;-1.59279;-7.66324;-22.3527;-9.53526;144.215;-48.6663;
5.66901;-0.219308;0.0468224;-10.5985;0.00320725;0.00300482;-0.00792879;0.0512002;-0.0775459;0.297251;0.00979394;0.0220811;0.00407349;0;0;0;0;0;0;-0.0512002;0.0775459;-0.297251;-0.167277;1.89618;0.523481;
5.67005;-0.216299;0.048915;-10.5992;0.00319097;0.00300617;-0.00757713;0;0;0;0;0;0;0;0;0;0;0;0;0;-0;-0;0;0;0;
5.67104;-0.213269;0.0502699;-10.5999;0.00318945;0.00301769;-0.00724296;0;0;0;0;0;0;0;0;0;0;0;0;0;-0;-0;0;0;0;
5.67203;-0.21077;0.0515139;-10.5997;0.00318559;0.00299399;-0.00691105;0;0;0;0;0;0;0;0;0;0;0;0;0;-0;-0;0;0;0;
5.67303;-0.20957;0.0525997;-10.5998;0.00318757;0.00297235;-0.00663273;0;0;0;0;0;0;0;0;0;0;0;0;0;-0;-0;0;0;0;
5.67403;-0.20875;0.0533357;-10.5995;0.00319756;0.00295004;-0.00636209;0;0;0;0;0;0;0;0;0;0;0;0;0;-0;-0;0;0;0;
5.67503;-0.208595;0.0539422;-10.599;0.00320413;0.00292163;-0.00615838;-11.9553;-1.27846;68.1529;0.114224;-0.32294;0.0277098;0;0;0;0;0;0;11.9553;1.27846;-68.1529;-34.5653;442.514;2.22388;
5.67604;-0.208891;0.0541691;-10.5989;0.00321067;0.00290024;-0.006001;0;0;0;0;0;0;0;0;0;0;0;0;0;-0;-0;0;0;0;
5.67702;-0.209585;0.0541724;-10.5982;0.00322113;0.00286736;-0.00590007;1.38663;-4.41913;29.679;0.324255;0.323591;0.0883561;0;0;0;0;0;0;-1.38663;4.41913;-29.679;-15.7146;191.579;29.2044;
5.67805;-0.211017;0.0540461;-10.598;0.00322218;0.0028391;-0.00586105;0;0;0;0;0;0;0;0;0;0;0;0;0;-0;-0;0;0;0;
5.67903;-0.212725;0.0536455;-10.5977;0.0032213;0.00281089;-0.00587145;0;0;0;0;0;0;0;0;0;0;0;0;0;-0;-0;0;0;0;
5.68003;-0.214929;0.0531089;-10.5976;0.00321689;0.00279196;-0.00593647;0;0;0;0;0;0;0;0;0;0;0;0;0;-0;-0;0;0;0;
5.68102;-0.217087;0.0524188;-10.5976;0.00320127;0.00278316;-0.00604434;0;0;0;0;0;0;0;0;0;0;0;0;0;-0;-0;0;0;0;
5.68204;-0.219601;0.051929;-10.5982;0.00316785;0.0027953;-0.00618358;0;0;0;0;0;0;0;0;0;0;0;0;0;-0;-0;0;0;0;
5.68301;-0.222177;0.0512003;-10.5984;0.00315305;0.00278476;-0.00635936;0.298966;-0.230808;1.41996;0.0771553;-0.0398545;-0.0158219;0;0;0;0;0;0;-0.298966;0.230808;-1.41996;-0.815434;9.19783;1.65985;
5.68401;-0.225176;0.05069;-10.599;0.00311957;0.00279646;-0.00655291;2.29206;3.85848;14.8858;-0.523317;0.162598;-0.0290182;0;0;0;0;0;0;-2.29206;-3.85848;-14.8858;-6.58611;95.9277;-23.7834;
5.68501;-0.228256;0.0502081;-10.6;0.00308956;0.00281122;-0.0067528;0.849008;-0.396213;3.50399;0.132402;0.252259;-0.00355659;0;0;0;0;0;0;-0.849008;0.396213;-3.50399;-1.93683;22.3355;2.99487;
5.68605;-0.230845;0.049558;-10.6007;0.00306294;0.00282091;-0.0069197;0.209431;-0.0109913;0.815629;0.0511705;-0.0498267;-0.0138106;0;0;0;0;0;0;-0.209431;0.0109913;-0.815629;-0.463036;5.30642;0.190404;
5.68703;-0.232992;0.0493592;-10.6017;0.00303544;0.0028423;-0.00704145;0;0;0;0;0;0;0;0;0;0;0;0;0;-0;-0;0;0;0;
5.68802;-0.234369;0.0490787;-10.6024;0.00302509;0.00284281;-0.00710194;-5.89252;-4.62223;33.2599;0.535557;-0.331671;0.0859643;0;0;0;0;0;0;5.89252;4.62223;-33.2599;-17.7497;216.135;26.8551;
5.68902;-0.235243;0.0488265;-10.6032;0.00301474;0.00285327;-0.00706786;3.0158;-3.84393;17.1455;0.762;0.282946;0.038682;0;0;0;0;0;0;-3.0158;3.84393;-17.1455;-9.78258;110.356;26.3527;
5.69001;-0.234768;0.0488167;-10.6037;0.00300525;0.00283967;-0.00696394;6.00606;-0.703683;23.5015;-0.394386;-0.530129;0.103366;0;0;0;0;0;0;-6.00606;0.703683;-23.5015;-11.5119;151.996;7.47463;
5.691;-0.234024;0.0482874;-10.6039;0.00301821;0.00284097;-0.00675709;9.3724;2.85428;37.4536;-1.81183;0.270068;0.420917;0;0;0;0;0;0;-9.3724;-2.85428;-37.4536;-16.7638;241.136;-14.1698;
5.69205;-0.233287;0.0479371;-10.6041;0.00303298;0.00283395;-0.00652139;0.232698;0.0804275;0.936177;0.0414711;0.0672046;-0.0160817;0;0;0;0;0;0;-0.232698;-0.0804275;-0.936177;-0.504871;5.96707;-0.387143;
5.69304;-0.232615;0.0476704;-10.6043;0.00304291;0.00282459;-0.00629242;0;0;0;0;0;0;0;0;0;0;0;0;0;-0;-0;0;0;0;
5.69404;-0.231938;0.0470267;-10.6043;0.00306595;0.00283336;-0.00606864;-6.33242;-17.2806;40.6664;1.92209;-0.231181;0.256308;0;0;0;0;0;0;6.33242;17.2806;-40.6664;-24.1368;264.003;108.37;
5.69503;-0.231339;0.046795;-10.604;0.00307232;0.00282767;-0.00587116;-3.91961;-0.435225;15.3935;0.18767;-0.334798;-0.0129116;0;0;0;0;0;0;3.91961;0.435225;-15.3935;-7.98376;100.334;0.855105;
5.69601;-0.231445;0.0464004;-10.6037;0.00308855;0.00282379;-0.00572702;0.579;0.235359;2.35771;0.106457;-0.177942;-0.0083803;0;0;0;0;0;0;-0.579;-0.235359;-2.35771;-1.27021;15.3756;-1.22294;
5.69701;-0.232042;0.0458163;-10.6033;0.00310626;0.00283151;-0.00560173;0;0;0;0;0;0;0;0;0;0;0;0;0;-0;-0;0;0;0;
5.69801;-0.233063;0.0451033;-10.6027;0.00312077;0.00282775;-0.00550698;0;0;0;0;0;0;0;0;0;0;0;0;0;-0;-0;0;0;0;
5.69901;-0.234317;0.0446142;-10.6022;0.00311927;0.00282965;-0.0054605;1.16198;-0.280032;4.59707;0.181556;0.329374;-0.0258272;0;0;0;0;0;0;-1.16198;0.280032;-4.59707;-2.52482;29.2998;2.42299;
5.70001;-0.235632;0.0442869;-10.6017;0.0031102;0.00280887;-0.00547152;0.775147;3.78217;10.5029;-0.538752;0.205492;-0.0342375;0;0;0;0;0;0;-0.775147;-3.78217;-10.5029;-4.37103;67.6767;-24.0483;
5.70102;-0.237081;0.0433799;-10.6013;0.0031071;0.00279111;-0.00546878;0;0;0;0;0;0;0;0;0;0;0;0;0;-0;-0;0;0;0;
5.70203;-0.239036;0.0427772;-10.601;0.00308843;0.00275628;-0.00553275;1.33847;-0.424776;5.35774;0.208378;0.384386;-0.0215819;0;0;0;0;0;0;-1.33847;0.424776;-5.35774;-2.94925;34.1491;3.44421;
5.70304;-0.24109;0.0424186;-10.6009;0.00304628;0.00270711;-0.00565481;1.72163;-1.78567;17.3187;0.756965;-1.28907;-0.208161;0;0;0;0;0;0;-1.72163;1.78567;-17.3187;-9.65814;113.178;12.6296;
5.70401;-0.243281;0.0421929;-10.6013;0.00298512;0.00266949;-0.00582285;-11.1184;3.04461;40.2067;-0.0977131;-1.00412;-0.201528;0;0;0;0;0;0;11.1184;-3.04461;-40.2067;-19.8454;262.282;-25.0983;
5.70505;-0.245567;0.0421812;-10.602;0.00290635;0.00262445;-0.00605421;6.43939;7.11589;36.6774;-0.67144;-0.209159;-0.131529;0;0;0;0;0;0;-6.43939;-7.11589;-36.6774;-17.0857;236.888;-42.6696;
5.70605;-0.248343;0.0425153;-10.6032;0.00280927;0.00258346;-0.00634192;0.0358904;-0.020949;0.152614;0.00564603;0.0110225;0.000185256;0;0;0;0;0;0;-0.0358904;0.020949;-0.152614;-0.0846077;0.97288;0.153442;
5.70706;-0.251118;0.0432451;-10.6046;0.00269846;0.0025505;-0.0066672;-2.02053;-14.1734;36.9472;1.67897;0.12373;0.2376;0;0;0;0;0;0;2.02053;14.1734;-36.9472;-21.7088;239.15;90.4553;
5.70801;-0.253379;0.0444321;-10.6059;0.00258638;0.00250464;-0.00698493;0;0;0;0;0;0;0;0;0;0;0;0;0;-0;-0;0;0;0;
5.70901;-0.255917;0.0460152;-10.6073;0.00247316;0.00245563;-0.00733476;0;0;0;0;0;0;0;0;0;0;0;0;0;-0;-0;0;0;0;
5.71002;-0.258121;0.0478611;-10.6086;0.00237101;0.00242089;-0.00764147;6.57587;-11.0434;55.2856;1.20422;1.03709;0.20386;0;0;0;0;0;0;-6.57587;11.0434;-55.2856;-30.1554;356.034;74.565;
5.71101;-0.259976;0.050363;-10.6099;0.00227183;0.0023801;-0.00788471;0;0;0;0;0;0;0;0;0;0;0;0;0;-0;-0;0;0;0;
5.71202;-0.260875;0.0529418;-10.6108;0.00219578;0.00235152;-0.00803818;0;0;0;0;0;0;0;0;0;0;0;0;0;-0;-0;0;0;0;
5.71302;-0.261467;0.0558744;-10.6114;0.00213099;0.00231806;-0.0081312;0.119353;0.0100614;0.465409;-0.0274884;0.00715549;0.00689468;0;0;0;0;0;0;-0.119353;-0.0100614;-0.465409;-0.205889;2.99234;-0.0118896;
5.71403;-0.260742;0.0590144;-10.6116;0.00208932;0.00228919;-0.00812839;8.99666;3.0307;36.4778;-0.384691;0.762077;-0.0335028;0;0;0;0;0;0;-8.99666;-3.0307;-36.4778;-17.6819;234.368;-15.0461;
5.71502;-0.260509;0.0622838;-10.6119;0.00206622;0.00226556;-0.00807524;0;0;0;0;0;0;0;0;0;0;0;0;0;-0;-0;0;0;0;
5.71602;-0.260116;0.0656455;-10.6116;0.00206046;0.00223567;-0.00796859;5.22857;-1.35403;20.7444;0.125412;1.10069;0.0463103;0;0;0;0;0;0;-5.22857;1.35403;-20.7444;-10.7085;132.603;11.3483;
5.71703;-0.260094;0.068959;-10.6113;0.00207487;0.00220589;-0.00785256;0;0;0;0;0;0;0;0;0;0;0;0;0;-0;-0;0;0;0;
5.71803;-0.260017;0.0722582;-10.6111;0.00209486;0.00219164;-0.00772452;0;0;0;0;0;0;0;0;0;0;0;0;0;-0;-0;0;0;0;
5.71904;-0.260083;0.0750283;-10.6106;0.00213757;0.00218659;-0.00757899;0;0;0;0;0;0;0;0;0;0;0;0;0;-0;-0;0;0;0;
5.72004;-0.260831;0.0779621;-10.6103;0.00218167;0.00217732;-0.00747104;0.286949;0.0216412;1.11847;0.0498606;-0.0845021;-0.0111569;0;0;0;0;0;0;-0.286949;-0.0216412;-1.11847;-0.61097;7.29289;0.0156378;
5.72103;-0.261602;0.0804279;-10.61;0.00223009;0.00219168;-0.00736862;1.02059;-0.667979;4.42773;0.271919;-0.269374;-0.103316;0;0;0;0;0;0;-1.02059;0.667979;-4.42773;-2.56884;28.817;4.93952;
5.72202;-0.263054;0.0826783;-10.61;0.00227229;0.00222024;-0.00729139;0;0;0;0;0;0;0;0;0;0;0;0;0;-0;-0;0;0;0;
5.72302;-0.264679;0.0850144;-10.61;0.00230194;0.00224846;-0.00724989;0.552173;19.6363;80.2146;-2.02255;0.195642;-0.444379;0;0;0;0;0;0;-0.552173;-19.6363;-80.2146;-36.404;518.785;-126.336;
5.72401;-0.266083;0.086714;-10.6103;0.0023361;0.00229825;-0.00719675;1.50759;-0.899828;6.43394;0.395806;-0.391667;-0.147522;0;0;0;0;0;0;-1.50759;0.899828;-6.43394;-3.72636;41.8717;6.7292;
5.72501;-0.268031;0.0884375;-10.6108;0.00234931;0.00235792;-0.00720503;0;0;0;0;0;0;0;0;0;0;0;0;0;-0;-0;0;0;0;
5.72605;-0.270272;0.0901483;-10.6115;0.00235714;0.00242365;-0.00725078;0;0;0;0;0;0;0;0;0;0;0;0;0;-0;-0;0;0;0;
5.72704;-0.272774;0.0916921;-10.6124;0.0023523;0.00248874;-0.00733558;0;0;0;0;0;0;0;0;0;0;0;0;0;-0;-0;0;0;0;
5.72804;-0.274542;0.0932433;-10.6136;0.00233358;0.00256447;-0.00742218;0;0;0;0;0;0;0;0;0;0;0;0;0;-0;-0;0;0;0;
5.72904;-0.276006;0.0945407;-10.6146;0.00231809;0.00261758;-0.00750519;1.96072;-8.71656;26.8096;1.19039;0.250327;0.12777;0;0;0;0;0;0;-1.96072;8.71656;-26.8096;-15.5671;173.027;57.261;
5.73004;-0.277265;0.0962027;-10.6158;0.00228464;0.00265829;-0.00757812;1.21959;-0.192361;7.93014;0.351051;-0.593331;-0.0683813;0;0;0;0;0;0;-1.21959;0.192361;-7.93014;-4.36412;51.7836;1.92728;
5.73104;-0.277292;0.0977456;-10.617;0.00225153;0.0026897;-0.00758685;0.914705;-5.4384;61.4746;0.166291;-1.28411;0.185739;0;0;0;0;0;0;-0.914705;5.4384;-61.4746;-31.6718;398.969;35.4646;
5.73202;-0.276919;0.0992635;-10.6182;0.0022183;0.00270131;-0.00755989;0;0;0;0;0;0;0;0;0;0;0;0;0;-0;-0;0;0;0;
5.73305;-0.275219;0.100616;-10.6195;0.00218571;0.00270434;-0.00745128;0;0;0;0;0;0;0;0;0;0;0;0;0;-0;-0;0;0;0;
5.73405;-0.27302;0.101876;-10.6206;0.00215385;0.00270285;-0.00733479;1.42259;5.04233;14.7347;-0.761866;0.280614;-0.0224725;0;0;0;0;0;0;-1.42259;-5.04233;-14.7347;-6.15268;94.9187;-31.888;
5.73504;-0.270895;0.103029;-10.6217;0.00211823;0.00269265;-0.00720619;0;0;0;0;0;0;0;0;0;0;0;0;0;-0;-0;0;0;0;
5.73605;-0.268606;0.104009;-10.623;0.00207991;0.00268649;-0.00708311;3.07877;-3.94917;17.0515;0.878969;-0.307355;-0.163748;0;0;0;0;0;0;-3.07877;3.94917;-17.0515;-9.86278;110.331;27.2678;
5.73701;-0.266826;0.104789;-10.6242;0.00203748;0.00267809;-0.00696973;0;0;0;0;0;0;0;0;0;0;0;0;0;-0;-0;0;0;0;
5.738;-0.264634;0.105206;-10.6254;0.00199749;0.00268869;-0.00684802;7.69347;8.59748;38.8742;-2.118;0.649908;0.275431;0;0;0;0;0;0;-7.69347;-8.59748;-38.8742;-16.5968;250.117;-52.0316;
5.73901;-0.26317;0.105445;-10.6267;0.00196041;0.00269278;-0.00677349;0;0;0;0;0;0;0;0;0;0;0;0;0;-0;-0;0;0;0;
5.74002;-0.262401;0.105502;-10.628;0.00191907;0.00270234;-0.00672191;0;0;0;0;0;0;0;0;0;0;0;0;0;-0;-0;0;0;0;
5.74101;-0.262209;0.105145;-10.6293;0.00188328;0.00273148;-0.00668091;2.28501;2.17821;10.9089;-0.471293;0.25007;0.0487576;0;0;0;0;0;0;-2.28501;-2.17821;-10.9089;-4.80399;70.1074;-12.9923;
5.74206;-0.262682;0.104505;-10.6305;0.00184927;0.00275424;-0.00667053;0;0;0;0;0;0;0;0;0;0;0;0;0;-0;-0;0;0;0;
5.74303;-0.263435;0.103342;-10.6314;0.00183102;0.00278852;-0.00664479;0.493314;-0.616654;5.05923;0.31211;-0.301314;-0.0671595;0;0;0;0;0;0;-0.493314;0.616654;-5.05923;-2.92192;32.988;4.30571;
5.74401;-0.265143;0.102137;-10.6324;0.00180632;0.00282762;-0.00664551;0.170796;0.0753299;0.700758;-0.0400075;0.0109786;0.00857088;0;0;0;0;0;0;-0.170796;-0.0753299;-0.700758;-0.305346;4.50619;-0.409984;
5.74501;-0.266986;0.100432;-10.6331;0.00179582;0.002873;-0.00663772;0;0;0;0;0;0;0;0;0;0;0;0;0;-0;-0;0;0;0;
5.74602;-0.269301;0.0986263;-10.6337;0.00179208;0.00291245;-0.00664086;0.296129;-0.171734;1.25791;0.0465697;0.0908423;0.00143899;0;0;0;0;0;0;-0.296129;0.171734;-1.25791;-0.697314;8.01886;1.25892;
5.74702;-0.271539;0.0968362;-10.6339;0.00179108;0.00294323;-0.0066746;0.545337;0.838318;3.1909;-0.170808;0.0553242;0.0146569;0;0;0;0;0;0;-0.545337;-0.838318;-3.1909;-1.35204;20.5369;-5.16443;
5.74801;-0.274187;0.0949387;-10.6342;0.00179222;0.00297715;-0.00669306;0;0;0;0;0;0;0;0;0;0;0;0;0;-0;-0;0;0;0;
5.749;-0.276972;0.0930202;-10.634;0.00179763;0.00299861;-0.00672813;2.05731;-1.72879;13.5365;-0.345701;-0.0862927;0.163944;0;0;0;0;0;0;-2.05731;1.72879;-13.5365;-6.64506;87.4691;12.0584;
5.75005;-0.279908;0.091177;-10.6338;0.00179932;0.00302372;-0.00678653;2.01494;-0.00549079;17.3021;-0.224153;-0.197271;0.0528087;0;0;0;0;0;0;-2.01494;0.00549079;-17.3021;-8.49006;111.95;0.997483;
5.75102;-0.282772;0.0893517;-10.6335;0.0018001;0.00305194;-0.0068225;2.09946;14.1292;37.8829;-1.93202;0.75719;-0.175337;0;0;0;0;0;0;-2.09946;-14.1292;-37.8829;-15.7284;244.157;-90.1914;
5.75201;-0.285842;0.087631;-10.6333;0.00179968;0.00307816;-0.00687133;0;0;0;0;0;0;0;0;0;0;0;0;0;-0;-0;0;0;0;
5.75305;-0.288732;0.0856676;-10.6327;0.00179777;0.00310222;-0.00689868;0;0;0;0;0;0;0;0;0;0;0;0;0;-0;-0;0;0;0;
5.75405;-0.29141;0.0840189;-10.6319;0.00179225;0.00311142;-0.00690387;0;0;0;0;0;0;0;0;0;0;0;0;0;-0;-0;0;0;0;
5.75505;-0.293086;0.0820551;-10.6309;0.00179036;0.00312417;-0.00680829;-4.98374;-5.17902;13.2947;0.785872;-0.731293;0.00971836;0;0;0;0;0;0;4.98374;5.17902;-13.2947;-8.00113;87.2557;30.9916;
5.75603;-0.294655;0.0803838;-10.6301;0.00178704;0.00313893;-0.00669102;0;0;0;0;0;0;0;0;0;0;0;0;0;-0;-0;0;0;0;
5.75705;-0.295741;0.0785846;-10.629;0.0017917;0.00313881;-0.00648885;0.0723421;-0.036655;0.301475;0.0185992;-0.018369;-0.00669648;0;0;0;0;0;0;-0.0723421;0.036655;-0.301475;-0.174107;1.96183;0.280308;
5.75806;-0.296091;0.077158;-10.628;0.00179933;0.00313963;-0.00622713;0;0;0;0;0;0;0;0;0;0;0;0;0;-0;-0;0;0;0;
5.759;-0.29615;0.0761322;-10.627;0.00181752;0.00312443;-0.00597655;2.03743;1.50067;9.07308;-0.213804;0.306717;-0.0036436;0;0;0;0;0;0;-2.03743;-1.50067;-9.07308;-4.20495;58.1969;-8.68047;
5.76005;-0.295481;0.0755407;-10.626;0.0018381;0.00309767;-0.0057034;6.34045;5.48611;37.86;-0.655067;-0.606819;-0.264229;0;0;0;0;0;0;-6.34045;-5.48611;-37.86;-17.8613;244.946;-32.0409;
5.76105;-0.294601;0.0754745;-10.6257;0.00185392;0.00309785;-0.00546653;3.76988;-2.67162;16.8945;-0.924748;0.356643;0.292747;0;0;0;0;0;0;-3.76988;2.67162;-16.8945;-7.85178;108.582;18.8928;
5.76203;-0.294623;0.0763402;-10.626;0.00186714;0.00308975;-0.00537368;0;0;0;0;0;0;0;0;0;0;0;0;0;-0;-0;0;0;0;
5.76302;-0.294842;0.0779894;-10.6263;0.00186924;0.00308443;-0.00534632;0.282492;8.22996;38.6505;-0.656975;-0.119878;-0.295939;0;0;0;0;0;0;-0.282492;-8.22996;-38.6505;-17.9822;250.183;-52.8144;
5.76401;-0.295913;0.0802883;-10.6274;0.00187562;0.00308934;-0.00543167;4.35243;1.13213;17.2987;-0.36619;0.619899;0.0447164;0;0;0;0;0;0;-4.35243;-1.13213;-17.2987;-8.23216;110.876;-5.17827;
5.76501;-0.297513;0.0832566;-10.6288;0.00188851;0.00308223;-0.00561978;0;0;0;0;0;0;0;0;0;0;0;0;0;-0;-0;0;0;0;
5.76606;-0.298561;0.0867222;-10.6303;0.00189733;0.00307917;-0.00585076;0;0;0;0;0;0;0;0;0;0;0;0;0;-0;-0;0;0;0;
5.76705;-0.300355;0.0906388;-10.6325;0.00189129;0.00310162;-0.00614584;0.0755956;-0.0223636;0.301515;0.0187393;-0.0184026;-0.00606324;0;0;0;0;0;0;-0.0755956;0.0223636;-0.301515;-0.172833;1.96179;0.18884;
5.76805;-0.301767;0.0947881;-10.6349;0.00186566;0.00314055;-0.00644457;0;0;0;0;0;0;0;0;0;0;0;0;0;-0;-0;0;0;0;
5.769;-0.302471;0.0988144;-10.637;0.00183701;0.00316483;-0.00671829;0.308131;-0.040753;1.20513;0.0753675;-0.0736124;-0.0217595;0;0;0;0;0;0;-0.308131;0.040753;-1.20513;-0.686385;7.84056;0.440636;
5.77002;-0.302957;0.103132;-10.6394;0.00179541;0.00320561;-0.00697226;0;0;0;0;0;0;0;0;0;0;0;0;0;-0;-0;0;0;0;
5.77103;-0.303171;0.107179;-10.6412;0.00175607;0.00322326;-0.00718076;0.967047;-0.0594456;3.76729;0.236257;-0.230154;-0.0642777;0;0;0;0;0;0;-0.967047;0.0594456;-3.76729;-2.13951;24.5096;0.935949;
5.77204;-0.303098;0.111219;-10.6424;0.00169088;0.00322527;-0.00734066;9.53451;-5.1354;40.2435;0.707114;1.8862;0.13458;0;0;0;0;0;0;-9.53451;5.1354;-40.2435;-21.49;257.555;37.8962;
5.77302;-0.302931;0.114744;-10.6434;0.00162753;0.00320706;-0.00746202;6.03935;-7.86126;34.376;0.514035;0.584666;0.242823;0;0;0;0;0;0;-6.03935;7.86126;-34.376;-18.6155;221.242;53.6656;
5.77406;-0.302793;0.117935;-10.6439;0.00155918;0.0031711;-0.007546;-4.09288;-6.89256;15.8858;0.792917;-0.265513;0.109495;0;0;0;0;0;0;4.09288;6.89256;-15.8858;-9.48511;103.466;42.4281;
5.775;-0.30291;0.120603;-10.6442;0.00148256;0.00312013;-0.0076156;-5.9047;-0.548766;16.4143;-0.0796276;-0.405194;0.0409968;0;0;0;0;0;0;5.9047;0.548766;-16.4143;-8.24201;107.207;0.536105;
5.776;-0.30275;0.122588;-10.6442;0.00140386;0.00307813;-0.00765232;-6.02795;2.11945;65.117;0.121963;-1.07778;-0.200219;0;0;0;0;0;0;6.02795;-2.11945;-65.117;-32.7035;423.027;-16.5496;
5.77701;-0.302793;0.123943;-10.6443;0.00131893;0.00305396;-0.007679;1.46274;-0.932972;6.31528;0.231495;0.456845;0.0138724;0;0;0;0;0;0;-1.46274;0.932972;-6.31528;-3.50565;40.2598;6.75966;
5.77801;-0.303359;0.124726;-10.6439;0.00124238;0.00299758;-0.00772451;-5.70215;-2.84554;82.3994;-0.658142;-0.548836;0.314529;0;0;0;0;0;0;5.70215;2.84554;-82.3994;-41.1255;534.292;15.226;
5.77901;-0.30487;0.125313;-10.6441;0.00115777;0.00296847;-0.00782017;-12.492;6.10832;60.7258;-0.589932;-0.488082;-0.166968;0;0;0;0;0;0;12.492;-6.10832;-60.7258;-29.3798;394.673;-45.6486;
5.78001;-0.306463;0.125419;-10.6444;0.00107445;0.00296812;-0.00792925;0.79457;2.32837;7.08737;-0.36868;0.132451;-0.0021805;0;0;0;0;0;0;-0.79457;-2.32837;-7.08737;-2.96698;45.6471;-14.6635;
5.78101;-0.30877;0.12532;-10.6453;0.000992933;0.00298487;-0.00807968;0;0;0;0;0;0;0;0;0;0;0;0;0;-0;-0;0;0;0;
5.78202;-0.311334;0.124956;-10.646;0.000927556;0.00300195;-0.00825634;0.874644;-0.699124;3.96767;0.141743;0.288468;0.0195833;0;0;0;0;0;0;-0.874644;0.699124;-3.96767;-2.21011;25.2968;4.94464;
5.78301;-0.313771;0.1245;-10.6469;0.000867379;0.00301729;-0.00841167;0;0;0;0;0;0;0;0;0;0;0;0;0;-0;-0;0;0;0;
5.78402;-0.315916;0.124146;-10.6483;0.000813805;0.00306724;-0.00855847;3.91137;1.52027;15.8994;-0.133568;0.677138;-0.0373987;0;0;0;0;0;0;-3.91137;-1.52027;-15.8994;-7.72111;101.808;-7.82978;
5.785;-0.317415;0.123864;-10.6496;0.000768109;0.00310701;-0.00866109;0;0;0;0;0;0;0;0;0;0;0;0;0;-0;-0;0;0;0;
5.78605;-0.31848;0.123533;-10.6507;0.000737738;0.00312845;-0.00871082;0;0;0;0;0;0;0;0;0;0;0;0;0;-0;-0;0;0;0;
5.78706;-0.318571;0.123372;-10.6517;0.000714063;0.00314692;-0.00869323;0.683476;-0.399169;2.90656;0.107534;0.209922;0.00354297;0;0;0;0;0;0;-0.683476;0.399169;-2.90656;-1.6114;18.5286;2.92352;
5.78801;-0.317615;0.123004;-10.6524;0.000704377;0.00315146;-0.00860187;0.462763;-0.0188319;1.80166;0.113078;-0.11007;-0.030195;0;0;0;0;0;0;-0.462763;0.0188319;-1.80166;-1.02232;11.7214;0.385106;
5.78906;-0.315873;0.122869;-10.653;0.000696296;0.00314451;-0.00847253;5.43182;-1.32792;21.62;0.299303;-0.0158784;-0.0274812;0;0;0;0;0;0;-5.43182;1.32792;-21.62;-11.3209;139.364;11.3554;
5.79005;-0.314634;0.122662;-10.6533;0.000700706;0.00311913;-0.00834098;9.47208;4.6752;40.4142;-0.55293;1.00068;-0.0850426;0;0;0;0;0;0;-9.47208;-4.6752;-40.4142;-19.3313;259.552;-25.3958;
5.79105;-0.313193;0.122729;-10.6534;0.000701235;0.00308735;-0.00821111;3.00708;5.14457;18.665;-0.993591;0.327822;0.0697193;0;0;0;0;0;0;-3.00708;-5.14457;-18.665;-7.89019;120.144;-31.8436;
5.79206;-0.311383;0.122694;-10.6529;0.000715913;0.003033;-0.00808113;0.903292;3.89367;11.0036;-0.565999;0.213231;-0.0289896;0;0;0;0;0;0;-0.903292;-3.89367;-11.0036;-4.58486;70.8956;-24.7103;
5.79301;-0.309866;0.122812;-10.6525;0.000724011;0.00298594;-0.00796901;0.906312;-0.921146;28.3548;0.0131505;0.207992;0.0441828;0;0;0;0;0;0;-0.906312;0.921146;-28.3548;-14.3857;183.172;6.37259;
5.79402;-0.308296;0.122974;-10.6519;0.000731592;0.00293568;-0.00786847;-1.19539;-1.80353;6.34424;0.381447;-0.360379;-0.0305751;0;0;0;0;0;0;1.19539;1.80353;-6.34424;-3.75756;41.5312;11.0984;
5.79503;-0.306726;0.123486;-10.6512;0.000727089;0.00288777;-0.00778873;1.40478;-0.332755;5.56534;-0.0528451;-0.0920527;0.0113132;0;0;0;0;0;0;-1.40478;0.332755;-5.56534;-2.78338;35.962;2.84928;
5.79603;-0.305469;0.124216;-10.6505;0.000716293;0.002847;-0.00774534;1.11001;1.63954;6.36124;-0.341238;0.109778;0.0312503;0;0;0;0;0;0;-1.11001;-1.63954;-6.36124;-2.69787;40.9396;-10.081;
5.79702;-0.304502;0.12505;-10.6499;0.000696557;0.00281256;-0.00774131;0;0;0;0;0;0;0;0;0;0;0;0;0;-0;-0;0;0;0;
5.79801;-0.303773;0.125928;-10.6496;0.000668384;0.00279798;-0.00775957;1.48041;-0.770333;6.19065;0.231652;0.446299;0.000138714;0;0;0;0;0;0;-1.48041;0.770333;-6.19065;-3.42672;39.4621;5.72992;
5.79901;-0.303341;0.127075;-10.6491;0.00063108;0.00277455;-0.00780661;3.60641;-0.60246;14.2874;-0.678708;0.149958;0.198928;0;0;0;0;0;0;-3.60641;0.60246;-14.2874;-6.57721;91.9356;5.5156;
5.80002;-0.302913;0.12813;-10.6488;0.000594077;0.00276803;-0.00787471;3.65742;-1.06555;14.5935;0.166671;0.635642;0.0149188;0;0;0;0;0;0;-3.65742;1.06555;-14.5935;-7.62323;93.4254;8.72173;
5.80103;-0.30295;0.129107;-10.6488;0.000559377;0.00277386;-0.00797191;0;0;0;0;0;0;0;0;0;0;0;0;0;-0;-0;0;0;0;
5.80202;-0.302757;0.129831;-10.6487;0.000519786;0.0027919;-0.00806617;0.811191;-0.574249;3.57587;0.219259;-0.217433;-0.0846568;0;0;0;0;0;0;-0.811191;0.574249;-3.57587;-2.07779;23.2739;4.20891;
5.80304;-0.303947;0.130474;-10.6492;0.000482483;0.00283613;-0.00821836;4.40866;-1.27297;17.5731;0.246404;1.01365;0.017435;0;0;0;0;0;0;-4.40866;1.27297;-17.5731;-9.22438;112.252;10.4397;
5.80406;-0.305807;0.130857;-10.6499;0.000450707;0.00289381;-0.00840772;1.50959;-1.1327;6.74235;0.242689;0.489432;0.027886;0;0;0;0;0;0;-1.50959;1.1327;-6.74235;-3.75198;42.9858;8.06157;
5.80505;-0.307837;0.131011;-10.6505;0.000427894;0.00295368;-0.00859977;3.87065;1.37209;15.703;-0.188105;0.457376;-0.01324;0;0;0;0;0;0;-3.87065;-1.37209;-15.703;-7.5826;100.762;-6.9156;
5.80606;-0.310545;0.130994;-10.6516;0.000410698;0.00303171;-0.0088088;3.08031;-0.957613;12.5939;0.17145;-0.390923;-0.0502909;0;0;0;0;0;0;-3.08031;0.957613;-12.5939;-6.61013;81.5712;7.7979;
5.807;-0.313746;0.130845;-10.6528;0.000400551;0.00312146;-0.00900529;6.59466;1.69869;26.4713;-0.110522;0.438665;-0.0608374;0;0;0;0;0;0;-6.59466;-1.69869;-26.4713;-13.0506;170.184;-7.60942;
5.80801;-0.317251;0.130529;-10.6544;0.000395864;0.00323343;-0.00918563;0;0;0;0;0;0;0;0;0;0;0;0;0;-0;-0;0;0;0;
5.80901;-0.320463;0.130212;-10.6562;0.000392239;0.00334963;-0.00931053;0;0;0;0;0;0;0;0;0;0;0;0;0;-0;-0;0;0;0;
5.81005;-0.323409;0.129929;-10.6581;0.000387671;0.00347073;-0.00938173;1.54434;-0.0950523;6.03725;-0.189654;-0.0562413;0.0413133;0;0;0;0;0;0;-1.54434;0.0950523;-6.03725;-2.86039;38.9656;1.35149;
5.81105;-0.325802;0.129766;-10.6604;0.000384152;0.00360007;-0.00934981;0;0;0;0;0;0;0;0;0;0;0;0;0;-0;-0;0;0;0;
5.81204;-0.327552;0.129821;-10.6628;0.000380147;0.00371964;-0.00923672;0;0;0;0;0;0;0;0;0;0;0;0;0;-0;-0;0;0;0;
5.81302;-0.328581;0.130044;-10.6653;0.000366825;0.00384409;-0.00905028;1.5549;-1.13117;6.89555;0.249099;0.500192;0.0258826;0;0;0;0;0;0;-1.5549;1.13117;-6.89555;-3.8354;43.9618;8.07648;
5.81401;-0.329206;0.130593;-10.6681;0.000331994;0.00397455;-0.00880381;1.74476;-0.50328;6.9508;0.272054;0.494643;-0.0324383;0;0;0;0;0;0;-1.74476;0.50328;-6.9508;-3.82316;44.3058;4.16764;
5.81501;-0.329266;0.131322;-10.6711;0.000281569;0.0041057;-0.00851558;2.50568;-1.56698;10.7796;0.395994;0.779481;0.0212618;0;0;0;0;0;0;-2.50568;1.56698;-10.7796;-5.98211;68.7188;11.3799;
5.81602;-0.329094;0.132195;-10.674;0.000214956;0.00422655;-0.00821504;0;0;0;0;0;0;0;0;0;0;0;0;0;-0;-0;0;0;0;
5.81703;-0.328861;0.133321;-10.6769;0.00013039;0.00433584;-0.00794078;1.20468;-0.108478;4.69889;0.294342;-0.287062;-0.0820887;0;0;0;0;0;0;-1.20468;0.108478;-4.69889;-2.67171;30.5706;1.3907;
5.81804;-0.328923;0.134747;-10.6796;2.91074e-05;0.00443504;-0.00772319;2.22077;4.97578;16.3248;-0.858075;0.296143;0.0264656;0;0;0;0;0;0;-2.22077;-4.97578;-16.3248;-6.86407;105.111;-31.1041;
5.81905;-0.328732;0.136066;-10.6818;-7.09557e-05;0.00451829;-0.00755509;0;0;0;0;0;0;0;0;0;0;0;0;0;-0;-0;0;0;0;
5.82;-0.329437;0.137544;-10.6836;-0.000178544;0.00457192;-0.00747137;0.983163;4.35853;12.2658;-0.630497;0.238237;-0.0341179;0;0;0;0;0;0;-0.983163;-4.35853;-12.2658;-5.10939;79.0293;-27.6728;
5.82101;-0.330116;0.139087;-10.6851;-0.000292138;0.00460403;-0.00744662;0;0;0;0;0;0;0;0;0;0;0;0;0;-0;-0;0;0;0;
5.82202;-0.331164;0.140614;-10.6861;-0.000400528;0.00461477;-0.00747676;1.86828;-1.14837;8.01303;0.294903;0.57925;0.0142558;0;0;0;0;0;0;-1.86828;1.14837;-8.01303;-4.44572;51.082;8.35724;
5.82303;-0.332102;0.14197;-10.6865;-0.000505443;0.00459446;-0.00754098;0;0;0;0;0;0;0;0;0;0;0;0;0;-0;-0;0;0;0;
5.82404;-0.333133;0.143413;-10.6867;-0.000600637;0.00457372;-0.0076643;0;0;0;0;0;0;0;0;0;0;0;0;0;-0;-0;0;0;0;
5.82504;-0.33455;0.14469;-10.6868;-0.000682604;0.00455422;-0.00782097;1.76506;-1.05092;7.52965;0.278035;0.543991;0.0107498;0;0;0;0;0;0;-1.76506;1.05092;-7.52965;-4.17563;47.9998;7.67819;
5.82605;-0.336362;0.145858;-10.6867;-0.000755696;0.0045301;-0.00801776;1.18942;-1.2445;5.8628;0.202541;0.429623;0.0501057;0;0;0;0;0;0;-1.18942;1.2445;-5.8628;-3.2801;37.3866;8.60151;
5.82706;-0.338513;0.146967;-10.6867;-0.000815596;0.00451723;-0.00827402;0;0;0;0;0;0;0;0;0;0;0;0;0;-0;-0;0;0;0;
5.82801;-0.340622;0.147819;-10.6869;-0.000859437;0.00452486;-0.00856374;1.3479;3.25678;10.438;-0.546924;0.191001;0.0110322;0;0;0;0;0;0;-1.3479;-3.25678;-10.438;-4.38306;67.2135;-20.4053;
5.82901;-0.343022;0.148526;-10.6873;-0.00089513;0.00454346;-0.00892595;2.81503;-0.438536;11.0312;0.689225;-0.673784;-0.202668;0;0;0;0;0;0;-2.81503;0.438536;-11.0312;-6.28883;71.7692;4.45796;
5.83;-0.346154;0.149262;-10.6879;-0.000927977;0.00458624;-0.00934944;3.79171;14.4083;52.9356;-1.55658;0.587815;-0.325226;0;0;0;0;0;0;-3.79171;-14.4083;-52.9356;-23.657;341.554;-90.995;
5.83105;-0.349385;0.149925;-10.689;-0.000957643;0.00465091;-0.00985048;4.45978;0.498745;17.4176;-1.0259;0.268006;0.255008;0;0;0;0;0;0;-4.45978;-0.498745;-17.4176;-7.69601;111.986;-1.2361;
5.83205;-0.352938;0.150557;-10.6902;-0.000989218;0.00472856;-0.0103453;0;0;0;0;0;0;0;0;0;0;0;0;0;-0;-0;0;0;0;
5.83305;-0.355435;0.150976;-10.6915;-0.00101572;0.00481251;-0.010751;0;0;0;0;0;0;0;0;0;0;0;0;0;-0;-0;0;0;0;
5.83406;-0.356805;0.151412;-10.6927;-0.00104009;0.00489209;-0.0110344;0;0;0;0;0;0;0;0;0;0;0;0;0;-0;-0;0;0;0;
5.835;-0.356488;0.151722;-10.6932;-0.00105467;0.00493221;-0.0111275;0;0;0;0;0;0;0;0;0;0;0;0;0;-0;-0;0;0;0;
5.83601;-0.353182;0.151694;-10.6927;-0.00104501;0.00494702;-0.0109786;-7.35433;3.71409;58.5803;-0.326317;-0.637882;-0.111059;0;0;0;0;0;0;7.35433;-3.71409;-58.5803;-28.8035;380.423;-27.625;
5.83701;-0.348682;0.151617;-10.6917;-0.00101675;0.00492136;-0.0106567;0;0;0;0;0;0;0;0;0;0;0;0;0;-0;-0;0;0;0;
5.83801;-0.343175;0.151629;-10.6896;-0.000977676;0.00483542;-0.0102081;0;0;0;0;0;0;0;0;0;0;0;0;0;-0;-0;0;0;0;
5.83901;-0.33768;0.151669;-10.6866;-0.000926318;0.00469987;-0.00972824;-0.493366;-2.23641;7.59889;0.456136;-0.440712;-0.10009;0;0;0;0;0;0;0.493366;2.23641;-7.59889;-4.50759;49.6592;14.3224;
5.84001;-0.332781;0.151724;-10.6833;-0.000865608;0.0045395;-0.00928541;0;0;0;0;0;0;0;0;0;0;0;0;0;-0;-0;0;0;0;
5.84105;-0.328658;0.151702;-10.6797;-0.000798931;0.00435726;-0.00890765;-4.55793;-5.62963;14.1712;0.776426;-0.517726;0.0684683;0;0;0;0;0;0;4.55793;5.62963;-14.1712;-8.47844;92.6707;34.0628;
5.84202;-0.325534;0.151808;-10.6765;-0.000740176;0.00418642;-0.00864572;4.76783;-6.64361;27.1647;0.954529;0.965903;0.185067;0;0;0;0;0;0;-4.76783;6.64361;-27.1647;-15.3022;174.326;45.2039;
5.84301;-0.323499;0.152132;-10.6737;-0.000691588;0.00401362;-0.00848023;0.192966;0.0136195;0.751992;0.0335123;-0.0568164;-0.00757045;0;0;0;0;0;0;-0.192966;-0.0136195;-0.751992;-0.410868;4.90325;0.0166273;
5.84401;-0.321859;0.152405;-10.6714;-0.000645872;0.00386454;-0.00838836;0.0269871;-0.842941;2.11748;0.0602797;0.168339;0.0662452;0;0;0;0;0;0;-0.0269871;0.842941;-2.11748;-1.2113;13.5302;5.40163;
5.84503;-0.321379;0.152896;-10.6696;-0.000612278;0.00372607;-0.00840463;0.255155;0.0911533;1.02877;-0.0591784;0.0160203;0.013258;0;0;0;0;0;0;-0.255155;-0.0911533;-1.02877;-0.449787;6.61505;-0.474567;
5.84604;-0.320708;0.153283;-10.6685;-0.000583067;0.0036232;-0.00844584;0;0;0;0;0;0;0;0;0;0;0;0;0;-0;-0;0;0;0;
5.84705;-0.321222;0.153932;-10.6675;-0.000562828;0.00351409;-0.00861431;0;0;0;0;0;0;0;0;0;0;0;0;0;-0;-0;0;0;0;
5.848;-0.321957;0.154481;-10.6671;-0.000550256;0.00344112;-0.00878894;0;0;0;0;0;0;0;0;0;0;0;0;0;-0;-0;0;0;0;
5.84902;-0.322953;0.155126;-10.667;-0.00054787;0.00337269;-0.00898916;0.756995;-0.622376;3.45942;0.123181;0.251697;0.0183275;0;0;0;0;0;0;-0.756995;0.622376;-3.45942;-1.9279;22.0567;4.39003;
5.85003;-0.324065;0.155808;-10.667;-0.000551158;0.00331256;-0.00918341;-1.27571;11.6567;54.5495;-1.4799;-0.0662193;-0.159073;0;0;0;0;0;0;1.27571;-11.6567;-54.5495;-24.8228;353.159;-75.9086;
5.85104;-0.324833;0.156399;-10.6673;-0.000556168;0.00326738;-0.0093496;0;0;0;0;0;0;0;0;0;0;0;0;0;-0;-0;0;0;0;
5.85204;-0.325364;0.157061;-10.6676;-0.000566365;0.00322632;-0.00947543;2.62783;3.33898;15.5725;-0.488883;-0.0426588;-0.0270012;0;0;0;0;0;0;-2.62783;-3.33898;-15.5725;-7.01873;100.541;-20.2546;
5.85305;-0.32534;0.157596;-10.6681;-0.000580189;0.00319308;-0.00952334;-0.617885;2.60126;28.3329;-0.300758;0.139696;-0.046338;0;0;0;0;0;0;0.617885;-2.60126;-28.3329;-13.7074;183.252;-17.0964;
5.854;-0.324192;0.158062;-10.6686;-0.000592761;0.00317231;-0.0095082;-0.482063;-12.2412;42.3722;2.28769;-1.32595;-0.206843;0;0;0;0;0;0;0.482063;12.2412;-42.3722;-24.856;275.545;79.1715;
5.85502;-0.322738;0.158509;-10.6694;-0.000611342;0.00316595;-0.00942788;0;0;0;0;0;0;0;0;0;0;0;0;0;-0;-0;0;0;0;
5.85603;-0.320776;0.158797;-10.6704;-0.000629939;0.00317462;-0.00928192;0;0;0;0;0;0;0;0;0;0;0;0;0;-0;-0;0;0;0;
5.85703;-0.318971;0.159166;-10.6718;-0.000656187;0.00320701;-0.00910102;0;0;0;0;0;0;0;0;0;0;0;0;0;-0;-0;0;0;0;
5.85804;-0.316417;0.159319;-10.6733;-0.000677451;0.00325938;-0.00888739;0;0;0;0;0;0;0;0;0;0;0;0;0;-0;-0;0;0;0;
5.85905;-0.314895;0.159467;-10.6753;-0.000697599;0.00334681;-0.00867529;-2.02136;-3.1217;7.06346;0.413944;-0.394603;-0.0559362;0;0;0;0;0;0;2.02136;3.1217;-7.06346;-4.2846;46.3019;19.237;
5.86006;-0.313291;0.159606;-10.6777;-0.000717321;0.00346212;-0.00846592;1.0047;0.128999;3.94661;0.00339082;0.0727643;-0.00913553;0;0;0;0;0;0;-1.0047;-0.128999;-3.94661;-1.97806;25.3631;-0.319562;
5.861;-0.31263;0.159679;-10.6802;-0.000734603;0.00359045;-0.00828096;-8.97338;-2.1497;26.9508;0.210145;-0.497185;0.0576031;0;0;0;0;0;0;8.97338;2.1497;-26.9508;-13.9991;175.784;9.33286;
5.862;-0.31225;0.159766;-10.6831;-0.000750593;0.00374399;-0.00811693;5.73144;4.86911;26.4933;-0.617666;0.869099;-0.0324044;0;0;0;0;0;0;-5.73144;-4.86911;-26.4933;-12.2364;169.982;-28.5869;
5.86301;-0.312819;0.159925;-10.6861;-0.000767214;0.00390222;-0.00800469;-5.13137;-5.01049;12.9908;0.768349;-0.712123;0.0288356;0;0;0;0;0;0;5.13137;5.01049;-12.9908;-7.81375;85.2847;29.8074;
5.86402;-0.31377;0.159955;-10.6888;-0.000779824;0.00405266;-0.00792888;0;0;0;0;0;0;0;0;0;0;0;0;0;-0;-0;0;0;0;
5.86503;-0.315447;0.159917;-10.6909;-0.000790967;0.00417097;-0.00790477;-9.45929;5.22485;45.2064;-0.530636;-0.513963;-0.129568;0;0;0;0;0;0;9.45929;-5.22485;-45.2064;-21.7122;293.973;-38.442;
5.86603;-0.316968;0.159709;-10.6922;-0.000794472;0.00425011;-0.0079075;-4.33502;-8.78483;22.9698;1.2441;-0.789828;-0.0279677;0;0;0;0;0;0;4.33502;8.78483;-22.9698;-13.694;149.852;54.6873;
5.86704;-0.319308;0.159512;-10.6927;-0.000798614;0.00428022;-0.00797249;0;0;0;0;0;0;0;0;0;0;0;0;0;-0;-0;0;0;0;
5.86805;-0.321473;0.159109;-10.6925;-0.000794219;0.0042729;-0.00806222;0.862518;1.90437;6.27786;-0.330185;0.113705;0.0108723;0;0;0;0;0;0;-0.862518;-1.90437;-6.27786;-2.64039;40.4208;-11.8988;
5.86905;-0.32377;0.158667;-10.6916;-0.000783501;0.00423243;-0.00818522;0;0;0;0;0;0;0;0;0;0;0;0;0;-0;-0;0;0;0;
5.87005;-0.325721;0.158076;-10.6901;-0.000769011;0.00416004;-0.00832283;0;0;0;0;0;0;0;0;0;0;0;0;0;-0;-0;0;0;0;
5.87105;-0.327683;0.157325;-10.6884;-0.000749261;0.00408159;-0.00848265;0;0;0;0;0;0;0;0;0;0;0;0;0;-0;-0;0;0;0;
5.87205;-0.330071;0.156527;-10.6865;-0.000729949;0.00399967;-0.00867664;3.82823;-2.30891;16.3662;0.60357;1.18265;0.0256645;0;0;0;0;0;0;-3.82823;2.30891;-16.3662;-9.07777;104.331;16.8422;
5.87305;-0.331844;0.155715;-10.6849;-0.000712609;0.00393731;-0.00888799;0;0;0;0;0;0;0;0;0;0;0;0;0;-0;-0;0;0;0;
5.87405;-0.334348;0.154791;-10.6832;-0.000695522;0.00385314;-0.00917464;0;0;0;0;0;0;0;0;0;0;0;0;0;-0;-0;0;0;0;
5.87505;-0.336673;0.153869;-10.6812;-0.000688608;0.00377526;-0.00946306;0;0;0;0;0;0;0;0;0;0;0;0;0;-0;-0;0;0;0;
5.876;-0.33932;0.152952;-10.6799;-0.000689766;0.00372311;-0.0097328;0.0471785;0.000119154;0.183591;0.0115419;-0.0112171;-0.0029587;0;0;0;0;0;0;-0.0471785;-0.000119154;-0.183591;-0.103991;1.19441;0.0259482;
5.87702;-0.341794;0.152003;-10.6787;-0.000697048;0.00367728;-0.00998151;0;0;0;0;0;0;0;0;0;0;0;0;0;-0;-0;0;0;0;
5.87803;-0.343157;0.150938;-10.6775;-0.000711151;0.00363028;-0.0101046;0;0;0;0;0;0;0;0;0;0;0;0;0;-0;-0;0;0;0;
5.87903;-0.343274;0.149868;-10.6764;-0.000723162;0.00359135;-0.0100939;2.88484;-1.06808;11.7219;-0.0833565;0.344036;0.0722797;0;0;0;0;0;0;-2.88484;1.06808;-11.7219;-5.92733;75.2134;8.29168;
5.88003;-0.342222;0.148758;-10.6756;-0.000728022;0.00356618;-0.00995213;0;0;0;0;0;0;0;0;0;0;0;0;0;-0;-0;0;0;0;
5.88103;-0.339733;0.147396;-10.6747;-0.000726579;0.00353069;-0.00970186;1.62766;-2.18264;9.79757;0.51091;-0.211159;-0.0771985;0;0;0;0;0;0;-1.62766;2.18264;-9.79757;-5.6643;63.4432;15.0197;
5.88202;-0.337248;0.146113;-10.6741;-0.00072436;0.00350548;-0.0094056;0;0;0;0;0;0;0;0;0;0;0;0;0;-0;-0;0;0;0;
5.88303;-0.335116;0.145106;-10.6736;-0.000727879;0.00347976;-0.00914126;1.04589;-0.569997;4.40148;-0.275217;0.069595;0.0744102;0;0;0;0;0;0;-1.04589;0.569997;-4.40148;-1.9987;28.3053;4.14051;
5.88403;-0.333836;0.144158;-10.6736;-0.000726762;0.00347253;-0.00896098;0;0;0;0;0;0;0;0;0;0;0;0;0;-0;-0;0;0;0;
5.88503;-0.333468;0.143483;-10.6737;-0.000735141;0.00346377;-0.00886457;0;0;0;0;0;0;0;0;0;0;0;0;0;-0;-0;0;0;0;
5.88602;-0.333785;0.14294;-10.6741;-0.000742566;0.00347194;-0.00885704;-2.39557;-1.82849;5.06276;0.300631;-0.273718;0.0433934;0;0;0;0;0;0;2.39557;1.82849;-5.06276;-3.0339;33.2729;10.5814;
5.88702;-0.334712;0.142645;-10.6747;-0.000753766;0.00348899;-0.00893462;-3.72373;-2.64412;7.59614;0.452022;-0.409445;0.0790647;0;0;0;0;0;0;3.72373;2.64412;-7.59614;-4.54303;49.9342;15.1544;
5.88802;-0.336202;0.142599;-10.6754;-0.000771359;0.00351619;-0.00907653;0;0;0;0;0;0;0;0;0;0;0;0;0;-0;-0;0;0;0;
5.88903;-0.338272;0.142858;-10.6766;-0.000787123;0.00356197;-0.00927925;0;0;0;0;0;0;0;0;0;0;0;0;0;-0;-0;0;0;0;
5.89004;-0.340521;0.14359;-10.678;-0.000807895;0.00362355;-0.00952522;2.44899;3.48519;15.4116;-0.447707;-0.0674111;-0.043052;0;0;0;0;0;0;-2.44899;-3.48519;-15.4116;-6.96429;99.5431;-21.2745;
5.89105;-0.342374;0.144469;-10.6801;-0.000818738;0.00373456;-0.00976112;0;0;0;0;0;0;0;0;0;0;0;0;0;-0;-0;0;0;0;
5.89205;-0.344549;0.145905;-10.6831;-0.000832022;0.00389081;-0.0100016;0.305213;0.0800861;1.21111;-0.0702914;0.0187509;0.0164742;0;0;0;0;0;0;-0.305213;-0.0800861;-1.21111;-0.531624;7.78715;-0.380959;
5.89305;-0.345969;0.147825;-10.6871;-0.000843862;0.00410795;-0.0101942;0;0;0;0;0;0;0;0;0;0;0;0;0;-0;-0;0;0;0;
5.89406;-0.346741;0.150239;-10.6924;-0.000857334;0.00439523;-0.0103162;0;0;0;0;0;0;0;0;0;0;0;0;0;-0;-0;0;0;0;
5.89501;-0.346481;0.152934;-10.6981;-0.000867332;0.00470765;-0.010349;5.78098;11.4536;42.812;-1.40707;0.230499;-0.146461;0;0;0;0;0;0;-5.78098;-11.4536;-42.812;-19.0049;276.205;-71.0531;
5.89602;-0.345672;0.156074;-10.7043;-0.000879372;0.00503384;-0.0103187;0.357369;-1.97361;9.70942;0.189184;-0.324834;-0.00368983;0;0;0;0;0;0;-0.357369;1.97361;-9.70942;-5.27722;63.114;12.954;
5.89704;-0.344338;0.159189;-10.7092;-0.000895317;0.00527101;-0.010223;-2.51211;6.11217;43.1185;-0.971065;-0.393653;-0.0327949;0;0;0;0;0;0;2.51211;-6.11217;-43.1185;-20.1313;279.645;-40.7814;
5.89805;-0.342474;0.161576;-10.7115;-0.000906304;0.00533797;-0.0101005;2.23462;-0.648166;8.91082;0.435083;0.133405;-0.0922732;0;0;0;0;0;0;-2.23462;0.648166;-8.91082;-4.98789;57.3;5.41166;
5.89906;-0.340515;0.16291;-10.7105;-0.000912971;0.00519031;-0.0099946;0;0;0;0;0;0;0;0;0;0;0;0;0;-0;-0;0;0;0;
5.9;-0.338369;0.163132;-10.7066;-0.000919523;0.00487733;-0.00993068;0;0;0;0;0;0;0;0;0;0;0;0;0;-0;-0;0;0;0;
5.901;-0.336319;0.16253;-10.7006;-0.000929652;0.00443812;-0.0099196;1.05529;-0.402204;4.43166;0.181622;-0.114254;-0.0271963;0;0;0;0;0;0;-1.05529;0.402204;-4.43166;-2.45391;28.6835;3.16114;
5.90201;-0.334294;0.161332;-10.6942;-0.000940694;0.003982;-0.00995324;0.339119;-0.15005;2.74726;0.171247;-0.164323;-0.0301135;0;0;0;0;0;0;-0.339119;0.15005;-2.74726;-1.56991;17.9065;1.17181;
5.90302;-0.332542;0.159948;-10.6885;-0.000958584;0.00358381;-0.0100189;1.68331;5.17036;15.5668;-0.808442;0.292402;-0.00969791;0;0;0;0;0;0;-1.68331;-5.17036;-15.5668;-6.51258;100.264;-32.5974;
5.90403;-0.331303;0.158589;-10.684;-0.000978849;0.0032728;-0.0101151;2.16896;-4.04023;14.1975;0.558972;0.557711;0.0887802;0;0;0;0;0;0;-2.16896;4.04023;-14.1975;-8.11474;91.0897;27.1459;
5.90503;-0.330134;0.157422;-10.6807;-0.00100146;0.00305355;-0.0102114;2.10558;-0.243072;8.22535;-0.0331883;0.384211;0.0202499;0;0;0;0;0;0;-2.10558;0.243072;-8.22535;-4.13375;52.6268;2.61299;
5.90602;-0.328893;0.156335;-10.6784;-0.001023;0.0029058;-0.0103096;2.53746;9.02409;26.5233;-1.34471;0.481672;-0.0492463;0;0;0;0;0;0;-2.53746;-9.02409;-26.5233;-11.1076;170.883;-57.0634;
5.90701;-0.328256;0.15552;-10.6771;-0.00104213;0.0028223;-0.0104287;0;0;0;0;0;0;0;0;0;0;0;0;0;-0;-0;0;0;0;
5.908;-0.327245;0.15468;-10.676;-0.00105689;0.00276544;-0.0105156;0;0;0;0;0;0;0;0;0;0;0;0;0;-0;-0;0;0;0;
5.90901;-0.326549;0.154045;-10.6754;-0.00106758;0.00273512;-0.0105746;0.00179747;-0.0844862;1.49217;0.0657003;-0.11003;-0.00630902;0;0;0;0;0;0;-0.00179747;0.0844862;-1.49217;-0.825682;9.76495;0.553884;
5.91001;-0.324868;0.15342;-10.6749;-0.00106669;0.00272075;-0.0105438;0;0;0;0;0;0;0;0;0;0;0;0;0;-0;-0;0;0;0;
5.91101;-0.32216;0.152738;-10.6746;-0.00105277;0.00271469;-0.0104247;0;0;0;0;0;0;0;0;0;0;0;0;0;-0;-0;0;0;0;
5.91202;-0.318636;0.152102;-10.6741;-0.00103205;0.00270012;-0.0102012;0;0;0;0;0;0;0;0;0;0;0;0;0;-0;-0;0;0;0;
5.91303;-0.31473;0.151629;-10.6738;-0.00100141;0.00268192;-0.00993214;-5.09242;-5.15202;27.9811;0.62189;-1.52529;0.0608708;0;0;0;0;0;0;5.09242;5.15202;-27.9811;-15.2311;183.088;30.7106;
5.91405;-0.310712;0.151188;-10.6736;-0.000962647;0.00266997;-0.00962567;0;0;0;0;0;0;0;0;0;0;0;0;0;-0;-0;0;0;0;
5.91505;-0.306735;0.150874;-10.6735;-0.000922223;0.00265654;-0.00933203;0;0;0;0;0;0;0;0;0;0;0;0;0;-0;-0;0;0;0;
5.91605;-0.303154;0.15071;-10.6736;-0.000882448;0.00264055;-0.00908059;0;0;0;0;0;0;0;0;0;0;0;0;0;-0;-0;0;0;0;
5.91706;-0.299877;0.150602;-10.6737;-0.000841229;0.00262712;-0.00890146;9.95384;8.34024;47.0729;-1.04319;0.972757;-0.0724684;0;0;0;0;0;0;-9.95384;-8.34024;-47.0729;-21.8272;302.614;-48.8801;
5.918;-0.297774;0.15052;-10.6741;-0.000805903;0.00262024;-0.0087812;0;0;0;0;0;0;0;0;0;0;0;0;0;-0;-0;0;0;0;
5.91901;-0.296499;0.150695;-10.6747;-0.000775719;0.00261649;-0.00873322;0;0;0;0;0;0;0;0;0;0;0;0;0;-0;-0;0;0;0;
5.92001;-0.29598;0.1509;-10.6756;-0.000748851;0.00261862;-0.00875075;0;0;0;0;0;0;0;0;0;0;0;0;0;-0;-0;0;0;0;
5.92101;-0.296028;0.151194;-10.6765;-0.000730732;0.0026239;-0.00882116;1.85178;-1.34697;27.7485;0.182472;-0.65452;-0.004921;0;0;0;0;0;0;-1.85178;1.34697;-27.7485;-14.2927;180.016;9.65312;
5.92201;-0.296887;0.151707;-10.6779;-0.000720736;0.00264448;-0.0089495;0;0;0;0;0;0;0;0;0;0;0;0;0;-0;-0;0;0;0;
5.92302;-0.298279;0.15235;-10.6796;-0.000720162;0.00268001;-0.00910799;0.68325;-0.119305;2.68219;0.118327;-0.202618;-0.0391549;0;0;0;0;0;0;-0.68325;0.119305;-2.68219;-1.48114;17.4892;1.15523;
5.92402;-0.300586;0.153387;-10.6821;-0.000734705;0.0027599;-0.00928988;0;0;0;0;0;0;0;0;0;0;0;0;0;-0;-0;0;0;0;
5.92502;-0.303191;0.154884;-10.6857;-0.000768059;0.00291123;-0.00945176;-6.24636;5.56663;37.8317;-0.636325;-0.465773;-0.139756;0;0;0;0;0;0;6.24636;-5.56663;-37.8317;-17.8583;245.883;-39.025;
5.92602;-0.306421;0.1572;-10.6913;-0.00082792;0.0031895;-0.00957027;0;0;0;0;0;0;0;0;0;0;0;0;0;-0;-0;0;0;0;
5.92701;-0.309938;0.160761;-10.6995;-0.00092486;0.00363822;-0.00956873;0;0;0;0;0;0;0;0;0;0;0;0;0;-0;-0;0;0;0;
5.92801;-0.31406;0.165915;-10.7108;-0.00105438;0.00428149;-0.00944149;0;0;0;0;0;0;0;0;0;0;0;0;0;-0;-0;0;0;0;
5.92901;-0.318289;0.172444;-10.7234;-0.0012098;0.00501229;-0.00918606;0;0;0;0;0;0;0;0;0;0;0;0;0;-0;-0;0;0;0;
5.93002;-0.322535;0.179025;-10.7341;-0.00134548;0.0056232;-0.0088864;-5.15413;-2.35573;97.6116;-0.623982;-1.26859;0.117559;0;0;0;0;0;0;5.15413;2.35573;-97.6116;-48.7729;633.383;12.5294;
5.93103;-0.325914;0.183563;-10.7389;-0.00141521;0.00585266;-0.00872588;0;0;0;0;0;0;0;0;0;0;0;0;0;-0;-0;0;0;0;
5.93204;-0.326672;0.183919;-10.7356;-0.00139076;0.00557503;-0.00880098;0;0;0;0;0;0;0;0;0;0;0;0;0;-0;-0;0;0;0;
5.93304;-0.325497;0.180648;-10.7266;-0.00130632;0.00494314;-0.00910407;5.38296;7.96179;49.7382;-0.934948;0.529865;-0.149491;0;0;0;0;0;0;-5.38296;-7.96179;-49.7382;-23.3158;320.761;-48.6563;
5.93405;-0.323119;0.175698;-10.7165;-0.00120199;0.00424953;-0.00947049;0;0;0;0;0;0;0;0;0;0;0;0;0;-0;-0;0;0;0;
5.93504;-0.319888;0.170717;-10.7077;-0.00110527;0.00366254;-0.00975473;0;0;0;0;0;0;0;0;0;0;0;0;0;-0;-0;0;0;0;
5.93604;-0.317031;0.166582;-10.7012;-0.00103031;0.00322525;-0.00995514;0;0;0;0;0;0;0;0;0;0;0;0;0;-0;-0;0;0;0;
5.93704;-0.315067;0.163382;-10.6967;-0.000972866;0.00293058;-0.0100896;1.85157;1.0908;7.88503;-0.444564;0.1252;0.087073;0;0;0;0;0;0;-1.85157;-1.0908;-7.88503;-3.41714;50.7091;-6.21261;
5.93804;-0.313562;0.160782;-10.6938;-0.000926798;0.00274171;-0.0101691;2.84147;-2.90574;13.8917;0.481411;1.01717;0.114292;0;0;0;0;0;0;-2.84147;2.90574;-13.8917;-7.76934;88.5837;20.1184;
5.93905;-0.312387;0.158633;-10.692;-0.000892486;0.00263129;-0.0102133;-1.85234;-9.16085;41.1339;-0.0126193;-0.843491;0.387907;0;0;0;0;0;0;1.85234;9.16085;-41.1339;-21.6232;267.187;57.9545;
5.94005;-0.312113;0.156936;-10.6911;-0.000866145;0.00258086;-0.0102625;2.69942;1.72307;11.6562;-0.65465;0.185943;0.124121;0;0;0;0;0;0;-2.69942;-1.72307;-11.6562;-5.0429;74.9647;-9.91371;
5.94104;-0.31212;0.155464;-10.6905;-0.000844623;0.00256577;-0.0103164;2.49718;0.0143834;9.71762;-0.578408;0.149356;0.148415;0;0;0;0;0;0;-2.49718;-0.0143834;-9.71762;-4.31428;62.4779;1.01618;
5.94205;-0.312808;0.154136;-10.6903;-0.000825551;0.00257454;-0.0103974;0;0;0;0;0;0;0;0;0;0;0;0;0;-0;-0;0;0;0;
5.94305;-0.313825;0.152918;-10.6901;-0.000810954;0.00259392;-0.0105017;0;0;0;0;0;0;0;0;0;0;0;0;0;-0;-0;0;0;0;
5.94406;-0.314868;0.151693;-10.6898;-0.00080089;0.00261154;-0.010619;0;0;0;0;0;0;0;0;0;0;0;0;0;-0;-0;0;0;0;
5.94501;-0.316027;0.150614;-10.6895;-0.000797595;0.00262933;-0.0107588;0.616587;-0.252864;2.51269;0.155507;-0.153248;-0.053582;0;0;0;0;0;0;-0.616587;0.252864;-2.51269;-1.44636;16.3497;2.00027;
5.94602;-0.317268;0.14951;-10.6891;-0.000801983;0.00264356;-0.0109132;0.117606;-0.143876;0.616732;0.0208863;0.0454371;0.00661705;0;0;0;0;0;0;-0.117606;0.143876;-0.616732;-0.345933;3.93333;0.983563;
5.947;-0.318357;0.148602;-10.6886;-0.000814353;0.00264577;-0.0110784;5.07603;-1.853;43.953;0.211054;-0.254025;-0.0011028;0;0;0;0;0;0;-5.07603;1.853;-43.953;-22.5333;284.142;14.5474;
5.94804;-0.319066;0.147688;-10.6881;-0.000836975;0.00264007;-0.0112287;3.26931;-4.76678;19.7592;0.71138;0.286145;0.0968395;0;0;0;0;0;0;-3.26931;4.76678;-19.7592;-11.1412;127.237;32.3932;
5.94904;-0.319125;0.14701;-10.6875;-0.00086898;0.00261691;-0.0113387;-4.48788;-5.70529;18.028;1.07825;-1.01368;-0.0523792;0;0;0;0;0;0;4.48788;5.70529;-18.028;-10.7304;118.115;34.7082;
5.95003;-0.318052;0.146381;-10.6869;-0.000906284;0.00258602;-0.0113727;1.80645;-1.0713;7.70119;-0.483233;0.122328;0.130368;0;0;0;0;0;0;-1.80645;1.0713;-7.70119;-3.50287;49.5269;7.71128;
5.95102;-0.316482;0.14586;-10.6864;-0.000947825;0.00254495;-0.011373;2.77168;-4.61406;17.9593;0.797147;0.254532;0.044996;0;0;0;0;0;0;-2.77168;4.61406;-17.9593;-10.3051;115.673;31.2062;
5.95202;-0.314155;0.145401;-10.686;-0.000993438;0.00249413;-0.0113212;0;0;0;0;0;0;0;0;0;0;0;0;0;-0;-0;0;0;0;
5.95303;-0.311443;0.145066;-10.6856;-0.00104459;0.00243468;-0.0112514;0;0;0;0;0;0;0;0;0;0;0;0;0;-0;-0;0;0;0;
5.95402;-0.308473;0.14473;-10.6853;-0.00109261;0.00237967;-0.0111725;0;0;0;0;0;0;0;0;0;0;0;0;0;-0;-0;0;0;0;
5.95504;-0.305801;0.144457;-10.6852;-0.00114191;0.00232494;-0.0111155;1.04168;-1.36398;5.72844;0.0140597;0.322273;0.0914207;0;0;0;0;0;0;-1.04168;1.36398;-5.72844;-3.03599;36.6391;9.25885;
5.95605;-0.303209;0.144208;-10.6852;-0.001187;0.00227448;-0.0110745;0.740521;-3.96777;15.8091;0.896532;-0.979338;-0.257445;0;0;0;0;0;0;-0.740521;3.96777;-15.8091;-9.25673;103.198;26.3039;
5.95704;-0.300905;0.143922;-10.6853;-0.00122434;0.00223782;-0.0110381;0.461824;-0.0121808;1.7975;0.11287;-0.10983;-0.0297433;0;0;0;0;0;0;-0.461824;0.0121808;-1.7975;-1.01938;11.6942;0.34115;
5.95803;-0.298844;0.143657;-10.6854;-0.00125576;0.00220319;-0.0110099;3.37534;-7.63087;32.8508;0.826547;-0.066714;0.123777;0;0;0;0;0;0;-3.37534;7.63087;-32.8508;-18.1372;212.289;50.9517;
5.95904;-0.296665;0.14335;-10.6856;-0.00127735;0.00217823;-0.0109785;0;0;0;0;0;0;0;0;0;0;0;0;0;-0;-0;0;0;0;
5.96004;-0.294418;0.142913;-10.6858;-0.00128939;0.00216023;-0.0109312;-5.77532;-15.2863;43.0044;1.54318;-0.294664;0.3577;0;0;0;0;0;0;5.77532;15.2863;-43.0044;-24.7358;279.134;95.6434;
5.96104;-0.292326;0.14249;-10.6861;-0.00129413;0.00214669;-0.0108752;2.6159;-0.313011;10.2217;0.451929;-0.772274;-0.139305;0;0;0;0;0;0;-2.6159;0.313011;-10.2217;-5.63135;66.6492;3.4821;
5.96203;-0.290274;0.142023;-10.6864;-0.00129141;0.00214218;-0.0108035;1.27562;4.86137;14.0181;-0.723284;0.268845;-0.0274161;0;0;0;0;0;0;-1.27562;-4.86137;-14.0181;-5.84884;90.3069;-30.7856;
5.96304;-0.288095;0.14149;-10.6867;-0.00127962;0.00214155;-0.0107246;0;0;0;0;0;0;0;0;0;0;0;0;0;-0;-0;0;0;0;
5.96405;-0.285652;0.140895;-10.6869;-0.00126406;0.00214401;-0.0106219;1.00139;3.52634;10.3176;-0.533539;0.196448;-0.0153581;0;0;0;0;0;0;-1.00139;-3.52634;-10.3176;-4.30888;66.4629;-22.2975;
5.96505;-0.283277;0.140272;-10.6872;-0.00124375;0.00214672;-0.0105259;3.33102;-1.56626;22.1591;-0.341963;-0.512777;0.110418;0;0;0;0;0;0;-3.33102;1.56626;-22.1591;-10.9754;143.559;11.7017;
5.96604;-0.281068;0.139758;-10.6876;-0.00122246;0.00215637;-0.0104431;3.40607;14.5763;41.2385;-2.12145;0.798885;-0.107158;0;0;0;0;0;0;-3.40607;-14.5763;-41.2385;-17.1849;265.693;-92.4936;
5.96703;-0.279021;0.139205;-10.688;-0.00119823;0.0021699;-0.0103785;1.9002;-0.0260892;7.44467;0.324488;-0.0858687;-0.104294;0;0;0;0;0;0;-1.9002;0.0260892;-7.44467;-4.07651;48.0659;1.23011;
5.96804;-0.276952;0.138684;-10.6884;-0.00117229;0.00218501;-0.0103255;0;0;0;0;0;0;0;0;0;0;0;0;0;-0;-0;0;0;0;
5.96904;-0.275144;0.138315;-10.6888;-0.00115269;0.00220032;-0.0102888;0;0;0;0;0;0;0;0;0;0;0;0;0;-0;-0;0;0;0;
5.97005;-0.273337;0.13796;-10.6893;-0.00113226;0.00221762;-0.0102577;0.021416;-0.000191586;0.0833403;0.00370148;-0.00629728;-0.00096565;0;0;0;0;0;0;-0.021416;0.000191586;-0.0833403;-0.0456939;0.543401;0.0129912;
5.97105;-0.271651;0.137676;-10.6897;-0.00111631;0.00223436;-0.0102328;0.543101;-0.618443;2.76468;-0.178844;0.0463378;0.045498;0;0;0;0;0;0;-0.543101;0.618443;-2.76468;-1.27561;17.788;4.22966;
5.97205;-0.27017;0.137491;-10.6902;-0.00110294;0.00225273;-0.0102147;1.68259;1.21077;7.44369;-0.415524;0.119691;0.0744574;0;0;0;0;0;0;-1.68259;-1.21077;-7.44369;-3.21188;47.8758;-7.0613;
5.97306;-0.268506;0.13726;-10.6907;-0.00108809;0.00227402;-0.0101766;0;0;0;0;0;0;0;0;0;0;0;0;0;-0;-0;0;0;0;
5.974;-0.266735;0.137102;-10.6909;-0.00108049;0.00228844;-0.0101237;0.895067;1.62972;5.76254;-0.305787;0.102019;0.0186443;0;0;0;0;0;0;-0.895067;-1.62972;-5.76254;-2.43289;37.0946;-10.113;
5.97501;-0.265135;0.136917;-10.6913;-0.00107096;0.00230359;-0.0100604;0;0;0;0;0;0;0;0;0;0;0;0;0;-0;-0;0;0;0;
5.976;-0.263084;0.136617;-10.6916;-0.00105674;0.0023229;-0.00996459;0;0;0;0;0;0;0;0;0;0;0;0;0;-0;-0;0;0;0;
5.97705;-0.261082;0.136221;-10.6918;-0.00104339;0.0023413;-0.00987046;2.05096;-2.03741;9.92654;0.345293;0.726155;0.0777001;0;0;0;0;0;0;-2.05096;2.03741;-9.92654;-5.54913;63.2976;14.1383;
5.97805;-0.259152;0.135725;-10.6921;-0.00103062;0.00235842;-0.00976911;4.30912;3.41709;23.7302;-0.273101;-0.250929;-0.149133;0;0;0;0;0;0;-4.30912;-3.41709;-23.7302;-11.3354;153.364;-19.7909;
5.979;-0.257453;0.135077;-10.6923;-0.00101674;0.00238203;-0.00967844;1.51095;-1.18689;7.12744;-0.123453;0.12519;0.0806891;0;0;0;0;0;0;-1.51095;1.18689;-7.12744;-3.5853;45.8412;8.36004;
5.98001;-0.255565;0.134279;-10.6925;-0.00100175;0.00240734;-0.00959587;0;0;0;0;0;0;0;0;0;0;0;0;0;-0;-0;0;0;0;
5.98102;-0.254195;0.133467;-10.6927;-0.000989927;0.00243482;-0.00955316;0.156972;-0.0508929;0.629087;0.0390523;-0.038394;-0.0128505;0;0;0;0;0;0;-0.156972;0.0508929;-0.629087;-0.360992;4.09314;0.421209;
5.98202;-0.253129;0.132601;-10.6929;-0.000982338;0.002464;-0.00952728;2.14237;-1.11016;8.95386;0.335274;0.645424;-0.000196092;0;0;0;0;0;0;-2.14237;1.11016;-8.95386;-4.95618;57.0754;8.26246;
5.98304;-0.252227;0.131715;-10.693;-0.000975401;0.00249409;-0.00952688;0.926747;4.2887;11.9952;-0.61595;0.233849;-0.0360209;0;0;0;0;0;0;-0.926747;-4.2887;-11.9952;-4.99489;77.2879;-27.2472;
5.98405;-0.251633;0.130881;-10.6931;-0.000970541;0.00252453;-0.00955419;-3.24388;-2.75174;7.25969;0.429814;-0.39436;0.0425761;0;0;0;0;0;0;3.24388;2.75174;-7.25969;-4.36221;47.6936;16.1288;
5.98501;-0.251051;0.130125;-10.6932;-0.000968099;0.00255278;-0.00957879;1.3639;2.15738;8.10342;-0.433088;0.141045;0.0353431;0;0;0;0;0;0;-1.3639;-2.15738;-8.10342;-3.4316;52.1552;-13.3078;
5.98602;-0.250263;0.129292;-10.6933;-0.000964287;0.00258181;-0.00960214;-2.16309;1.58697;17.4379;-0.249956;-0.276613;-0.0971037;0;0;0;0;0;0;2.16309;-1.58697;-17.4379;-8.37316;113.325;-11.2608;
5.98704;-0.249623;0.128538;-10.6933;-0.00095931;0.00261312;-0.00964531;1.55286;-1.57431;7.56876;0.262602;0.554023;0.0613601;0;0;0;0;0;0;-1.55286;1.57431;-7.56876;-4.23251;48.2637;10.9073;
5.98806;-0.248569;0.127807;-10.6933;-0.000953717;0.00263724;-0.009684;6.05459;-17.0867;59.8446;2.77658;-0.0617165;0.0757407;0;0;0;0;0;0;-6.05459;17.0867;-59.8446;-34.6313;386.678;113.533;
5.98901;-0.247917;0.127228;-10.6934;-0.000948345;0.00266017;-0.00973908;0;0;0;0;0;0;0;0;0;0;0;0;0;-0;-0;0;0;0;
5.99001;-0.247227;0.126714;-10.6934;-0.000943698;0.00267964;-0.00981713;3.72931;4.36563;19.1977;-1.04313;0.322723;0.129248;0;0;0;0;0;0;-3.72931;-4.36563;-19.1977;-8.18747;123.522;-26.4988;
5.99101;-0.246025;0.126131;-10.6934;-0.000933328;0.00269369;-0.00986807;0.847037;-0.130414;3.31873;-0.200639;0.0511484;0.053219;0;0;0;0;0;0;-0.847037;0.130414;-3.31873;-1.48389;21.3377;1.21722;
5.99202;-0.245208;0.125654;-10.6935;-0.000923008;0.00270901;-0.00994622;0.373542;-0.207957;1.57687;0.058639;0.113789;0.00111555;0;0;0;0;0;0;-0.373542;0.207957;-1.57687;-0.87368;10.0518;1.5326;
5.99303;-0.244472;0.125246;-10.6936;-0.000911627;0.00271809;-0.0100295;0;0;0;0;0;0;0;0;0;0;0;0;0;-0;-0;0;0;0;
5.99405;-0.243409;0.124871;-10.6937;-0.000898321;0.00272727;-0.0101023;0.503669;-0.000482332;1.95998;0.0813282;0.140145;-0.020865;0;0;0;0;0;0;-0.503669;0.000482332;-1.95998;-1.0685;12.4913;0.277653;
5.99506;-0.242359;0.124483;-10.6937;-0.000885621;0.00271944;-0.0101876;0;0;0;0;0;0;0;0;0;0;0;0;0;-0;-0;0;0;0;
5.99601;-0.241371;0.124157;-10.6938;-0.000871987;0.00271281;-0.0102594;0.266;-0.0400304;1.04188;-0.0629678;0.0160553;0.0166929;0;0;0;0;0;0;-0.266;0.0400304;-1.04188;-0.465782;6.69875;0.376291;
5.99702;-0.240368;0.123785;-10.6939;-0.000855407;0.00270017;-0.0103355;2.07942;-1.36693;9.02891;0.329993;0.653474;0.0229327;0;0;0;0;0;0;-2.07942;1.36693;-9.02891;-5.01447;57.5592;9.86901;
5.99803;-0.239464;0.123474;-10.694;-0.00084256;0.00268265;-0.0104173;2.50332;5.85762;18.9568;-0.994535;0.345741;0.0244988;0;0;0;0;0;0;-2.50332;-5.85762;-18.9568;-7.96499;122.063;-36.6654;
5.99903;-0.23849;0.123133;-10.694;-0.000828602;0.00266037;-0.0105026;-4.4076;12.956;65.0366;-1.41491;0.0438772;-0.261577;0;0;0;0;0;0;4.4076;-12.956;-65.0366;-30.0399;421.217;-85.7902;
6.00005;-0.23736;0.122731;-10.6941;-0.000813508;0.00263649;-0.0105744;0.336459;0.0213949;1.31083;0.0551027;0.0937432;-0.0156736;0;0;0;0;0;0;-0.336459;-0.0213949;-1.31083;-0.71314;8.3542;0.0466918;
6.001;-0.236425;0.122354;-10.6941;-0.00080018;0.00261119;-0.0106403;0.0304929;0.000480462;0.118668;0.00494072;0.00848534;-0.00130392;0;0;0;0;0;0;-0.0304929;-0.000480462;-0.118668;-0.0646585;0.756297;0.0135525;
6.00202;-0.235303;0.121943;-10.6941;-0.000787524;0.00257369;-0.0106736;0;0;0;0;0;0;0;0;0;0;0;0;0;-0;-0;0;0;0;
6.00303;-0.23424;0.121557;-10.6941;-0.000775522;0.00253596;-0.0106981;0;0;0;0;0;0;0;0;0;0;0;0;0;-0;-0;0;0;0;
6.00404;-0.233183;0.121189;-10.694;-0.000766819;0.00249444;-0.0106972;0;0;0;0;0;0;0;0;0;0;0;0;0;-0;-0;0;0;0;
6.00504;-0.231723;0.120779;-10.6939;-0.000756716;0.00245465;-0.0106626;0.975087;-2.66699;8.25853;0.255478;0.628052;0.172657;0;0;0;0;0;0;-0.975087;2.66699;-8.25853;-4.68244;52.7108;17.5752;
6.00604;-0.230523;0.120356;-10.6938;-0.00075214;0.00241076;-0.0106146;0.376577;-0.580847;2.20738;0.0726056;0.164076;0.0307881;0;0;0;0;0;0;-0.376577;0.580847;-2.20738;-1.24262;14.081;3.91723;
6.00704;-0.229334;0.119928;-10.6936;-0.000749866;0.00236749;-0.0105558;2.08048;-1.6718;9.5808;0.350559;0.442806;0.0305513;0;0;0;0;0;0;-2.08048;1.6718;-9.5808;-5.34359;61.3408;11.8346;
6.00805;-0.22825;0.119488;-10.6934;-0.000751147;0.00232224;-0.0104868;1.95868;-5.33569;23.6834;1.04849;-0.563182;-0.0367707;0;0;0;0;0;0;-1.95868;5.33569;-23.6834;-13.5118;153.609;35.5477;
6.00906;-0.227282;0.119075;-10.6932;-0.000755276;0.00228104;-0.0104044;0;0;0;0;0;0;0;0;0;0;0;0;0;-0;-0;0;0;0;
6.01001;-0.226614;0.11884;-10.6931;-0.000763476;0.00224121;-0.0103215;0;0;0;0;0;0;0;0;0;0;0;0;0;-0;-0;0;0;0;
6.01102;-0.225648;0.118518;-10.6928;-0.00077218;0.0022015;-0.010217;5.81602;1.41391;67.7016;-0.581368;0.916132;0.055272;0;0;0;0;0;0;-5.81602;-1.41391;-67.7016;-33.3739;436.562;-6.27476;
6.01203;-0.225148;0.118269;-10.6925;-0.000784427;0.00216424;-0.0101054;-4.40617;3.45927;56.0891;-0.570208;-0.190159;0.00828075;0;0;0;0;0;0;4.40617;-3.45927;-56.0891;-27.3313;363.556;-24.6105;
6.01304;-0.224491;0.118033;-10.6923;-0.000798284;0.00212969;-0.00998646;0;0;0;0;0;0;0;0;0;0;0;0;0;-0;-0;0;0;0;
6.01405;-0.223774;0.117756;-10.6921;-0.000814192;0.00209849;-0.00986559;0;0;0;0;0;0;0;0;0;0;0;0;0;-0;-0;0;0;0;
6.01505;-0.223335;0.117563;-10.6919;-0.000833815;0.00206775;-0.0097633;0;0;0;0;0;0;0;0;0;0;0;0;0;-0;-0;0;0;0;
6.01601;-0.223117;0.117401;-10.6918;-0.000851163;0.00204466;-0.00967664;0.552611;-0.928872;3.3957;0.204491;-0.204411;-0.0891938;0;0;0;0;0;0;-0.552611;0.928872;-3.3957;-2.00791;22.1207;6.37775;
6.01702;-0.223189;0.117316;-10.6916;-0.000875911;0.00201824;-0.00961017;0.416395;0.0637733;1.63134;-0.0956898;0.0251415;0.0234417;0;0;0;0;0;0;-0.416395;-0.0637733;-1.63134;-0.719517;10.4886;-0.226372;
6.01803;-0.223303;0.117209;-10.6916;-0.000895029;0.00200282;-0.00955323;0;0;0;0;0;0;0;0;0;0;0;0;0;-0;-0;0;0;0;
6.01904;-0.223041;0.117125;-10.6914;-0.00091789;0.00197769;-0.0094775;-8.07476;17.8123;100.462;-1.86376;-0.159773;-0.307455;0;0;0;0;0;0;8.07476;-17.8123;-100.462;-46.9455;651.008;-119.014;
6.02004;-0.222743;0.11691;-10.6913;-0.000934957;0.00196159;-0.0094195;0;0;0;0;0;0;0;0;0;0;0;0;0;-0;-0;0;0;0;
6.02104;-0.222425;0.116817;-10.6912;-0.000950644;0.00194337;-0.00935955;9.20072;1.40916;60.0332;-1.31058;0.337384;0.207102;0;0;0;0;0;0;-9.20072;-1.40916;-60.0332;-28.7831;387.182;-4.69117;
6.02204;-0.222226;0.11676;-10.6911;-0.000965414;0.00192359;-0.00931248;-2.26171;4.72753;39.0239;-0.393209;-0.805622;-0.0870682;0;0;0;0;0;0;2.26171;-4.72753;-39.0239;-18.7864;253.536;-31.6414;
6.02305;-0.221376;0.11669;-10.691;-0.000974395;0.00190478;-0.00924526;0;0;0;0;0;0;0;0;0;0;0;0;0;-0;-0;0;0;0;
6.02404;-0.220385;0.116596;-10.6906;-0.00097941;0.00187704;-0.0091794;0;0;0;0;0;0;0;0;0;0;0;0;0;-0;-0;0;0;0;
6.02502;-0.219295;0.116556;-10.6903;-0.00098232;0.00185255;-0.00911239;4.93044;-2.87591;65.4986;0.712676;0.387673;-0.10884;0;0;0;0;0;0;-4.93044;2.87591;-65.4986;-33.989;422.924;21.2005;
6.02601;-0.218158;0.116461;-10.6901;-0.000980706;0.00182704;-0.00904153;0.086152;0.00240105;0.335328;0.0211002;-0.02049;-0.00527433;0;0;0;0;0;0;-0.086152;-0.00240105;-0.335328;-0.189744;2.18157;0.0331281;
6.02701;-0.216769;0.116387;-10.6897;-0.000978807;0.00179975;-0.00896605;2.86816;-1.90994;12.485;0.455689;0.903839;0.0335833;0;0;0;0;0;0;-2.86816;1.90994;-12.485;-6.93533;79.5924;13.7692;
6.02803;-0.215712;0.116377;-10.6893;-0.000973386;0.00177299;-0.008918;0;0;0;0;0;0;0;0;0;0;0;0;0;-0;-0;0;0;0;
6.02904;-0.215016;0.116372;-10.6891;-0.000966356;0.00175412;-0.00889537;0;0;0;0;0;0;0;0;0;0;0;0;0;-0;-0;0;0;0;
6.03005;-0.214605;0.116354;-10.6889;-0.000956054;0.00173762;-0.00890733;0;0;0;0;0;0;0;0;0;0;0;0;0;-0;-0;0;0;0;
6.03106;-0.214478;0.116325;-10.6888;-0.000945171;0.00172482;-0.00893796;0;0;0;0;0;0;0;0;0;0;0;0;0;-0;-0;0;0;0;
6.032;-0.214875;0.116331;-10.6887;-0.000934825;0.00171623;-0.00901132;3.32393;-0.25136;12.9562;0.0244889;0.645557;0.00644704;0;0;0;0;0;0;-3.32393;0.25136;-12.9562;-6.57499;82.8536;3.29404;
6.03301;-0.215441;0.116309;-10.6887;-0.000921693;0.00171199;-0.00911778;1.90058;0.00979785;7.39618;0.00222094;0.359377;-0.00156415;0;0;0;0;0;0;-1.90058;-0.00979785;-7.39618;-3.72626;47.3067;0.895378;
6.03402;-0.216484;0.116269;-10.6889;-0.000906898;0.00171177;-0.0092601;0.571625;0.0107014;2.22465;0.0989106;-0.168098;-0.0246066;0;0;0;0;0;0;-0.571625;-0.0107014;-2.22465;-1.21826;14.5052;0.243258;
6.03503;-0.217695;0.116242;-10.689;-0.000891337;0.00171409;-0.00941188;0.87621;2.75109;8.24235;-0.427729;0.155211;-0.00633542;0;0;0;0;0;0;-0.87621;-2.75109;-8.24235;-3.44738;53.0887;-17.3532;
6.03605;-0.218704;0.116177;-10.6893;-0.000871669;0.00172452;-0.00955224;0.958132;0.204185;3.77717;0.163452;0.270486;-0.0560837;0;0;0;0;0;0;-0.958132;-0.204185;-3.77717;-2.0453;24.0734;-0.782531;
6.03706;-0.219499;0.115977;-10.6894;-0.000851848;0.00172466;-0.00968002;0;0;0;0;0;0;0;0;0;0;0;0;0;-0;-0;0;0;0;
6.038;-0.220065;0.115776;-10.6896;-0.000833002;0.00173007;-0.00976747;0;0;0;0;0;0;0;0;0;0;0;0;0;-0;-0;0;0;0;
6.03901;-0.220175;0.115403;-10.6899;-0.000807925;0.00173815;-0.00980395;0;0;0;0;0;0;0;0;0;0;0;0;0;-0;-0;0;0;0;
6.04002;-0.219563;0.115027;-10.6898;-0.000791427;0.00173656;-0.00978866;4.11171;-2.65311;17.8312;0.526238;1.09676;0.055753;0;0;0;0;0;0;-4.11171;2.65311;-17.8312;-9.77299;113.866;19.182;
6.04102;-0.219078;0.11463;-10.69;-0.000778066;0.0017391;-0.0097476;0;0;0;0;0;0;0;0;0;0;0;0;0;-0;-0;0;0;0;
6.04203;-0.218109;0.114131;-10.69;-0.000767768;0.00173688;-0.00965617;2.41095;1.64773;10.5496;-0.590455;0.169073;0.108532;0;0;0;0;0;0;-2.41095;-1.64773;-10.5496;-4.55742;67.8499;-9.55587;
6.04304;-0.216821;0.11352;-10.69;-0.000759309;0.00173695;-0.0095473;0.339221;-0.0482505;1.32776;0.0829914;-0.0811142;-0.0241505;0;0;0;0;0;0;-0.339221;0.0482505;-1.32776;-0.756551;8.63833;0.5072;
6.04403;-0.215627;0.112884;-10.69;-0.00075855;0.00173743;-0.00944232;-1.47805;2.13595;23.3727;-0.212666;-0.515045;-0.045293;0;0;0;0;0;0;1.47805;-2.13595;-23.3727;-11.3444;151.895;-14.5197;
6.04503;-0.214592;0.112216;-10.6901;-0.00076273;0.00173973;-0.00934704;0;0;0;0;0;0;0;0;0;0;0;0;0;-0;-0;0;0;0;
6.04603;-0.213364;0.111453;-10.6902;-0.000769472;0.0017469;-0.00924346;3.94872;-0.268091;71.9032;-0.983581;-0.0525173;0.385536;0;0;0;0;0;0;-3.94872;0.268091;-71.9032;-35.2568;464.903;3.33788;
6.04704;-0.212674;0.110725;-10.6904;-0.000779591;0.0017536;-0.00918893;0;0;0;0;0;0;0;0;0;0;0;0;0;-0;-0;0;0;0;
6.04805;-0.212346;0.110037;-10.6907;-0.000793515;0.00176417;-0.00916306;3.65321;3.11192;16.8611;-0.579589;0.468832;0.0387052;0;0;0;0;0;0;-3.65321;-3.11192;-16.8611;-7.60008;108.263;-18.3344;
6.04901;-0.212172;0.109347;-10.691;-0.000806143;0.00177683;-0.00916066;5.09338;-5.36722;25.6199;1.04093;1.02436;0.090027;0;0;0;0;0;0;-5.09338;5.36722;-25.6199;-14.4828;164.237;37.2036;
6.05002;-0.211974;0.108631;-10.6913;-0.000820581;0.00178916;-0.00916583;1.408;0.293187;5.54746;-0.323643;0.0856912;0.0776153;0;0;0;0;0;0;-1.408;-0.293187;-5.54746;-2.44087;35.6677;-1.26554;
6.05102;-0.212078;0.107968;-10.6917;-0.000833304;0.00180242;-0.00918951;0;0;0;0;0;0;0;0;0;0;0;0;0;-0;-0;0;0;0;
6.05202;-0.211934;0.107334;-10.692;-0.000840962;0.00181027;-0.00920145;-14.9088;6.48323;98.584;-0.744547;-0.0237745;-0.126604;0;0;0;0;0;0;14.9088;-6.48323;-98.584;-48.2559;639.403;-49.3316;
6.05301;-0.211223;0.106658;-10.6923;-0.000842328;0.001815;-0.00917231;0.101343;0.0717368;0.446732;0.020357;-0.0336609;0.000787232;0;0;0;0;0;0;-0.101343;-0.0717368;-0.446732;-0.238152;2.91406;-0.413916;
6.05402;-0.210411;0.106012;-10.6925;-0.000840001;0.00181563;-0.00912041;2.77045;-0.274831;10.8117;-0.65018;0.166402;0.170836;0;0;0;0;0;0;-2.77045;0.274831;-10.8117;-4.82261;69.5119;3.00277;
6.05502;-0.209625;0.105431;-10.6927;-0.000832764;0.00180722;-0.00906404;-6.63277;-3.20154;28.5116;0.308076;-0.64227;0.0735454;0;0;0;0;0;0;6.63277;3.20154;-28.5116;-14.989;185.791;17.3014;
6.05603;-0.20824;0.104825;-10.6928;-0.000820484;0.00179329;-0.0089639;5.66593;9.62185;37.6965;-1.42949;0.155358;-0.0437439;0;0;0;0;0;0;-5.66593;-9.62185;-37.6965;-16.5905;243.189;-59.3604;
6.05703;-0.207106;0.104271;-10.6929;-0.000804487;0.00177562;-0.00887468;0;0;0;0;0;0;0;0;0;0;0;0;0;-0;-0;0;0;0;
6.05804;-0.20579;0.103729;-10.6929;-0.000786433;0.00175424;-0.0087876;0.518626;-0.05547;2.02487;0.0895609;-0.152993;-0.0271303;0;0;0;0;0;0;-0.518626;0.05547;-2.02487;-1.11494;13.2028;0.647249;
6.05905;-0.204592;0.103208;-10.6928;-0.000768523;0.00173044;-0.00872562;0;0;0;0;0;0;0;0;0;0;0;0;0;-0;-0;0;0;0;
6.06;-0.203531;0.1028;-10.6927;-0.00075119;0.00170532;-0.00868062;0.0516655;-0.576486;1.49348;0.0431246;0.117654;0.0439228;0;0;0;0;0;0;-0.0516655;0.576486;-1.49348;-0.853155;9.54065;3.71222;
6.06102;-0.202567;0.102471;-10.6926;-0.000736984;0.00167479;-0.00865183;1.53343;-0.861931;6.48252;0.240865;0.467839;0.00522867;0;0;0;0;0;0;-1.53343;0.861931;-6.48252;-3.59224;41.3231;6.34416;
6.06203;-0.201858;0.102245;-10.6924;-0.000724437;0.00164208;-0.00864086;0;0;0;0;0;0;0;0;0;0;0;0;0;-0;-0;0;0;0;
6.06304;-0.20079;0.101989;-10.6923;-0.000708763;0.00161155;-0.00861896;0.243649;-0.0685304;0.986429;0.0603776;-0.0557444;-0.0176586;0;0;0;0;0;0;-0.243649;0.0685304;-0.986429;-0.564064;6.41394;0.583794;
6.06405;-0.200007;0.101822;-10.692;-0.000697388;0.00158061;-0.00860679;0.150199;-0.000740026;0.58449;0.0242363;0.0417923;-0.00617522;0;0;0;0;0;0;-0.150199;0.000740026;-0.58449;-0.318685;3.72505;0.0866105;
6.06505;-0.199316;0.101699;-10.6918;-0.000687606;0.00154872;-0.00859581;0;0;0;0;0;0;0;0;0;0;0;0;0;-0;-0;0;0;0;
6.066;-0.198747;0.10163;-10.6916;-0.000679254;0.00152088;-0.0085836;1.05628;-4.75993;16.4026;0.797792;-0.133328;0.00322753;0;0;0;0;0;0;-1.05628;4.75993;-16.4026;-9.53652;106.16;31.3277;
6.06701;-0.198062;0.101526;-10.6914;-0.000671543;0.00149012;-0.0085675;0.213172;-0.271251;2.47126;0.152714;-0.146947;-0.0293024;0;0;0;0;0;0;-0.213172;0.271251;-2.47126;-1.42457;16.1157;1.89178;
6.06803;-0.197531;0.101412;-10.6913;-0.000666247;0.00146424;-0.00855998;0.234555;0.119443;0.978097;0.0445068;0.0704849;-0.0192806;0;0;0;0;0;0;-0.234555;-0.119443;-0.978097;-0.525134;6.23471;-0.635438;
6.06904;-0.197144;0.101247;-10.6911;-0.000662311;0.00143818;-0.00855686;0;0;0;0;0;0;0;0;0;0;0;0;0;-0;-0;0;0;0;
6.07005;-0.196976;0.101079;-10.691;-0.000662037;0.0014153;-0.00856873;-3.28785;-1.46732;5.70966;0.24321;-0.397605;0.0378696;0;0;0;0;0;0;3.28785;1.46732;-5.70966;-3.26609;37.6716;7.80045;
6.071;-0.197112;0.100907;-10.691;-0.000664958;0.0013985;-0.00859679;-2.86132;-1.36834;5.88309;0.251617;-0.413434;0.0262174;0;0;0;0;0;0;2.86132;1.36834;-5.88309;-3.35191;38.7668;7.38649;
6.07202;-0.197239;0.100669;-10.6909;-0.000669672;0.0013825;-0.00862614;4.56443;-0.501562;17.8241;-1.07299;0.274404;0.282496;0;0;0;0;0;0;-4.56443;0.501562;-17.8241;-7.95436;114.598;5.26169;
6.07303;-0.197348;0.10033;-10.691;-0.000672947;0.00137097;-0.00866208;1.37509;-0.352507;5.45176;0.339263;-0.332898;-0.107097;0;0;0;0;0;0;-1.37509;0.352507;-5.45176;-3.12039;35.4703;3.08053;
6.07404;-0.19771;0.100035;-10.691;-0.000683109;0.00135707;-0.00870105;0;0;0;0;0;0;0;0;0;0;0;0;0;-0;-0;0;0;0;
6.07505;-0.198286;0.0997083;-10.691;-0.00069321;0.00134778;-0.00875279;1.61656;-0.522075;6.47718;0.402079;-0.395342;-0.132215;0;0;0;0;0;0;-1.61656;0.522075;-6.47718;-3.71667;42.1434;4.32445;
6.07606;-0.198793;0.0993494;-10.691;-0.000702493;0.00133904;-0.00879516;-5.78106;-2.23156;9.73322;0.416511;-0.676558;0.092271;0;0;0;0;0;0;5.78106;2.23156;-9.73322;-5.54253;64.235;11.4353;
6.07701;-0.199068;0.0989354;-10.6911;-0.000710005;0.00133144;-0.00882076;2.9368;8.37237;25.6556;-1.33572;0.478393;-0.00321705;0;0;0;0;0;0;-2.9368;-8.37237;-25.6556;-10.7455;165.23;-52.6907;
6.07802;-0.199664;0.0985245;-10.6911;-0.000717944;0.0013223;-0.00885578;0;0;0;0;0;0;0;0;0;0;0;0;0;-0;-0;0;0;0;
6.07904;-0.200115;0.0981107;-10.6912;-0.000723245;0.00131723;-0.00887783;0;0;0;0;0;0;0;0;0;0;0;0;0;-0;-0;0;0;0;
6.08005;-0.200186;0.0976312;-10.6911;-0.000724847;0.00130775;-0.00888828;-7.40051;-4.98794;14.7438;0.878638;-0.793191;0.172682;0;0;0;0;0;0;7.40051;4.98794;-14.7438;-8.80479;96.9346;28.3743;
6.081;-0.200424;0.0971796;-10.6912;-0.000725308;0.00129922;-0.0088917;0.209128;-0.0453074;0.832243;-0.0105327;-0.012136;0.0031573;0;0;0;0;0;0;-0.209128;0.0453074;-0.832243;-0.413169;5.37614;0.395328;
6.08202;-0.200389;0.0966881;-10.6912;-0.000721243;0.00129358;-0.00889318;2.04771;-0.718472;8.24626;0.318778;0.591952;-0.0275838;0;0;0;0;0;0;-2.04771;0.718472;-8.24626;-4.54406;52.5596;5.70774;
6.08303;-0.200148;0.0961751;-10.6912;-0.000715916;0.0012812;-0.00888354;0;0;0;0;0;0;0;0;0;0;0;0;0;-0;-0;0;0;0;
6.08404;-0.199887;0.0956897;-10.6912;-0.000707136;0.00126984;-0.0088629;0;0;0;0;0;0;0;0;0;0;0;0;0;-0;-0;0;0;0;
6.08505;-0.199505;0.0952074;-10.6912;-0.000696343;0.0012556;-0.00883773;-5.94558;-3.92775;11.7427;0.700225;-0.631228;0.143403;0;0;0;0;0;0;5.94558;3.92775;-11.7427;-7.00853;77.2085;22.2764;
6.08605;-0.198816;0.0947175;-10.6912;-0.000681854;0.00124351;-0.00880537;0;0;0;0;0;0;0;0;0;0;0;0;0;-0;-0;0;0;0;
6.08704;-0.197933;0.0942194;-10.6911;-0.000664716;0.00122753;-0.00875974;0;0;0;0;0;0;0;0;0;0;0;0;0;-0;-0;0;0;0;
6.08804;-0.196741;0.0936746;-10.6911;-0.000644655;0.00120846;-0.0087075;0;0;0;0;0;0;0;0;0;0;0;0;0;-0;-0;0;0;0;
6.08906;-0.195901;0.0931947;-10.6911;-0.000626462;0.00118874;-0.0086761;0;0;0;0;0;0;0;0;0;0;0;0;0;-0;-0;0;0;0;
6.09001;-0.19528;0.09277;-10.6912;-0.000610025;0.00116898;-0.00866346;1.00455;3.65782;10.6347;-0.549378;0.203187;-0.0179922;0;0;0;0;0;0;-1.00455;-3.65782;-10.6347;-4.4397;68.5074;-23.1438;
6.09103;-0.194529;0.0922757;-10.6913;-0.000589797;0.00115493;-0.0086568;0;0;0;0;0;0;0;0;0;0;0;0;0;-0;-0;0;0;0;
6.09205;-0.193874;0.091792;-10.6913;-0.000573918;0.00113494;-0.00866981;2.99946;9.39893;50.0951;-1.78728;0.417925;-0.0169449;0;0;0;0;0;0;-2.99946;-9.39893;-50.0951;-22.4998;323.419;-59.2877;
6.09301;-0.19325;0.0913384;-10.6914;-0.00055842;0.00111908;-0.00869242;-2.78067;-0.887055;26.7129;0.103807;-0.0446991;0.0272335;0;0;0;0;0;0;2.78067;0.887055;-26.7129;-13.6466;173.168;4.31193;
6.09402;-0.192609;0.0908306;-10.6915;-0.000544287;0.00110172;-0.00871987;0;0;0;0;0;0;0;0;0;0;0;0;0;-0;-0;0;0;0;
6.09504;-0.192226;0.0903794;-10.6916;-0.000534415;0.00108506;-0.00876974;0;0;0;0;0;0;0;0;0;0;0;0;0;-0;-0;0;0;0;
6.096;-0.191682;0.0899242;-10.6917;-0.000525592;0.00106855;-0.00881071;0;0;0;0;0;0;0;0;0;0;0;0;0;-0;-0;0;0;0;
6.09702;-0.191382;0.0894583;-10.6917;-0.000519385;0.00104848;-0.00886276;-15.6669;-5.19218;64.6651;0.763871;-0.965301;0.0602982;0;0;0;0;0;0;15.6669;5.19218;-64.6651;-33.8532;420.949;25.6448;
6.09803;-0.190833;0.0889655;-10.6917;-0.000515153;0.00102864;-0.00891046;5.27461;3.93624;25.004;-0.910923;-0.0108084;0.0724702;0;0;0;0;0;0;-5.27461;-3.93624;-25.004;-11.2873;161.269;-22.8851;
6.09905;-0.190296;0.0884351;-10.6917;-0.000513909;0.00100754;-0.00895149;0;0;0;0;0;0;0;0;0;0;0;0;0;-0;-0;0;0;0;
6.1;-0.189405;0.0878791;-10.6916;-0.00051434;0.00098294;-0.00895839;1.92916;-0.256676;7.54557;-0.45525;0.116245;0.120347;0;0;0;0;0;0;-1.92916;0.256676;-7.54557;-3.37081;48.5133;2.51207;
6.10102;-0.18873;0.0873282;-10.6914;-0.000519829;0.000956052;-0.00897072;-9.22699;-2.983;28.6097;0.101097;-0.987797;0.147024;0;0;0;0;0;0;9.22699;2.983;-28.6097;-14.8096;187.031;14.5072;
6.10203;-0.18774;0.0867299;-10.6913;-0.00052723;0.000929644;-0.00896329;0;0;0;0;0;0;0;0;0;0;0;0;0;-0;-0;0;0;0;
6.10304;-0.186523;0.0860624;-10.691;-0.000536233;0.000898962;-0.00893194;0;0;0;0;0;0;0;0;0;0;0;0;0;-0;-0;0;0;0;
6.10404;-0.185107;0.0853586;-10.6907;-0.000546565;0.000868719;-0.00887957;2.561;-0.0441659;9.96673;0.442438;-0.753136;-0.117024;0;0;0;0;0;0;-2.561;0.0441659;-9.96673;-5.46658;64.9853;1.69264;
6.10504;-0.183555;0.0846251;-10.6904;-0.000558463;0.000837186;-0.00880696;-20.8759;10.7132;114.697;-1.53737;-0.52773;-0.0740251;0;0;0;0;0;0;20.8759;-10.7132;-114.697;-55.1542;744.761;-79.7591;
6.10604;-0.181459;0.0837881;-10.69;-0.000566012;0.000808813;-0.00870322;0.600241;-2.86533;8.07893;0.247735;0.590681;0.199778;0;0;0;0;0;0;-0.600241;2.86533;-8.07893;-4.60419;51.6233;18.6425;
6.10706;-0.179784;0.0830226;-10.6897;-0.000577922;0.000778083;-0.00860264;2.72708;20.1307;61.3003;-2.22341;0.377528;-0.383628;0;0;0;0;0;0;-2.72708;-20.1307;-61.3003;-26.6303;395.989;-128.497;
6.108;-0.178095;0.0822757;-10.6894;-0.00058653;0.000750326;-0.00849316;2.40892;-1.13717;10.794;-0.102807;-0.322496;0.0334214;0;0;0;0;0;0;-2.40892;1.13717;-10.794;-5.44765;69.9224;8.53781;
6.109;-0.176294;0.0814957;-10.6892;-0.000591186;0.000729626;-0.00837468;0;0;0;0;0;0;0;0;0;0;0;0;0;-0;-0;0;0;0;
6.11001;-0.174216;0.0806766;-10.6889;-0.000594352;0.000704671;-0.00824054;1.22579;1.05768;38.2051;-0.151301;-0.586265;0.0526223;0;0;0;0;0;0;-1.22579;-1.05768;-38.2051;-18.9845;247.667;-6.27893;
6.11102;-0.17282;0.0799401;-10.6888;-0.000596735;0.000687919;-0.00812872;0;0;0;0;0;0;0;0;0;0;0;0;0;-0;-0;0;0;0;
6.11204;-0.171423;0.079223;-10.6887;-0.000594767;0.000674958;-0.00802272;1.12532;2.07892;7.30855;-0.387529;0.129662;0.0227864;0;0;0;0;0;0;-1.12532;-2.07892;-7.30855;-3.0848;47.0469;-12.9076;
6.11305;-0.170314;0.0785295;-10.6887;-0.000591121;0.000664999;-0.00793114;0.567722;0.00423363;2.20927;0.138896;-0.135008;-0.0354337;0;0;0;0;0;0;-0.567722;-0.00423363;-2.20927;-1.25116;14.373;0.293972;
6.114;-0.169273;0.077881;-10.6888;-0.000584631;0.000659424;-0.00784649;0;0;0;0;0;0;0;0;0;0;0;0;0;-0;-0;0;0;0;
6.11501;-0.168452;0.0772463;-10.6889;-0.000577535;0.000654806;-0.00777689;0.329468;-0.0160269;1.28297;0.0568778;-0.0969469;-0.0158173;0;0;0;0;0;0;-0.329468;0.0160269;-1.28297;-0.704652;8.36527;0.285454;
6.11601;-0.167826;0.0766414;-10.689;-0.000569479;0.000653761;-0.00771973;-0.691557;1.5492;23.2263;-0.186039;-0.238241;-0.166773;0;0;0;0;0;0;0.691557;-1.5492;-23.2263;-11.3564;150.592;-10.2055;
6.11701;-0.167429;0.0760697;-10.6892;-0.000561332;0.000656561;-0.00768357;0;0;0;0;0;0;0;0;0;0;0;0;0;-0;-0;0;0;0;
6.11805;-0.167153;0.0754798;-10.6895;-0.000552482;0.000662215;-0.00765863;-5.39003;-14.6247;49.3315;1.68871;-0.102759;0.241887;0;0;0;0;0;0;5.39003;14.6247;-49.3315;-28.002;319.84;91.6715;
6.11904;-0.167039;0.0749623;-10.6898;-0.000545077;0.000669686;-0.00765307;0;0;0;0;0;0;0;0;0;0;0;0;0;-0;-0;0;0;0;
6.12002;-0.167177;0.074479;-10.6902;-0.00053911;0.000680384;-0.00766872;0.170613;-1.1769;3.1486;0.0921918;0.246018;0.0869621;0;0;0;0;0;0;-0.170613;1.1769;-3.1486;-1.79608;20.1097;7.61403;
6.12102;-0.167504;0.0740263;-10.6905;-0.000533895;0.00069086;-0.00771014;0;0;0;0;0;0;0;0;0;0;0;0;0;-0;-0;0;0;0;
6.12204;-0.168022;0.0736359;-10.6908;-0.00053345;0.000697715;-0.00777088;-4.7595;-5.03998;24.3539;1.04597;-1.76191;-0.160207;0;0;0;0;0;0;4.7595;5.03998;-24.3539;-13.8175;159.82;30.3739;
6.12305;-0.168844;0.0732971;-10.6912;-0.000532008;0.000712278;-0.00786237;-4.06708;-14.3739;42.7697;1.54237;-0.311926;0.332591;0;0;0;0;0;0;4.06708;14.3739;-42.7697;-24.5256;277.459;90.6241;
6.12401;-0.169904;0.0730564;-10.6916;-0.000534336;0.000723421;-0.00797514;2.2016;-0.657582;9.36681;0.166599;-0.314115;-0.0378966;0;0;0;0;0;0;-2.2016;0.657582;-9.36681;-4.95017;60.7005;5.40157;
6.12502;-0.171173;0.0728333;-10.6921;-0.000536926;0.000738198;-0.00811419;5.65476;4.61363;25.7962;-0.692354;0.824452;0.00345969;0;0;0;0;0;0;-5.65476;-4.61363;-25.7962;-11.8369;165.52;-27.0076;
6.12604;-0.172624;0.0726483;-10.6925;-0.000539915;0.000750861;-0.00827647;3.05577;2.57546;14.0611;-0.660729;0.293581;0.0896672;0;0;0;0;0;0;-3.05577;-2.57546;-14.0611;-6.16271;90.3814;-15.215;
6.12705;-0.174258;0.0725066;-10.6929;-0.000543067;0.000762731;-0.00845176;-2.02785;-1.8471;7.99363;0.341949;-0.575001;-0.0461198;0;0;0;0;0;0;2.02785;1.8471;-7.99363;-4.55328;52.5007;10.9763;
6.12801;-0.175696;0.0723969;-10.6934;-0.000543396;0.000775419;-0.00861065;0;0;0;0;0;0;0;0;0;0;0;0;0;-0;-0;0;0;0;
6.12902;-0.176997;0.0722719;-10.6938;-0.000540567;0.000787247;-0.00876206;2.0048;-2.06804;9.83156;0.340447;0.720022;0.0820324;0;0;0;0;0;0;-2.0048;2.06804;-9.83156;-5.49962;62.6932;14.3088;
6.13004;-0.178096;0.0721832;-10.6941;-0.000536112;0.000793389;-0.00888949;0;0;0;0;0;0;0;0;0;0;0;0;0;-0;-0;0;0;0;
6.13104;-0.178988;0.0721139;-10.6944;-0.000528594;0.000797633;-0.00898654;0.540829;0.0212151;2.10552;-0.124901;0.0323835;0.0317562;0;0;0;0;0;0;-0.540829;-0.0212151;-2.10552;-0.933413;13.537;0.103361;
6.13205;-0.179518;0.0720402;-10.6947;-0.000519167;0.000796818;-0.00904103;-2.53229;3.29287;19.5667;-0.225584;-0.333248;-0.102371;0;0;0;0;0;0;2.53229;-3.29287;-19.5667;-9.29874;127.192;-22.4793;
6.13306;-0.179414;0.0719065;-10.6948;-0.000506967;0.000794111;-0.00904173;0.826207;-6.87093;19.199;0.836114;0.234176;0.107314;0;0;0;0;0;0;-0.826207;6.87093;-19.199;-11.1951;123.909;44.7667;
6.13401;-0.17904;0.0717707;-10.6949;-0.000496729;0.000787966;-0.00900727;0.251265;-0.0832244;1.00823;0.0391299;0.0723439;-0.0037801;0;0;0;0;0;0;-0.251265;0.0832244;-1.00823;-0.555276;6.42614;0.668827;
6.13503;-0.178201;0.071598;-10.6948;-0.000487069;0.000776263;-0.00892831;-9.33962;-8.68856;22.1023;1.24816;-0.931986;0.168081;0;0;0;0;0;0;9.33962;8.68856;-22.1023;-13.2518;144.881;51.3468;
6.13604;-0.17696;0.0713482;-10.6947;-0.000479998;0.000761886;-0.00881647;0;0;0;0;0;0;0;0;0;0;0;0;0;-0;-0;0;0;0;
6.13705;-0.175674;0.0710993;-10.6945;-0.00047591;0.000746405;-0.00869083;-0.143483;-0.300263;1.53609;0.0936512;-0.0886852;-0.00858779;0;0;0;0;0;0;0.143483;0.300263;-1.53609;-0.89743;10.0422;1.87915;
6.13806;-0.174177;0.0708383;-10.6943;-0.000473084;0.000732357;-0.00855684;0;0;0;0;0;0;0;0;0;0;0;0;0;-0;-0;0;0;0;
6.13901;-0.172652;0.0705664;-10.6941;-0.000472852;0.000719257;-0.0084203;0.833207;-0.414483;3.46434;0.130247;0.249562;-0.00146737;0;0;0;0;0;0;-0.833207;0.414483;-3.46434;-1.91665;22.0826;3.10299;
6.14002;-0.171102;0.0702931;-10.6938;-0.000474835;0.000703942;-0.00828105;2.77898;-0.648323;10.9831;0.434713;0.786707;-0.063554;0;0;0;0;0;0;-2.77898;0.648323;-10.9831;-6.03139;69.9996;5.65811;
6.14104;-0.16958;0.0700131;-10.6936;-0.000477686;0.000691078;-0.00814599;0;0;0;0;0;0;0;0;0;0;0;0;0;-0;-0;0;0;0;
6.14205;-0.168168;0.069744;-10.6935;-0.000481569;0.000680906;-0.00802636;1.13968;0.95966;5.24217;-0.290156;0.0853753;0.0474523;0;0;0;0;0;0;-1.13968;-0.95966;-5.24217;-2.25377;33.7193;-5.68286;
6.14301;-0.167002;0.0695147;-10.6934;-0.000484773;0.000672578;-0.00793441;0.939537;-0.597935;4.05474;0.148755;0.293261;0.00877738;0;0;0;0;0;0;-0.939537;0.597935;-4.05474;-2.25093;25.8484;4.33331;
6.14403;-0.165484;0.0691909;-10.6932;-0.000487231;0.000665436;-0.00783153;-6.97652;-17.0102;41.4228;1.96731;-0.242673;0.316554;0;0;0;0;0;0;6.97652;17.0102;-41.4228;-24.5367;268.965;106.233;
6.14505;-0.164308;0.0689263;-10.6932;-0.000490047;0.000660932;-0.00775938;0;0;0;0;0;0;0;0;0;0;0;0;0;-0;-0;0;0;0;
6.14601;-0.163313;0.0686949;-10.6932;-0.000492876;0.000657552;-0.00770153;6.68151;10.3256;39.677;-2.06484;0.638579;0.155024;0;0;0;0;0;0;-6.68151;-10.3256;-39.677;-16.8824;255.418;-63.6012;
6.14703;-0.162498;0.0684609;-10.6932;-0.000494641;0.000657296;-0.00765943;0;0;0;0;0;0;0;0;0;0;0;0;0;-0;-0;0;0;0;
6.14805;-0.161638;0.0682322;-10.6933;-0.00049293;0.000662394;-0.00762246;0;0;0;0;0;0;0;0;0;0;0;0;0;-0;-0;0;0;0;
6.149;-0.160642;0.0680213;-10.6933;-0.000492558;0.000663813;-0.00758047;8.87882;-0.469353;34.5843;-0.860061;1.12514;0.229879;0;0;0;0;0;0;-8.87882;0.469353;-34.5843;-16.6055;221.759;7.27886;
6.15001;-0.160068;0.0678416;-10.6935;-0.000490179;0.000669778;-0.00756067;1.87225;-2.03717;9.36361;0.322048;0.686958;0.085063;0;0;0;0;0;0;-1.87225;2.03717;-9.36361;-5.24246;59.7117;14.0393;
6.15101;-0.15946;0.0676642;-10.6936;-0.000487632;0.000674984;-0.00753697;6.72005;7.41668;34.9502;-1.48872;0.326856;0.120751;0;0;0;0;0;0;-6.72005;-7.41668;-34.9502;-15.3698;225.142;-44.7252;
6.15202;-0.158792;0.0674563;-10.6938;-0.000482598;0.000681848;-0.00751078;1.36723;-0.733035;5.74056;0.214321;0.413973;0.00181714;0;0;0;0;0;0;-1.36723;0.733035;-5.74056;-3.17911;36.5926;5.42983;
6.15303;-0.157911;0.0672293;-10.694;-0.000474103;0.000688173;-0.00747181;0;0;0;0;0;0;0;0;0;0;0;0;0;-0;-0;0;0;0;
6.15403;-0.157035;0.0669835;-10.6941;-0.000464103;0.000691102;-0.00742112;0;0;0;0;0;0;0;0;0;0;0;0;0;-0;-0;0;0;0;
6.15505;-0.15598;0.0667053;-10.6942;-0.000451234;0.000695249;-0.00734958;9.30981;8.67548;44.1316;-1.07761;1.46757;-0.0617564;0;0;0;0;0;0;-9.30981;-8.67548;-44.1316;-20.2788;283.148;-51.3833;
6.156;-0.154895;0.0664024;-10.6944;-0.000436418;0.000700768;-0.00726715;0.747642;-0.0773616;2.9184;-0.175571;0.0449331;0.0461693;0;0;0;0;0;0;-0.747642;0.0773616;-2.9184;-1.30205;18.7633;0.830943;
6.157;-0.153662;0.0660438;-10.6946;-0.000419321;0.000703429;-0.00716373;0;0;0;0;0;0;0;0;0;0;0;0;0;-0;-0;0;0;0;
6.15806;-0.152563;0.0656318;-10.6947;-0.000401488;0.000705765;-0.00705729;-12.1436;6.7341;47.0323;-0.759525;-0.559079;-0.116625;0;0;0;0;0;0;12.1436;-6.7341;-47.0323;-22.2526;306.096;-49.572;
6.159;-0.151594;0.0652187;-10.6949;-0.000385895;0.0007113;-0.006963;0;0;0;0;0;0;0;0;0;0;0;0;0;-0;-0;0;0;0;
6.16001;-0.150788;0.0647687;-10.6951;-0.000372502;0.000718247;-0.0068796;0;0;0;0;0;0;0;0;0;0;0;0;0;-0;-0;0;0;0;
6.16102;-0.150247;0.0642863;-10.6953;-0.000362933;0.000725396;-0.00681976;0;0;0;0;0;0;0;0;0;0;0;0;0;-0;-0;0;0;0;
6.16203;-0.150061;0.0638136;-10.6956;-0.000357612;0.000734858;-0.00678629;2.85627;-2.1471;12.8565;0.504593;0.695321;0.0265639;0;0;0;0;0;0;-2.85627;2.1471;-12.8565;-7.19521;82.2047;15.3046;
6.16304;-0.150049;0.0633194;-10.6959;-0.000354258;0.000747521;-0.00676811;0;0;0;0;0;0;0;0;0;0;0;0;0;-0;-0;0;0;0;
6.16405;-0.150443;0.0628857;-10.6961;-0.00035721;0.000758516;-0.00677825;0.0592288;-0.0175515;0.236255;0.00923338;0.0169405;-0.00105628;0;0;0;0;0;0;-0.0592288;0.0175515;-0.236255;-0.129985;1.50578;0.144452;
6.165;-0.150683;0.0624274;-10.6964;-0.000361052;0.000771697;-0.00677723;13.3327;9.68971;59.1511;-1.30354;2.04946;-0.0464881;0;0;0;0;0;0;-13.3327;-9.68971;-59.1511;-27.5158;379.345;-55.9349;
6.166;-0.151239;0.0619546;-10.6966;-0.000369411;0.000780877;-0.00679022;0.0185739;-0.0077371;0.0757964;0.00331181;-0.00572121;-0.00139557;0;0;0;0;0;0;-0.0185739;0.0077371;-0.0757964;-0.0422632;0.494292;0.0608126;
6.16706;-0.151899;0.0614935;-10.6969;-0.000375675;0.000800789;-0.00681161;0;0;0;0;0;0;0;0;0;0;0;0;0;-0;-0;0;0;0;
6.168;-0.152254;0.061018;-10.6971;-0.000384478;0.000812286;-0.00681358;0;0;0;0;0;0;0;0;0;0;0;0;0;-0;-0;0;0;0;
6.16901;-0.152807;0.060528;-10.6973;-0.000394627;0.00082555;-0.00680573;0.82071;2.17642;6.79452;-0.354674;0.125734;0.00256585;0;0;0;0;0;0;-0.82071;-2.17642;-6.79452;-2.84901;43.7552;-13.6716;
6.17003;-0.153296;0.0600346;-10.6976;-0.000403965;0.000840343;-0.00677966;0;0;0;0;0;0;0;0;0;0;0;0;0;-0;-0;0;0;0;
6.17104;-0.153529;0.0595127;-10.6977;-0.000413333;0.000853944;-0.0067163;-7.20623;-0.686101;15.3168;0.0697017;-0.487612;0.0268835;0;0;0;0;0;0;7.20623;0.686101;-15.3168;-7.85288;100.317;0.783035;
6.17205;-0.153476;0.0589902;-10.6979;-0.000420176;0.000868414;-0.0066217;0.343674;-0.0843279;1.36046;-0.082953;0.0210587;0.0222606;0;0;0;0;0;0;-0.343674;0.0843279;-1.36046;-0.610709;8.74721;0.696468;
6.17306;-0.153528;0.0584939;-10.6981;-0.00042705;0.000882481;-0.00651944;-3.35898;-21.5702;56.6852;2.6195;0.000296843;0.316858;0;0;0;0;0;0;3.35898;21.5702;-56.6852;-33.3335;367.113;137.559;
6.17401;-0.153408;0.0580948;-10.6982;-0.000431879;0.000894088;-0.00640212;1.02644;-1.36246;5.62966;0.202542;0.341986;0.054388;0;0;0;0;0;0;-1.02644;1.36246;-5.62966;-3.17464;35.9812;9.27823;
6.17503;-0.153097;0.0576827;-10.6983;-0.000435698;0.000904216;-0.00625609;0.941661;-0.734823;4.59528;-0.211555;0.00537432;0.0626763;0;0;0;0;0;0;-0.941661;0.734823;-4.59528;-2.1766;29.6335;5.1662;
6.17605;-0.152683;0.0573121;-10.6984;-0.000437984;0.000912888;-0.00610043;0;0;0;0;0;0;0;0;0;0;0;0;0;-0;-0;0;0;0;
6.177;-0.152272;0.0570169;-10.6984;-0.000439314;0.000920394;-0.0059487;0;0;0;0;0;0;0;0;0;0;0;0;0;-0;-0;0;0;0;
6.17802;-0.151631;0.0567234;-10.6984;-0.000439722;0.000925833;-0.00578039;1.15175;1.69292;6.58663;-0.259451;0.165315;0.00263442;0;0;0;0;0;0;-1.15175;-1.69292;-6.58663;-2.88805;42.3373;-10.3764;
6.17903;-0.151126;0.0564758;-10.6985;-0.000440803;0.000932036;-0.00562201;0;0;0;0;0;0;0;0;0;0;0;0;0;-0;-0;0;0;0;
6.18005;-0.150319;0.0562158;-10.6985;-0.000440524;0.000935223;-0.00545551;0.337527;-0.0158055;2.4615;0.109226;-0.183907;-0.0161582;0;0;0;0;0;0;-0.337527;0.0158055;-2.4615;-1.35055;16.077;0.288422;
6.18106;-0.149738;0.0559799;-10.6985;-0.000441947;0.000942229;-0.00530392;-0.0395148;-0.31058;0.728483;0.0427927;-0.0423345;-0.0157276;0;0;0;0;0;0;0.0395148;0.31058;-0.728483;-0.440859;4.75988;2.00541;
6.18201;-0.149372;0.0557863;-10.6986;-0.000446045;0.000949293;-0.00517671;1.12319;3.73825;11.0753;-0.523537;0.237476;-0.0283799;0;0;0;0;0;0;-1.12319;-3.73825;-11.0753;-4.67945;71.3112;-23.5939;
6.18302;-0.149031;0.0555716;-10.6986;-0.000451212;0.000957593;-0.00505458;0.178325;-0.0377621;0.702883;0.0309528;-0.0530987;-0.0107056;0;0;0;0;0;0;-0.178325;0.0377621;-0.702883;-0.388751;4.58314;0.344855;
6.18401;-0.14879;0.0553673;-10.6987;-0.000457126;0.000967584;-0.0049601;12.2989;5.12951;54.5708;-0.474935;1.08262;-0.187161;0;0;0;0;0;0;-12.2989;-5.12951;-54.5708;-26.4951;350.778;-26.8084;
6.18501;-0.148625;0.0551617;-10.6988;-0.000465501;0.000974529;-0.00488949;0;0;0;0;0;0;0;0;0;0;0;0;0;-0;-0;0;0;0;
6.18601;-0.148428;0.0549527;-10.6988;-0.000475127;0.000977439;-0.0048463;-8.15288;7.47072;43.6115;-0.769232;-0.470622;-0.172483;0;0;0;0;0;0;8.15288;-7.47072;-43.6115;-20.4462;283.473;-52.2723;
6.18702;-0.148125;0.0547391;-10.6988;-0.000485859;0.000976885;-0.00482883;0;0;0;0;0;0;0;0;0;0;0;0;0;-0;-0;0;0;0;
6.18803;-0.147836;0.0545661;-10.6987;-0.000496779;0.000970646;-0.00484544;0.0601097;-0.0163264;0.238845;0.0104931;-0.0180397;-0.00387389;0;0;0;0;0;0;-0.0601097;0.0163264;-0.238845;-0.132427;1.55743;0.139787;
6.18904;-0.147577;0.0544321;-10.6986;-0.000508929;0.000957927;-0.00489852;1.29758;6.85045;20.4;-0.805044;0.184106;-0.13841;0;0;0;0;0;0;-1.29758;-6.85045;-20.4;-8.78209;131.682;-43.5333;
6.19006;-0.147323;0.054334;-10.6984;-0.000521863;0.000938194;-0.00498175;0;0;0;0;0;0;0;0;0;0;0;0;0;-0;-0;0;0;0;
6.19101;-0.147118;0.0542914;-10.6981;-0.000534829;0.000915176;-0.0050833;0.74892;-0.249707;3.00632;0.116635;0.215722;-0.0111375;0;0;0;0;0;0;-0.74892;0.249707;-3.00632;-1.65583;19.1612;2.00404;
6.19203;-0.147017;0.0542605;-10.6978;-0.000550749;0.000888244;-0.00521071;0.954539;-0.572934;4.07747;0.150526;0.294586;0.00615461;0;0;0;0;0;0;-0.954539;0.572934;-4.07747;-2.26165;25.9925;4.18172;
6.19305;-0.147002;0.0542246;-10.6975;-0.000566777;0.000859668;-0.00534888;2.0495;-2.42316;10.5938;0.360502;0.779449;0.108543;0;0;0;0;0;0;-2.0495;2.42316;-10.5938;-5.93925;67.5611;16.6025;
6.194;-0.147035;0.0541833;-10.6972;-0.000582896;0.000831266;-0.00548057;-0.0540987;-0.213462;0.483579;0.0130904;0.0404117;0.019303;0;0;0;0;0;0;0.0540987;0.213462;-0.483579;-0.278066;3.09397;1.33464;
6.19502;-0.147151;0.054144;-10.6969;-0.000601025;0.000801877;-0.0056134;0;0;0;0;0;0;0;0;0;0;0;0;0;-0;-0;0;0;0;
6.19602;-0.146999;0.054059;-10.6966;-0.000616116;0.000770937;-0.00571399;0.946708;-1.21068;5.74776;0.257317;0.0827096;0.0268418;0;0;0;0;0;0;-0.946708;1.21068;-5.74776;-3.27368;37.0126;8.28354;
6.19702;-0.147106;0.0539912;-10.6963;-0.000629559;0.00074673;-0.00579823;0;0;0;0;0;0;0;0;0;0;0;0;0;-0;-0;0;0;0;
6.19802;-0.147047;0.0538922;-10.6961;-0.000636672;0.000723302;-0.00584142;1.49269;-1.50702;7.26494;0.252292;0.531668;0.0584507;0;0;0;0;0;0;-1.49269;1.50702;-7.26494;-4.06252;46.3256;10.4444;
6.19903;-0.146732;0.0537659;-10.696;-0.00063662;0.000702909;-0.00583854;0.539033;0.326677;2.30632;0.106437;0.166649;-0.0484815;0;0;0;0;0;0;-0.539033;-0.326677;-2.30632;-1.23524;14.702;-1.79376;
6.20004;-0.146058;0.0535755;-10.6958;-0.000626499;0.000684788;-0.00577964;0;0;0;0;0;0;0;0;0;0;0;0;0;-0;-0;0;0;0;
6.20106;-0.145132;0.0533397;-10.6958;-0.000605928;0.000667704;-0.00567617;1.1496;0.00334767;4.47355;-0.266328;0.0688029;0.0683884;0;0;0;0;0;0;-1.1496;-0.00334767;-4.47355;-1.98646;28.7615;0.488951;
6.20201;-0.14411;0.0530824;-10.6958;-0.00057853;0.000654671;-0.00555203;-1.14385;-1.0584;2.84564;0.168648;-0.155845;0.00982638;0;0;0;0;0;0;1.14385;1.0584;-2.84564;-1.70807;18.683;6.26233;
6.20301;-0.142976;0.0527841;-10.6958;-0.000544527;0.000643365;-0.00540545;-12.2283;-2.48684;29.9165;0.414273;-1.25078;0.0408072;0;0;0;0;0;0;12.2283;2.48684;-29.9165;-15.7314;196.05;9.89117;
6.20402;-0.14187;0.0524406;-10.696;-0.000508194;0.000637491;-0.00525821;0;0;0;0;0;0;0;0;0;0;0;0;0;-0;-0;0;0;0;
6.20503;-0.140936;0.0520694;-10.6961;-0.000473298;0.000633076;-0.00512863;0.968904;-0.458777;4.00527;0.151268;0.288343;-0.00356508;0;0;0;0;0;0;-0.968904;0.458777;-4.00527;-2.21458;25.5301;3.46003;
6.20603;-0.140362;0.0517179;-10.6963;-0.000444779;0.000631954;-0.00502897;0;0;0;0;0;0;0;0;0;0;0;0;0;-0;-0;0;0;0;
6.20704;-0.139954;0.0513675;-10.6965;-0.000421108;0.000633849;-0.00495615;0;0;0;0;0;0;0;0;0;0;0;0;0;-0;-0;0;0;0;
6.20804;-0.139798;0.0510356;-10.6968;-0.000404706;0.000638057;-0.00490588;0;0;0;0;0;0;0;0;0;0;0;0;0;-0;-0;0;0;0;
6.20905;-0.139537;0.0506965;-10.697;-0.000391592;0.000647947;-0.0048639;2.11136;-1.01289;8.74095;0.329743;0.629359;-0.00671963;0;0;0;0;0;0;-2.11136;1.01289;-8.74095;-4.83381;55.7162;7.62388;
6.21;-0.139601;0.0504008;-10.6972;-0.000387449;0.000652007;-0.0048418;0.00790643;-0.452942;1.1295;0.0320711;0.0899955;0.0358648;0;0;0;0;0;0;-0.00790643;0.452942;-1.1295;-0.646395;7.21749;2.89883;
6.21101;-0.139764;0.0501323;-10.6974;-0.000386025;0.000661382;-0.00482485;-3.28342;-2.33904;6.70814;0.39906;-0.36173;0.0691968;0;0;0;0;0;0;3.28342;2.33904;-6.70814;-4.01235;44.0955;13.4116;
6.21202;-0.140138;0.0498883;-10.6976;-0.000390332;0.00067218;-0.00482003;2.56599;15.2623;43.2287;-1.88724;0.565801;-0.254828;0;0;0;0;0;0;-2.56599;-15.2623;-43.2287;-18.3538;278.883;-97.2061;
6.21304;-0.140491;0.0496592;-10.6978;-0.000396847;0.000683945;-0.00481184;0.352158;-2.43046;7.96725;0.285542;-0.0047398;0.0451366;0;0;0;0;0;0;-0.352158;2.43046;-7.96725;-4.54216;51.5206;15.8582;
6.21405;-0.140802;0.0494223;-10.698;-0.000406718;0.000695354;-0.0048006;-13.396;-3.65956;35.8321;0.399314;-0.702416;0.0850962;0;0;0;0;0;0;13.396;3.65956;-35.8321;-18.8135;233.894;16.8467;
6.21506;-0.140937;0.0491644;-10.6982;-0.000418337;0.000707432;-0.0047774;0.925322;-2.65049;8.98964;0.411211;0.0407029;0.0230412;0;0;0;0;0;0;-0.925322;2.65049;-8.98964;-5.20484;58.033;17.5927;
6.21601;-0.140998;0.048924;-10.6983;-0.000430734;0.000717755;-0.00475187;6.98679;2.17829;27.9749;-0.456191;1.07403;0.0218595;0;0;0;0;0;0;-6.98679;-2.17829;-27.9749;-13.415;179.233;-10.5973;
6.21702;-0.141156;0.0486887;-10.6984;-0.000445488;0.000727952;-0.00472674;-11.7201;-9.80944;26.0433;1.25918;-0.809883;0.243577;0;0;0;0;0;0;11.7201;9.80944;-26.0433;-15.3603;170.496;57.3244;
6.21803;-0.141281;0.0484855;-10.6985;-0.000460845;0.000737881;-0.00470269;1.19263;3.0179;9.54374;-0.499071;0.175706;0.00680451;0;0;0;0;0;0;-1.19263;-3.0179;-9.54374;-4.00488;61.4564;-18.9331;
6.21905;-0.141319;0.0482918;-10.6986;-0.000476013;0.000744857;-0.00467302;0.0229735;-0.0832759;0.242319;0.00733526;0.0186112;0.00570054;0;0;0;0;0;0;-0.0229735;0.0832759;-0.242319;-0.137736;1.54698;0.544698;
6.22005;-0.141257;0.0480955;-10.6987;-0.0004913;0.000748419;-0.00464213;-0.260197;10.2628;35.18;-1.13754;0.279923;-0.203672;0;0;0;0;0;0;0.260197;-10.2628;-35.18;-15.5513;227.374;-66.3318;
6.22106;-0.141141;0.0479014;-10.6987;-0.000505107;0.000751748;-0.00460989;0;0;0;0;0;0;0;0;0;0;0;0;0;-0;-0;0;0;0;
6.22205;-0.140982;0.0476878;-10.6987;-0.000520047;0.000750514;-0.00457991;0;0;0;0;0;0;0;0;0;0;0;0;0;-0;-0;0;0;0;
6.22304;-0.140714;0.0474727;-10.6987;-0.000533552;0.00074733;-0.00454801;10.9089;3.07739;43.9913;-0.167243;0.713662;-0.113137;0;0;0;0;0;0;-10.9089;-3.07739;-43.9913;-21.6805;282.833;-14.3045;
6.22404;-0.140394;0.0472575;-10.6986;-0.000546393;0.000743958;-0.00451745;3.94362;-2.43874;16.9321;0.623164;1.22392;0.0311415;0;0;0;0;0;0;-3.94362;2.43874;-16.9321;-9.3958;107.937;17.7347;
6.22504;-0.139901;0.0470421;-10.6985;-0.000556582;0.000732223;-0.00447723;0.0598024;0.0252861;0.244373;-0.0139722;0.0038276;0.00302319;0;0;0;0;0;0;-0.0598024;-0.0252861;-0.244373;-0.106571;1.57136;-0.136514;
6.22606;-0.139258;0.046838;-10.6984;-0.000563494;0.000717119;-0.00442544;2.17903;4.04956;16.4768;-0.44672;0.0268998;-0.0906014;0;0;0;0;0;0;-2.17903;-4.04956;-16.4768;-7.4456;106.366;-25.0141;
6.22701;-0.138647;0.0466915;-10.6982;-0.000567016;0.000701907;-0.00437609;0;0;0;0;0;0;0;0;0;0;0;0;0;-0;-0;0;0;0;
6.22802;-0.137803;0.0465241;-10.698;-0.00056688;0.000680407;-0.00430889;0.774492;0.656895;3.83283;-0.101159;-0.00586614;9.40809e-05;0;0;0;0;0;0;-0.774492;-0.656895;-3.83283;-1.76336;24.7281;-3.86038;
6.22903;-0.13674;0.0463279;-10.6978;-0.000562416;0.000657997;-0.00422983;0;0;0;0;0;0;0;0;0;0;0;0;0;-0;-0;0;0;0;
6.23004;-0.135674;0.0461192;-10.6976;-0.000554334;0.000635298;-0.00414547;-1.92499;-1.89655;4.72634;0.278769;-0.258607;0.00976776;0;0;0;0;0;0;1.92499;1.89655;-4.72634;-2.84952;31.033;11.2921;
6.23105;-0.134578;0.0458998;-10.6974;-0.000545263;0.000610639;-0.00405461;-10.6532;-2.15981;45.3766;0.226697;-0.805975;0.0668238;0;0;0;0;0;0;10.6532;2.15981;-45.3766;-23.2976;295.479;8.54239;
6.23206;-0.133507;0.0456721;-10.6973;-0.000533226;0.000589689;-0.0039676;0;0;0;0;0;0;0;0;0;0;0;0;0;-0;-0;0;0;0;
6.23301;-0.132488;0.0454444;-10.6971;-0.00052039;0.000570586;-0.00388605;3.64298;3.28429;17.0904;-0.942367;0.280064;0.147054;0;0;0;0;0;0;-3.64298;-3.28429;-17.0904;-7.33583;109.936;-19.5629;
6.23402;-0.131512;0.0452169;-10.697;-0.000506534;0.000552262;-0.00381;0;0;0;0;0;0;0;0;0;0;0;0;0;-0;-0;0;0;0;
6.23502;-0.130689;0.0450095;-10.697;-0.000495167;0.000536311;-0.003749;0;0;0;0;0;0;0;0;0;0;0;0;0;-0;-0;0;0;0;
6.23602;-0.130065;0.044819;-10.6969;-0.000485573;0.000522982;-0.00370343;-0.881261;5.70903;31.4579;-0.522152;-0.109989;-0.146915;0;0;0;0;0;0;0.881261;-5.70903;-31.4579;-14.749;203.743;-37.2365;
6.23703;-0.129613;0.0446523;-10.6969;-0.000478281;0.000513745;-0.00367046;0;0;0;0;0;0;0;0;0;0;0;0;0;-0;-0;0;0;0;
6.23803;-0.12931;0.0445055;-10.6969;-0.000473551;0.000507672;-0.00364661;-1.84053;-16.7836;47.6022;1.69065;-0.0933501;0.284358;0;0;0;0;0;0;1.84053;16.7836;-47.6022;-27.3498;308.282;107.385;
6.23903;-0.129109;0.0443714;-10.697;-0.000470805;0.000505344;-0.00363423;-6.32582;-2.42979;10.6405;0.455328;-0.739619;0.1018;0;0;0;0;0;0;6.32582;2.42979;-10.6405;-6.0583;70.2225;12.4338;
6.24004;-0.129047;0.0442618;-10.697;-0.000470227;0.000507084;-0.00362825;3.71286;5.83326;22.3613;-0.869168;0.46869;-0.00636175;0;0;0;0;0;0;-3.71286;-5.83326;-22.3613;-9.80801;143.845;-35.8671;
6.24106;-0.128992;0.044146;-10.6971;-0.000469731;0.000512143;-0.00362261;1.82373;-0.450504;7.221;0.449477;-0.441;-0.141032;0;0;0;0;0;0;-1.82373;0.450504;-7.221;-4.13159;46.9807;3.9745;
6.24201;-0.129134;0.0440754;-10.6973;-0.000471864;0.000521029;-0.00362554;0;0;0;0;0;0;0;0;0;0;0;0;0;-0;-0;0;0;0;
6.24302;-0.129314;0.0440035;-10.6974;-0.000474455;0.000531102;-0.00362386;0;0;0;0;0;0;0;0;0;0;0;0;0;-0;-0;0;0;0;
6.24403;-0.129561;0.0439559;-10.6976;-0.00047691;0.000547776;-0.00362393;0;0;0;0;0;0;0;0;0;0;0;0;0;-0;-0;0;0;0;
6.24505;-0.129934;0.0439277;-10.6979;-0.000480147;0.000564803;-0.00362234;-9.02147;-6.15392;18.0688;1.07628;-0.97265;0.206105;0;0;0;0;0;0;9.02147;6.15392;-18.0688;-10.7942;118.79;35.0684;
6.24605;-0.130262;0.0439098;-10.6982;-0.000483146;0.000587283;-0.00361656;0.686578;0.350645;2.86409;0.130384;0.20639;-0.0565235;0;0;0;0;0;0;-0.686578;-0.350645;-2.86409;-1.53773;18.2565;-1.86648;
6.24706;-0.130652;0.0438849;-10.6984;-0.000485192;0.000607036;-0.00360955;-3.98778;-3.99977;9.90888;0.584217;-0.542638;0.0160764;0;0;0;0;0;0;3.98778;3.99977;-9.90888;-5.97623;65.057;23.8555;
6.248;-0.131126;0.0438955;-10.6987;-0.000487463;0.000629571;-0.0036036;-1.78597;-3.52673;18.0187;0.539629;-0.685627;0.00757314;0;0;0;0;0;0;1.78597;3.52673;-18.0187;-9.96876;117.453;21.9122;
6.24902;-0.131634;0.0438901;-10.6991;-0.000489119;0.000653794;-0.00359209;0;0;0;0;0;0;0;0;0;0;0;0;0;-0;-0;0;0;0;
6.25002;-0.132017;0.0438292;-10.6994;-0.000488736;0.000678377;-0.003581;0;0;0;0;0;0;0;0;0;0;0;0;0;-0;-0;0;0;0;
6.25101;-0.132486;0.043767;-10.6997;-0.000489697;0.000698698;-0.00357446;-0.0974823;-0.322267;4.56972;0.200677;-0.336278;-0.0194342;0;0;0;0;0;0;0.0974823;0.322267;-4.56972;-2.53459;29.9139;2.05552;
6.25201;-0.132808;0.0436604;-10.7001;-0.000487708;0.00071937;-0.00356187;0.0385758;-0.511827;1.31555;0.0378704;0.103858;0.0392965;0;0;0;0;0;0;-0.0385758;0.511827;-1.31555;-0.751812;8.40436;3.29185;
6.253;-0.133197;0.0435493;-10.7004;-0.000485717;0.000738186;-0.0035592;0;0;0;0;0;0;0;0;0;0;0;0;0;-0;-0;0;0;0;
6.25404;-0.133618;0.0434334;-10.7007;-0.000483901;0.00075385;-0.00355781;0.163036;0.00509407;0.634619;0.0282236;-0.0479571;-0.00686582;0;0;0;0;0;0;-0.163036;-0.00509407;-0.634619;-0.347344;4.13783;0.0560199;
6.25503;-0.133869;0.0432916;-10.7011;-0.000480821;0.000770151;-0.00355887;0;0;0;0;0;0;0;0;0;0;0;0;0;-0;-0;0;0;0;
6.25602;-0.134104;0.0431309;-10.7013;-0.000479318;0.000782323;-0.00356178;0;0;0;0;0;0;0;0;0;0;0;0;0;-0;-0;0;0;0;
6.25701;-0.134385;0.0429714;-10.7016;-0.000480063;0.000791938;-0.00357199;0;0;0;0;0;0;0;0;0;0;0;0;0;-0;-0;0;0;0;
6.25802;-0.134689;0.0428112;-10.7018;-0.000482053;0.000797386;-0.00359181;0.260244;-0.415763;1.55459;0.0509381;0.115703;0.0224168;0;0;0;0;0;0;-0.260244;0.415763;-1.55459;-0.875635;9.91694;2.7988;
6.25902;-0.134975;0.0426636;-10.702;-0.000486749;0.000798468;-0.00362137;0;0;0;0;0;0;0;0;0;0;0;0;0;-0;-0;0;0;0;
6.26002;-0.135157;0.0425122;-10.7021;-0.00049247;0.000795561;-0.00365265;0;0;0;0;0;0;0;0;0;0;0;0;0;-0;-0;0;0;0;
6.26102;-0.135183;0.0423512;-10.7022;-0.000500209;0.000788404;-0.00368347;11.147;5.50252;47.7521;-0.85046;0.778161;-0.0313581;0;0;0;0;0;0;-11.147;-5.50252;-47.7521;-22.6482;307.077;-29.9577;
6.26202;-0.135203;0.0421913;-10.7022;-0.000509417;0.000778454;-0.0037176;0.163539;-0.035558;0.645046;0.0401963;-0.0394003;-0.012363;0;0;0;0;0;0;-0.163539;0.035558;-0.645046;-0.368647;4.19668;0.324805;
6.26302;-0.13493;0.0420029;-10.7022;-0.000518122;0.00076585;-0.00374008;0.63312;-1.27418;5.91517;0.359472;-0.352962;-0.114507;0;0;0;0;0;0;-0.63312;1.27418;-5.91517;-3.46655;38.5628;8.67783;
6.26403;-0.134692;0.0418415;-10.7021;-0.000529744;0.000747345;-0.00376752;-1.51785;1.279;16.7551;-0.334326;-0.208811;0.0180117;0;0;0;0;0;0;1.51785;-1.279;-16.7551;-7.97624;108.773;-9.05809;
6.26503;-0.134291;0.041667;-10.7019;-0.000540332;0.000726495;-0.00379371;0.853749;-0.414483;3.5394;0.133387;0.254879;-0.00232692;0;0;0;0;0;0;-0.853749;0.414483;-3.5394;-1.95763;22.5607;3.11419;
6.26604;-0.133783;0.0414836;-10.7017;-0.000551652;0.000702983;-0.00381678;6.684;7.21481;33.3276;-1.23655;0.875702;0.0584168;0;0;0;0;0;0;-6.684;-7.21481;-33.3276;-14.8253;214.096;-43.3744;
6.26705;-0.133109;0.0412669;-10.7015;-0.000560587;0.000679157;-0.00382915;0;0;0;0;0;0;0;0;0;0;0;0;0;-0;-0;0;0;0;
6.268;-0.132471;0.0410631;-10.7013;-0.000569309;0.000656526;-0.00383635;0;0;0;0;0;0;0;0;0;0;0;0;0;-0;-0;0;0;0;
6.26901;-0.131864;0.0408741;-10.701;-0.000577361;0.000632012;-0.00383974;0;0;0;0;0;0;0;0;0;0;0;0;0;-0;-0;0;0;0;
6.27002;-0.131273;0.0406807;-10.7008;-0.000583978;0.000609173;-0.00384183;4.00484;-1.05765;16.447;0.36239;-0.297107;-0.0394677;0;0;0;0;0;0;-4.00484;1.05765;-16.447;-8.75221;106.314;8.89997;
6.27103;-0.130495;0.0404931;-10.7006;-0.000586561;0.000587654;-0.00382212;0;0;0;0;0;0;0;0;0;0;0;0;0;-0;-0;0;0;0;
6.27205;-0.129821;0.0403214;-10.7004;-0.000587296;0.000567093;-0.00380566;1.51267;-0.92791;6.48557;0.238909;0.468729;0.0113404;0;0;0;0;0;0;-1.51267;0.92791;-6.48557;-3.59854;41.3435;6.75446;
6.27305;-0.129035;0.0401301;-10.7002;-0.000584823;0.000547386;-0.00377875;0;0;0;0;0;0;0;0;0;0;0;0;0;-0;-0;0;0;0;
6.27405;-0.128271;0.039952;-10.7;-0.000580152;0.000526812;-0.00374337;0;0;0;0;0;0;0;0;0;0;0;0;0;-0;-0;0;0;0;
6.27505;-0.127677;0.0397852;-10.6999;-0.000574122;0.000511867;-0.00370683;0;0;0;0;0;0;0;0;0;0;0;0;0;-0;-0;0;0;0;
6.27605;-0.12699;0.0396259;-10.6997;-0.000565341;0.000497296;-0.00364999;0;0;0;0;0;0;0;0;0;0;0;0;0;-0;-0;0;0;0;
6.277;-0.126298;0.0394517;-10.6996;-0.000554552;0.000485968;-0.00359248;-1.76231;-3.89685;20.1512;1.05436;-1.30061;-0.0658891;0;0;0;0;0;0;1.76231;3.89685;-20.1512;-11.5947;131.863;24.3924;
6.27801;-0.125576;0.0392653;-10.6996;-0.000540915;0.000477161;-0.00352275;0;0;0;0;0;0;0;0;0;0;0;0;0;-0;-0;0;0;0;
6.27902;-0.124886;0.0390948;-10.6995;-0.000526965;0.000468791;-0.00345149;2.44527;-6.63296;23.6194;0.838854;0.103623;0.169676;0;0;0;0;0;0;-2.44527;6.63296;-23.6194;-13.4005;152.477;43.9796;
6.28003;-0.124391;0.0389437;-10.6995;-0.000512138;0.000463109;-0.0033852;0;0;0;0;0;0;0;0;0;0;0;0;0;-0;-0;0;0;0;
6.28104;-0.123875;0.0388018;-10.6995;-0.000497122;0.000461344;-0.0033151;0;0;0;0;0;0;0;0;0;0;0;0;0;-0;-0;0;0;0;
6.28205;-0.123414;0.0386527;-10.6996;-0.000483335;0.000459105;-0.00324589;1.54744;-0.84186;6.51057;0.242766;0.469596;0.00302087;0;0;0;0;0;0;-1.54744;0.84186;-6.51057;-3.60636;41.5009;6.22351;
6.28301;-0.123198;0.0385538;-10.6996;-0.00047095;0.000461265;-0.00318919;0.176792;-0.0613091;0.711411;0.027531;0.0510604;-0.00244132;0;0;0;0;0;0;-0.176792;0.0613091;-0.711411;-0.391992;4.53429;0.488177;
6.28402;-0.123084;0.0384724;-10.6997;-0.000459759;0.000463812;-0.00313679;0;0;0;0;0;0;0;0;0;0;0;0;0;-0;-0;0;0;0;
6.28504;-0.123082;0.0383985;-10.6998;-0.000450289;0.000468537;-0.00309581;-9.14775;7.91689;62.5147;-0.891807;-0.38345;-0.226225;0;0;0;0;0;0;9.14775;-7.91689;-62.5147;-29.8001;405.794;-55.6063;
6.28605;-0.123148;0.038358;-10.6999;-0.000442482;0.000474542;-0.00305859;0;0;0;0;0;0;0;0;0;0;0;0;0;-0;-0;0;0;0;
6.28701;-0.123216;0.0383046;-10.7;-0.000437321;0.000480557;-0.0030324;0.759924;-0.509806;3.36445;0.127571;0.0952187;-0.00137456;0;0;0;0;0;0;-0.759924;0.509806;-3.36445;-1.87327;21.5978;3.68275;
6.28802;-0.123409;0.0382918;-10.7001;-0.000434673;0.000488069;-0.00301574;0.819481;-0.44733;3.44947;0.128582;0.248813;0.00171945;0;0;0;0;0;0;-0.819481;0.44733;-3.44947;-1.91083;21.9883;3.30541;
6.28903;-0.123762;0.0383178;-10.7002;-0.000435207;0.000495168;-0.00301004;2.51414;1.10862;10.3243;-0.377789;0.278388;0.0604883;0;0;0;0;0;0;-2.51414;-1.10862;-10.3243;-4.71093;66.2712;-5.9674;
6.29005;-0.124073;0.0383359;-10.7003;-0.000437645;0.000502594;-0.00301305;0;0;0;0;0;0;0;0;0;0;0;0;0;-0;-0;0;0;0;
6.29106;-0.124597;0.0383893;-10.7003;-0.000444708;0.000509505;-0.00302901;1.81729;6.45;19.6783;-0.941934;0.326585;-0.0563352;0;0;0;0;0;0;-1.81729;-6.45;-19.6783;-8.32211;126.817;-40.7622;
6.29201;-0.125179;0.0384584;-10.7004;-0.000453816;0.000515854;-0.00305486;0;0;0;0;0;0;0;0;0;0;0;0;0;-0;-0;0;0;0;
6.29303;-0.125781;0.0385252;-10.7004;-0.000465684;0.000521575;-0.00308768;0.135965;-0.0365165;0.540012;0.0237248;-0.0407887;-0.00873166;0;0;0;0;0;0;-0.135965;0.0365165;-0.540012;-0.299372;3.52122;0.313487;
6.29405;-0.126606;0.0386211;-10.7004;-0.000482089;0.000526776;-0.00313704;-10.3906;-2.20569;71.2115;0.122119;-0.125227;0.0859577;0;0;0;0;0;0;10.3906;2.20569;-71.2115;-36.21;461.932;8.95229;
6.29501;-0.12735;0.0386964;-10.7004;-0.0004996;0.000530378;-0.00318985;-17.7189;-3.57036;45.5211;0.454971;-1.02124;0.0108591;0;0;0;0;0;0;17.7189;3.57036;-45.5211;-23.7405;297.337;14.1663;
6.29602;-0.128179;0.0387758;-10.7004;-0.000521198;0.000533716;-0.00325303;-9.93317;-3.88583;16.7665;0.717033;-1.16572;0.154632;0;0;0;0;0;0;9.93317;3.88583;-16.7665;-9.55155;110.648;19.9851;
6.29703;-0.129037;0.0388493;-10.7003;-0.000545309;0.000535315;-0.00332275;0;0;0;0;0;0;0;0;0;0;0;0;0;-0;-0;0;0;0;
6.29804;-0.129953;0.0389169;-10.7002;-0.000571835;0.00053709;-0.0033985;1.29369;1.25481;6.21161;-0.147876;0.208614;-0.0113757;0;0;0;0;0;0;-1.29369;-1.25481;-6.21161;-2.85478;39.853;-7.45611;
6.29904;-0.130787;0.0389515;-10.7001;-0.000599085;0.000536599;-0.00347239;0.967621;-0.451571;3.99353;0.151031;0.287438;-0.00409215;0;0;0;0;0;0;-0.967621;0.451571;-3.99353;-2.20773;25.4551;3.41328;
6.30004;-0.1316;0.0389763;-10.7;-0.000627917;0.000534216;-0.00354288;2.38271;3.45926;14.7226;-0.448082;0.0412378;-0.029767;0;0;0;0;0;0;-2.38271;-3.45926;-14.7226;-6.62005;94.9801;-21.1528;
6.30105;-0.132313;0.0389751;-10.6999;-0.000655984;0.000534119;-0.00360376;0;0;0;0;0;0;0;0;0;0;0;0;0;-0;-0;0;0;0;
6.302;-0.133002;0.0389731;-10.6997;-0.000682472;0.000532005;-0.00365453;-13.9877;-4.17519;47.0383;0.868994;-1.21326;-0.0438235;0;0;0;0;0;0;13.9877;4.17519;-47.0383;-24.9793;306.971;20.0137;
6.30301;-0.133531;0.038943;-10.6996;-0.000708591;0.000530497;-0.00369881;0;0;0;0;0;0;0;0;0;0;0;0;0;-0;-0;0;0;0;
6.30402;-0.133884;0.0388946;-10.6994;-0.000731549;0.000526756;-0.00373361;0;0;0;0;0;0;0;0;0;0;0;0;0;-0;-0;0;0;0;
6.30503;-0.133923;0.0388025;-10.6992;-0.000750496;0.000514485;-0.00375765;0.393073;-0.15724;1.59844;0.069876;-0.120668;-0.0290535;0;0;0;0;0;0;-0.393073;0.15724;-1.59844;-0.890724;10.4237;1.24443;
6.30604;-0.133776;0.0387156;-10.6989;-0.000763893;0.000500698;-0.00377148;-0.103986;1.81581;16.951;0.0205888;-0.399801;-0.140187;0;0;0;0;0;0;0.103986;-1.81581;-16.951;-8.376;110.089;-11.6611;
6.30706;-0.133387;0.038619;-10.6987;-0.000770248;0.000485381;-0.00376188;-3.31038;-1.52747;27.3645;0.133946;-0.536819;0.0258033;0;0;0;0;0;0;3.31038;1.52747;-27.3645;-14.0697;177.927;8.19015;
6.30801;-0.133039;0.038548;-10.6985;-0.000772656;0.000474976;-0.00374233;1.62284;3.79686;12.2881;-0.644611;0.224262;0.0158374;0;0;0;0;0;0;-1.62284;-3.79686;-12.2881;-5.1635;79.1213;-23.7655;
6.30903;-0.132692;0.0384728;-10.6984;-0.000770728;0.00046737;-0.00371006;3.03232;-4.06526;17.4877;0.783611;0.249793;0.0237755;0;0;0;0;0;0;-3.03232;4.06526;-17.4877;-9.9994;112.598;27.8072;
6.31005;-0.132353;0.0383997;-10.6983;-0.000766438;0.000459465;-0.00367523;1.15852;3.48933;19.1572;-0.505139;-0.118744;-0.0574738;0;0;0;0;0;0;-1.15852;-3.48933;-19.1572;-8.79352;123.956;-21.9362;
6.31101;-0.132031;0.0383389;-10.6982;-0.000760563;0.00045132;-0.00365374;8.78857;-1.00773;46.7244;0.0292574;0.756037;0.0253337;0;0;0;0;0;0;-8.78857;1.00773;-46.7244;-23.6637;300.686;10.9215;
6.31202;-0.131443;0.0382384;-10.6981;-0.000751769;0.000441551;-0.00363895;0.971537;-0.367628;3.93335;0.15128;0.282501;-0.0109624;0;0;0;0;0;0;-0.971537;0.367628;-3.93335;-2.16925;25.0702;2.87897;
6.31302;-0.130784;0.0380843;-10.6979;-0.000743605;0.000421865;-0.00364787;0;0;0;0;0;0;0;0;0;0;0;0;0;-0;-0;0;0;0;
6.31403;-0.130222;0.0379542;-10.6977;-0.000737206;0.000402248;-0.00367273;2.39567;5.9135;18.8341;-0.985846;0.345821;0.016818;0;0;0;0;0;0;-2.39567;-5.9135;-18.8341;-7.90689;121.277;-37.0727;
6.31505;-0.129625;0.0377895;-10.6975;-0.000730228;0.00038815;-0.00369536;0;0;0;0;0;0;0;0;0;0;0;0;0;-0;-0;0;0;0;
6.31601;-0.129361;0.0376834;-10.6975;-0.000726506;0.000382879;-0.003711;4.6756;0.990177;18.4293;-1.07474;0.284889;0.257359;0;0;0;0;0;0;-4.6756;-0.990177;-18.4293;-8.10809;118.49;-4.30923;
6.31703;-0.129444;0.0376323;-10.6975;-0.000725176;0.000384385;-0.00373257;-5.19282;-2.03725;8.76997;0.375025;-0.60976;0.0804116;0;0;0;0;0;0;5.19282;2.03725;-8.76997;-4.99653;57.8756;10.4859;
6.31804;-0.129293;0.0375456;-10.6976;-0.000723339;0.000384404;-0.00375776;0.0528692;-0.0280648;0.221677;0.0136611;-0.0135086;-0.00496834;0;0;0;0;0;0;-0.0528692;0.0280648;-0.221677;-0.128127;1.44253;0.213186;
6.31904;-0.128964;0.0374387;-10.6975;-0.000720068;0.000376921;-0.0037945;0.517568;-2.42467;6.77012;0.201751;0.524024;0.172252;0;0;0;0;0;0;-0.517568;2.42467;-6.77012;-3.85488;43.2291;15.7769;
6.32004;-0.128675;0.0373375;-10.6974;-0.000715998;0.000367964;-0.00383611;-2.19666;-2.82679;8.42207;0.479173;-0.370239;0.0149731;0;0;0;0;0;0;2.19666;2.82679;-8.42207;-5.00468;55.0844;17.169;
6.32104;-0.128629;0.0372848;-10.6974;-0.000714014;0.000366002;-0.00386611;0;0;0;0;0;0;0;0;0;0;0;0;0;-0;-0;0;0;0;
6.32205;-0.128664;0.0372271;-10.6976;-0.000710431;0.000376255;-0.00387687;2.59692;-3.9159;16.88;0.826711;-0.123788;-0.0374309;0;0;0;0;0;0;-2.59692;3.9159;-16.88;-9.72142;109.083;26.6827;
6.32306;-0.128838;0.0371748;-10.6978;-0.000709634;0.000385895;-0.00388981;1.68219;3.84076;12.5253;-0.657725;0.227948;0.0184366;0;0;0;0;0;0;-1.68219;-3.84076;-12.5253;-5.26546;80.6462;-24.0222;
6.32401;-0.128854;0.0371015;-10.6978;-0.000706535;0.000390459;-0.0039098;0;0;0;0;0;0;0;0;0;0;0;0;0;-0;-0;0;0;0;
6.32502;-0.128503;0.0369802;-10.6979;-0.000699223;0.000388512;-0.00392429;-1.33332;14.0151;49.1622;-1.5449;0.373329;-0.279725;0;0;0;0;0;0;1.33332;-14.0151;-49.1622;-21.8102;317.857;-91.0744;
6.32602;-0.128079;0.0368784;-10.6979;-0.000690644;0.00038611;-0.00393277;1.86265;2.0436;20.6472;-0.20378;-0.224616;-0.0972342;0;0;0;0;0;0;-1.86265;-2.0436;-20.6472;-9.99041;133.632;-12.1874;
6.32703;-0.127704;0.0367949;-10.698;-0.00068074;0.000390111;-0.00392706;0.99995;5.23681;22.3783;-0.452625;-0.0317602;-0.153761;0;0;0;0;0;0;-0.99995;-5.23681;-22.3783;-10.2931;144.727;-33.2266;
6.32804;-0.12746;0.0367126;-10.6982;-0.000671563;0.000400117;-0.0039055;0;0;0;0;0;0;0;0;0;0;0;0;0;-0;-0;0;0;0;
6.32904;-0.127222;0.0366313;-10.6984;-0.000661165;0.000413029;-0.00386743;1.86285;2.61233;10.4017;-0.559457;0.178607;0.0553377;0;0;0;0;0;0;-1.86285;-2.61233;-10.4017;-4.41739;66.9369;-16.0198;
6.33001;-0.12684;0.0365502;-10.6985;-0.000648394;0.000423093;-0.00382058;0;0;0;0;0;0;0;0;0;0;0;0;0;-0;-0;0;0;0;
6.33101;-0.126236;0.0364777;-10.6987;-0.000631771;0.000432208;-0.00376005;0;0;0;0;0;0;0;0;0;0;0;0;0;-0;-0;0;0;0;
6.33201;-0.125476;0.0363714;-10.6989;-0.000612779;0.000439312;-0.00368659;2.14195;14.2941;38.3542;-1.9559;0.767039;-0.176634;0;0;0;0;0;0;-2.14195;-14.2941;-38.3542;-15.9276;247.183;-91.2321;
6.333;-0.124707;0.0362003;-10.699;-0.000592832;0.000448955;-0.00360845;0;0;0;0;0;0;0;0;0;0;0;0;0;-0;-0;0;0;0;
6.33404;-0.12386;0.0359474;-10.6992;-0.000571357;0.000459027;-0.00351999;0;0;0;0;0;0;0;0;0;0;0;0;0;-0;-0;0;0;0;
6.33501;-0.123047;0.0356801;-10.6994;-0.0005507;0.000468174;-0.00344032;0;0;0;0;0;0;0;0;0;0;0;0;0;-0;-0;0;0;0;
6.33601;-0.122238;0.03542;-10.6996;-0.000530042;0.00047625;-0.00336466;0.585733;-0.266254;2.41061;0.0913755;0.173452;-0.00304458;0;0;0;0;0;0;-0.585733;0.266254;-2.41061;-1.33223;15.3652;2.02081;
6.33701;-0.121442;0.0351445;-10.6998;-0.000509989;0.000487082;-0.00329244;1.52465;-0.725402;6.30605;0.238089;0.45399;-0.00534045;0;0;0;0;0;0;-1.52465;0.725402;-6.30605;-3.487;40.1954;5.46685;
6.33804;-0.120719;0.0348506;-10.7;-0.000493133;0.000495625;-0.00321926;2.7591;-3.10455;19.1324;0.516632;-0.509459;-0.0430033;0;0;0;0;0;0;-2.7591;3.10455;-19.1324;-10.4644;124.026;21.5202;
6.33903;-0.120301;0.0346149;-10.7002;-0.000480929;0.000510216;-0.0031643;0;0;0;0;0;0;0;0;0;0;0;0;0;-0;-0;0;0;0;
6.34003;-0.120031;0.0343702;-10.7004;-0.000473934;0.000521859;-0.00313151;1.76054;-0.341992;6.92541;0.305155;-0.523217;-0.103412;0;0;0;0;0;0;-1.76054;0.341992;-6.92541;-3.82755;45.1564;3.20294;
6.34103;-0.119862;0.0341446;-10.7006;-0.000470491;0.00053446;-0.00311352;0;0;0;0;0;0;0;0;0;0;0;0;0;-0;-0;0;0;0;
6.34204;-0.119932;0.0339826;-10.7007;-0.000472091;0.000546673;-0.00311362;0.89284;-0.173625;3.51224;0.219054;-0.214561;-0.066292;0;0;0;0;0;0;-0.89284;0.173625;-3.51224;-2.00547;22.8504;1.63939;
6.34305;-0.120165;0.0338742;-10.7009;-0.00047997;0.00055717;-0.00313535;2.47162;-2.55471;35.8171;-0.399523;-0.46026;0.161352;0;0;0;0;0;0;-2.47162;2.55471;-35.8171;-17.8966;231.961;17.6134;
6.34401;-0.120592;0.0338306;-10.701;-0.000491536;0.000568142;-0.00317393;-4.45636;-3.76079;23.3651;0.449269;-0.404713;0.0633273;0;0;0;0;0;0;4.45636;3.76079;-23.3651;-12.5948;152.032;22.0258;
6.34501;-0.121347;0.0338458;-10.7011;-0.000511966;0.000582442;-0.00323875;-2.70245;-1.99979;5.62322;0.334131;-0.303724;0.0525655;0;0;0;0;0;0;2.70245;1.99979;-5.62322;-3.36699;36.959;11.5257;
6.34602;-0.122476;0.0339371;-10.7012;-0.000541761;0.000598534;-0.00333353;1.43497;-0.884261;6.15731;0.226717;0.44504;0.0110761;0;0;0;0;0;0;-1.43497;0.884261;-6.15731;-3.41665;39.2509;6.43314;
6.34703;-0.12389;0.0341101;-10.7014;-0.000579603;0.000616503;-0.00345614;0;0;0;0;0;0;0;0;0;0;0;0;0;-0;-0;0;0;0;
6.34801;-0.125424;0.0343445;-10.7014;-0.000627747;0.000631953;-0.00360726;10.5611;9.35084;49.2793;-2.71994;0.80631;0.429916;0;0;0;0;0;0;-10.5611;-9.35084;-49.2793;-21.1621;316.988;-55.6138;
6.34904;-0.127439;0.0346743;-10.7014;-0.000689495;0.000647129;-0.00381276;-5.89122;-3.23766;10.8535;0.443476;-0.515234;0.0886548;0;0;0;0;0;0;5.89122;3.23766;-10.8535;-6.23484;71.3322;17.8929;
6.35003;-0.129531;0.0350685;-10.7014;-0.000759404;0.000663314;-0.00403145;0.957114;-0.281227;3.81624;0.149248;0.273616;-0.0172681;0;0;0;0;0;0;-0.957114;0.281227;-3.81624;-2.09957;24.3227;2.31897;
6.35103;-0.131851;0.0355722;-10.7012;-0.000840054;0.000675267;-0.00426834;-4.5509;-12.2925;78.1495;1.28004;-0.0219053;0.24929;0;0;0;0;0;0;4.5509;12.2925;-78.1495;-41.8745;506.132;76.9954;
6.35205;-0.134079;0.036143;-10.7011;-0.000923171;0.000688542;-0.00449101;0;0;0;0;0;0;0;0;0;0;0;0;0;-0;-0;0;0;0;
6.353;-0.135918;0.0366789;-10.7009;-0.000997349;0.000697471;-0.00466566;0;0;0;0;0;0;0;0;0;0;0;0;0;-0;-0;0;0;0;
6.35401;-0.137189;0.0371798;-10.7007;-0.00106361;0.000702962;-0.00479138;0.858522;3.27684;9.44643;-0.48732;0.18133;-0.0186117;0;0;0;0;0;0;-0.858522;-3.27684;-9.44643;-3.94175;60.8541;-20.7513;
6.35503;-0.13764;0.0375411;-10.7005;-0.00110779;0.000700495;-0.00484629;0;0;0;0;0;0;0;0;0;0;0;0;0;-0;-0;0;0;0;
6.35604;-0.137199;0.0377478;-10.7002;-0.00112752;0.000694073;-0.00481327;-3.19774;1.54519;51.2733;-0.160528;0.0341296;-0.0259744;0;0;0;0;0;0;3.19774;-1.54519;-51.2733;-25.5091;332.043;-11.5825;
6.35705;-0.136269;0.0378369;-10.7001;-0.0011243;0.000689279;-0.00472151;0;0;0;0;0;0;0;0;0;0;0;0;0;-0;-0;0;0;0;
6.358;-0.134938;0.0377885;-10.7;-0.00110411;0.000681573;-0.00459285;0;0;0;0;0;0;0;0;0;0;0;0;0;-0;-0;0;0;0;
6.35901;-0.133184;0.0376138;-10.7;-0.00106922;0.000669231;-0.0044333;0.439364;0.0125729;1.71015;0.107595;-0.104516;-0.0268745;0;0;0;0;0;0;-0.439364;-0.0125729;-1.71015;-0.967676;11.1257;0.166816;
6.36002;-0.131367;0.0373797;-10.6999;-0.00102734;0.000654843;-0.00427002;0.127911;-0.0943532;0.569036;0.020539;0.0412829;0.00222836;0;0;0;0;0;0;-0.127911;0.0943532;-0.569036;-0.316609;3.62774;0.672693;
6.36104;-0.129658;0.0371486;-10.6999;-0.000984516;0.000640965;-0.0041114;0;0;0;0;0;0;0;0;0;0;0;0;0;-0;-0;0;0;0;
6.36204;-0.128095;0.0369186;-10.6999;-0.000941255;0.000630831;-0.00395855;0.279235;-0.126449;1.14875;0.0435588;0.082653;-0.00149011;0;0;0;0;0;0;-0.279235;0.126449;-1.14875;-0.634829;7.32211;0.960298;
6.36305;-0.126843;0.0367326;-10.6999;-0.000903751;0.000623769;-0.00383443;0.582944;-0.0384209;2.27133;0.142371;-0.138808;-0.038888;0;0;0;0;0;0;-0.582944;0.0384209;-2.27133;-1.29021;14.7766;0.581093;
6.36406;-0.12586;0.0366068;-10.6999;-0.000871545;0.000616191;-0.0037451;1.06856;-0.671231;4.60067;0.199558;-0.346865;-0.0969569;0;0;0;0;0;0;-1.06856;0.671231;-4.60067;-2.5841;30.0076;4.97824;
6.36501;-0.125106;0.0365251;-10.7;-0.000843912;0.00060932;-0.00368434;3.25664;-0.963817;12.9894;0.570051;-0.981038;-0.215713;0;0;0;0;0;0;-3.25664;0.963817;-12.9894;-7.20908;84.7002;8.09219;
6.36603;-0.124347;0.036438;-10.7;-0.000816593;0.000604397;-0.00362769;2.19387;-1.14611;9.17892;0.34361;0.661642;0.000487987;0;0;0;0;0;0;-2.19387;1.14611;-9.17892;-5.08171;58.509;8.52019;
6.36704;-0.123955;0.0364146;-10.7;-0.000794885;0.000599859;-0.00358751;-7.35981;-5.94206;54.4826;0.169732;-0.501814;0.21807;0;0;0;0;0;0;7.35981;5.94206;-54.4826;-28.2069;353.761;34.5221;
6.36806;-0.123719;0.0364364;-10.7001;-0.000773508;0.000598961;-0.00355679;0.194578;0.048523;0.770677;0.0345736;-0.0582157;-0.00506367;0;0;0;0;0;0;-0.194578;-0.048523;-0.770677;-0.417869;5.02523;-0.210894;
6.36901;-0.123552;0.0364687;-10.7002;-0.000752065;0.000601572;-0.00352447;0.927661;-0.314174;3.72735;0.144483;0.267475;-0.0134137;0;0;0;0;0;0;-0.927661;0.314174;-3.72735;-2.05335;23.7567;2.51345;
6.37003;-0.12344;0.0365117;-10.7004;-0.000730292;0.000606188;-0.0034856;0.941402;0.0741003;3.66995;-0.216842;0.0565003;0.0544828;0;0;0;0;0;0;-0.941402;-0.0741003;-3.66995;-1.62415;23.5949;-0.0597834;
6.37104;-0.123171;0.0364744;-10.7005;-0.000704932;0.000611938;-0.00343527;-1.84925;-2.04082;7.45343;0.44875;-0.419264;-0.00346067;0;0;0;0;0;0;1.84925;2.04082;-7.45343;-4.40755;48.831;12.2768;
6.372;-0.122746;0.0363484;-10.7007;-0.000678462;0.000617951;-0.00337023;0;0;0;0;0;0;0;0;0;0;0;0;0;-0;-0;0;0;0;
6.37302;-0.122412;0.0361194;-10.7009;-0.000651425;0.000627566;-0.003297;-8.73939;2.92523;61.1297;-0.725061;-0.273522;0.0407234;0;0;0;0;0;0;8.73939;-2.92523;-61.1297;-29.7705;396.68;-23.3697;
6.37403;-0.122128;0.0357609;-10.7012;-0.000626521;0.000644466;-0.00321578;1.59666;-7.47966;22.5271;1.06068;-0.0688651;-0.0116057;0;0;0;0;0;0;-1.59666;7.47966;-22.5271;-13.1573;145.667;49.2117;
6.37504;-0.121975;0.0352917;-10.7015;-0.000604752;0.000664601;-0.00312909;4.68791;-7.00467;30.9561;1.14441;-0.147679;0.114094;0;0;0;0;0;0;-4.68791;7.00467;-30.9561;-17.4388;199.974;47.5696;
6.37606;-0.121917;0.0347171;-10.7019;-0.00058631;0.000689266;-0.00304179;0;0;0;0;0;0;0;0;0;0;0;0;0;-0;-0;0;0;0;
6.37701;-0.122083;0.0341312;-10.7023;-0.000575531;0.000716236;-0.00297173;-0.771398;-0.537562;56.2554;0.494585;-1.28821;-0.176376;0;0;0;0;0;0;0.771398;0.537562;-56.2554;-28.8825;365.356;3.26605;
6.37801;-0.122638;0.0334948;-10.7027;-0.000571694;0.000751211;-0.00291155;-11.8743;-1.48233;32.0168;0.271335;-0.834665;-0.0222785;0;0;0;0;0;0;11.8743;1.48233;-32.0168;-16.5459;209.185;3.63276;
6.37903;-0.123331;0.0328146;-10.7032;-0.000572176;0.000787732;-0.00285994;0.878004;0.0704458;3.42304;0.152528;-0.258672;-0.0337997;0;0;0;0;0;0;-0.878004;-0.0704458;-3.42304;-1.86953;22.3188;0.0202145;
6.38004;-0.124186;0.0320565;-10.7037;-0.000577879;0.000824643;-0.00282162;0;0;0;0;0;0;0;0;0;0;0;0;0;-0;-0;0;0;0;
6.38105;-0.125176;0.0312435;-10.7041;-0.000589538;0.00086322;-0.00279398;-12.4028;-8.65234;54.698;0.967032;-0.728889;0.209026;0;0;0;0;0;0;12.4028;8.65234;-54.698;-29.3847;355.887;49.5276;
6.382;-0.126126;0.0304724;-10.7046;-0.000604057;0.000900495;-0.0027878;-1.89698;-8.309;21.2166;0.979074;0.00193633;0.143507;0;0;0;0;0;0;1.89698;8.309;-21.2166;-12.4988;137.467;52.663;
6.38302;-0.126911;0.029691;-10.7049;-0.000621726;0.000928848;-0.00281077;0.271508;-0.063943;1.07337;0.0424756;0.0768815;-0.00616418;0;0;0;0;0;0;-0.271508;0.063943;-1.07337;-0.58951;6.84091;0.556646;
6.38403;-0.127255;0.0289065;-10.7051;-0.000638207;0.000943545;-0.0028638;0;0;0;0;0;0;0;0;0;0;0;0;0;-0;-0;0;0;0;
6.38504;-0.127416;0.0281761;-10.7051;-0.000655613;0.000945303;-0.00294656;2.50549;6.76173;21.0114;-1.09601;0.389663;0.00529516;0;0;0;0;0;0;-2.50549;-6.76173;-21.0114;-8.80834;135.309;-42.494;
6.38606;-0.12765;0.0274666;-10.7052;-0.000674681;0.000947635;-0.00304543;0.808994;2.82789;9.0535;-0.32883;0.0470529;-0.0503176;0;0;0;0;0;0;-0.808994;-2.82789;-9.0535;-3.94741;58.4509;-17.8396;
6.38701;-0.128137;0.0267515;-10.7052;-0.000698611;0.000953448;-0.00315512;3.72127;0.703464;14.7881;-0.362846;-0.083181;0.0682458;0;0;0;0;0;0;-3.72127;-0.703464;-14.7881;-7.01486;95.3937;-2.74561;
6.38802;-0.129069;0.0259039;-10.7054;-0.000733633;0.000970948;-0.00329018;3.35919;-2.271;14.6986;0.564167;0.903337;0.021845;0;0;0;0;0;0;-3.35919;2.271;-14.6986;-8.19524;93.8646;16.3642;
6.38903;-0.130318;0.0250411;-10.7057;-0.000777076;0.000993199;-0.00344188;3.23786;-0.053441;12.6092;-0.498623;0.335177;0.133138;0;0;0;0;0;0;-3.23786;0.053441;-12.6092;-5.8576;80.9258;1.84345;
6.39005;-0.131708;0.0242971;-10.7059;-0.000825026;0.00101668;-0.00361243;0.72662;-0.508109;3.19468;0.116023;0.231491;0.0104292;0;0;0;0;0;0;-0.72662;0.508109;-3.19468;-1.77606;20.3662;3.64318;
6.391;-0.133131;0.0237689;-10.7061;-0.000874833;0.00103479;-0.00379564;1.29512;4.81826;13.9535;-0.720332;0.267249;-0.0254241;0;0;0;0;0;0;-1.29512;-4.81826;-13.9535;-5.82422;89.8868;-30.498;
6.39202;-0.134614;0.0234627;-10.7061;-0.000929471;0.0010457;-0.00401661;1.24536;-0.123772;5.328;0.333639;-0.324436;-0.0855212;0;0;0;0;0;0;-1.24536;0.123772;-5.328;-3.0296;34.6734;1.51362;
6.39304;-0.135712;0.0236844;-10.7058;-0.000978502;0.00102844;-0.00426212;0.101205;0.0124121;0.395543;0.0249768;-0.02417;-0.00563221;0;0;0;0;0;0;-0.101205;-0.0124121;-0.395543;-0.222954;2.57331;-0.0237042;
6.39405;-0.136123;0.024405;-10.7051;-0.0010191;0.000977643;-0.00453455;0.633573;1.46302;4.75419;-0.249529;0.0866348;0.00659344;0;0;0;0;0;0;-0.633573;-1.46302;-4.75419;-1.99823;30.6109;-9.15367;
6.39506;-0.136327;0.0254142;-10.7041;-0.00105826;0.000913092;-0.0048148;8.31948;2.08519;34.2326;-0.92562;-0.122342;0.124526;0;0;0;0;0;0;-8.31948;-2.08519;-34.2326;-16.1071;220.784;-9.42613;
6.396;-0.136547;0.0264143;-10.7033;-0.00109719;0.000857905;-0.0050544;3.68232;-2.68907;16.4651;0.682067;0.704293;-0.00319403;0;0;0;0;0;0;-3.68232;2.68907;-16.4651;-9.2448;105.461;19.257;
6.39701;-0.137018;0.027397;-10.7025;-0.00114485;0.000810217;-0.00528066;3.68129;-2.40924;20.15;-0.0743118;-0.699378;0.0363861;0;0;0;0;0;0;-3.68129;2.40924;-20.15;-10.3163;130.707;17.4063;
6.39802;-0.137603;0.0281473;-10.702;-0.00119429;0.00078226;-0.00545575;1.43999;-0.387488;5.71963;0.251265;-0.432021;-0.0925272;0;0;0;0;0;0;-1.43999;0.387488;-5.71963;-3.17094;37.2954;3.32498;
6.39904;-0.137925;0.0286182;-10.7017;-0.00123818;0.000772938;-0.00555408;0;0;0;0;0;0;0;0;0;0;0;0;0;-0;-0;0;0;0;
6.40005;-0.137528;0.0288837;-10.7015;-0.00126473;0.000766712;-0.00556586;0;0;0;0;0;0;0;0;0;0;0;0;0;-0;-0;0;0;0;
6.40101;-0.136417;0.029183;-10.7013;-0.00126389;0.000756852;-0.00549723;0.171994;-0.0625122;0.694292;0.026783;0.0498485;-0.00214658;0;0;0;0;0;0;-0.171994;0.0625122;-0.694292;-0.382748;4.42519;0.493249;
6.40203;-0.13432;0.0296547;-10.701;-0.00123319;0.000737771;-0.00533218;1.14752;-0.580444;4.78111;0.17953;0.344476;-0.00126857;0;0;0;0;0;0;-1.14752;0.580444;-4.78111;-2.64586;30.4757;4.3349;
6.40303;-0.13166;0.0301509;-10.7008;-0.00118096;0.000711589;-0.0051153;0;0;0;0;0;0;0;0;0;0;0;0;0;-0;-0;0;0;0;
6.40404;-0.128828;0.030488;-10.7006;-0.00111809;0.000689196;-0.00487264;0;0;0;0;0;0;0;0;0;0;0;0;0;-0;-0;0;0;0;
6.40505;-0.126018;0.0306661;-10.7006;-0.00105081;0.00067432;-0.00460837;0;0;0;0;0;0;0;0;0;0;0;0;0;-0;-0;0;0;0;
6.40601;-0.123716;0.0307413;-10.7006;-0.000989958;0.000668166;-0.00436622;0;0;0;0;0;0;0;0;0;0;0;0;0;-0;-0;0;0;0;
6.40701;-0.121387;0.0306338;-10.7006;-0.000931104;0.000656694;-0.00415291;0.45991;-0.139344;1.83651;-0.11256;0.0285314;0.0303528;0;0;0;0;0;0;-0.45991;0.139344;-1.83651;-0.826412;11.8081;1.10289;
6.40801;-0.118892;0.0304527;-10.7005;-0.000873828;0.000633291;-0.00398289;-4.00135;-7.14807;37.2414;0.751948;0.00811243;0.152014;0;0;0;0;0;0;4.00135;7.14807;-37.2414;-20.2264;241.357;44.0829;
6.40901;-0.116376;0.0303601;-10.7003;-0.000818275;0.000597054;-0.00384755;0;0;0;0;0;0;0;0;0;0;0;0;0;-0;-0;0;0;0;
6.41002;-0.114028;0.0303667;-10.7;-0.000766237;0.000561606;-0.00372501;0;0;0;0;0;0;0;0;0;0;0;0;0;-0;-0;0;0;0;
6.41102;-0.1123;0.0304947;-10.6999;-0.000720702;0.000544994;-0.00359223;0.822637;-0.577709;3.62011;0.131413;0.262341;0.0120028;0;0;0;0;0;0;-0.822637;0.577709;-3.62011;-2.01271;23.0784;4.14029;
6.41203;-0.111199;0.0306671;-10.7;-0.000683064;0.000544839;-0.00345436;-5.91272;-3.89001;11.6574;0.695118;-0.626671;0.143453;0;0;0;0;0;0;5.91272;3.89001;-11.6574;-6.95685;76.6467;22.0481;
6.41304;-0.110502;0.0307999;-10.7002;-0.000652992;0.000556128;-0.00331306;1.41223;-0.427267;5.63888;0.220162;0.404357;-0.0244996;0;0;0;0;0;0;-1.41223;0.427267;-5.63888;-3.10316;35.9393;3.50035;
6.41405;-0.110093;0.030869;-10.7004;-0.000629807;0.000571983;-0.00319835;0;0;0;0;0;0;0;0;0;0;0;0;0;-0;-0;0;0;0;
6.415;-0.109615;0.0309422;-10.7005;-0.000612073;0.000578378;-0.00312137;-3.1739;-1.76393;8.63662;0.371017;-0.614319;0.0108787;0;0;0;0;0;0;3.1739;1.76393;-8.63662;-4.89799;56.8144;9.80369;
6.41601;-0.109014;0.031149;-10.7006;-0.000592062;0.000583123;-0.00304663;2.22611;-2.52283;11.6623;0.490491;0.360846;0.0363678;0;0;0;0;0;0;-2.22611;2.52283;-11.6623;-6.61755;74.8746;17.4084;
6.41702;-0.10883;0.0314482;-10.7007;-0.000579252;0.000594626;-0.0029812;-0.243183;-1.30345;7.16465;0.116172;-0.218752;0.0389923;0;0;0;0;0;0;0.243183;1.30345;-7.16465;-3.85556;46.6007;8.27227;
6.41803;-0.10895;0.0316339;-10.701;-0.000569337;0.00061286;-0.00290808;0;0;0;0;0;0;0;0;0;0;0;0;0;-0;-0;0;0;0;
6.41904;-0.109571;0.031759;-10.7012;-0.000568675;0.000639089;-0.0028548;0;0;0;0;0;0;0;0;0;0;0;0;0;-0;-0;0;0;0;
6.42005;-0.110283;0.0317566;-10.7015;-0.000573749;0.000665327;-0.0028216;0.867324;-0.412949;3.5876;0.135456;0.258278;-0.00301836;0;0;0;0;0;0;-0.867324;0.412949;-3.5876;-1.98385;22.8676;3.11177;
6.421;-0.110773;0.0317276;-10.7016;-0.000580461;0.000677649;-0.00282198;2.06389;-1.87771;9.70926;0.341717;0.708257;0.0643341;0;0;0;0;0;0;-2.06389;1.87771;-9.70926;-5.42036;61.9067;13.1246;
6.42202;-0.110915;0.0316519;-10.7016;-0.000586129;0.000674098;-0.00284977;1.57734;-1.98454;9.17726;0.444652;-0.0319644;-0.0191513;0;0;0;0;0;0;-1.57734;1.98454;-9.17726;-5.26606;59.2535;13.6542;
6.42304;-0.111072;0.0315146;-10.7014;-0.000595584;0.000664313;-0.00290065;2.05071;-0.551932;8.14546;0.506569;-0.497429;-0.16124;0;0;0;0;0;0;-2.05071;0.551932;-8.14546;-4.66457;52.9954;4.76529;
6.42406;-0.111356;0.0313228;-10.7013;-0.000608007;0.000653188;-0.00296264;0;0;0;0;0;0;0;0;0;0;0;0;0;-0;-0;0;0;0;
6.42502;-0.111589;0.0310334;-10.7011;-0.000623;0.000639223;-0.0030439;0;0;0;0;0;0;0;0;0;0;0;0;0;-0;-0;0;0;0;
6.42604;-0.111885;0.0306382;-10.7008;-0.00064314;0.000615255;-0.00315584;1.47766;0.526931;6.45624;-0.0570515;-0.093502;-0.00512983;0;0;0;0;0;0;-1.47766;-0.526931;-6.45624;-3.1419;41.7192;-2.66003;
6.42706;-0.112266;0.0302302;-10.7005;-0.000663666;0.000589134;-0.00328025;-13.4098;5.45332;59.354;-0.541059;-0.535847;-0.124022;0;0;0;0;0;0;13.4098;-5.45332;-59.354;-28.8067;385.92;-41.9147;
6.42802;-0.112512;0.0298822;-10.7001;-0.000681676;0.000560244;-0.00340584;2.28201;-3.1329;13.6768;0.653371;-0.0114042;-0.0217584;0;0;0;0;0;0;-2.28201;3.1329;-13.6768;-7.85625;88.2753;21.4419;
6.42904;-0.112598;0.029581;-10.6997;-0.000697363;0.000528471;-0.00353457;-0.00139316;-0.616093;1.52167;0.0430249;0.121632;0.0492858;0;0;0;0;0;0;0.00139316;0.616093;-1.52167;-0.871255;9.72418;3.93633;
6.43005;-0.112833;0.0293364;-10.6993;-0.000713983;0.000497833;-0.00366942;4.84419;0.00296023;18.8759;-0.387434;-0.351702;0.0851782;0;0;0;0;0;0;-4.84419;-0.00296023;-18.8759;-9.11949;121.998;2.33555;
6.43101;-0.112888;0.0291004;-10.699;-0.000724212;0.000468023;-0.00379382;8.07049;2.29561;32.7695;-0.928494;-0.0913094;0.15588;0;0;0;0;0;0;-8.07049;-2.29561;-32.7695;-15.3462;211.31;-10.9443;
6.43202;-0.113065;0.0288795;-10.6987;-0.000732058;0.000441248;-0.00392176;3.07869;-1.7193;13.0024;0.483647;0.93818;0.00953786;0;0;0;0;0;0;-3.07869;1.7193;-13.0024;-7.20506;82.8824;12.6655;
6.43302;-0.113087;0.0286966;-10.6985;-0.000733787;0.00041442;-0.00403178;0.0988275;-0.690272;4.77403;-0.0575534;-0.126838;0.0497369;0;0;0;0;0;0;-0.0988275;0.690272;-4.77403;-2.41624;31.0064;4.46631;
6.43403;-0.112724;0.028556;-10.6983;-0.00072508;0.000388958;-0.00411948;0;0;0;0;0;0;0;0;0;0;0;0;0;-0;-0;0;0;0;
6.43503;-0.112583;0.0283872;-10.6982;-0.000712566;0.000374;-0.00417325;0;0;0;0;0;0;0;0;0;0;0;0;0;-0;-0;0;0;0;
6.43602;-0.112313;0.0282272;-10.6981;-0.000692565;0.000360106;-0.00420497;0;0;0;0;0;0;0;0;0;0;0;0;0;-0;-0;0;0;0;
6.43702;-0.111777;0.0281359;-10.6981;-0.000663415;0.000347145;-0.0042063;4.54853;7.58713;27.8489;-1.11788;0.689508;-0.00710468;0;0;0;0;0;0;-4.54853;-7.58713;-27.8489;-12.1476;179.045;-46.793;
6.43803;-0.111248;0.0280255;-10.6982;-0.000630832;0.000343721;-0.00417108;0;0;0;0;0;0;0;0;0;0;0;0;0;-0;-0;0;0;0;
6.43905;-0.110601;0.0278608;-10.6983;-0.000597401;0.000341101;-0.00412337;2.23345;12.75;34.7469;-1.77649;0.688271;-0.138365;0;0;0;0;0;0;-2.23345;-12.75;-34.7469;-14.4454;223.91;-81.2331;
6.44;-0.109759;0.0276801;-10.6984;-0.000564403;0.000337761;-0.00406729;2.52956;3.68795;14.4006;-0.772887;0.248453;0.0721345;0;0;0;0;0;0;-2.52956;-3.68795;-14.4006;-6.11029;92.6741;-22.6602;
6.44102;-0.109041;0.027473;-10.6986;-0.000530999;0.000344627;-0.00397948;3.04948;-5.42957;20.5004;0.88706;0.39054;0.0859624;0;0;0;0;0;0;-3.04948;5.42957;-20.5004;-11.7573;131.948;36.5809;
6.44204;-0.108696;0.0272779;-10.6989;-0.00050463;0.000362727;-0.00386552;0;0;0;0;0;0;0;0;0;0;0;0;0;-0;-0;0;0;0;
6.44304;-0.108686;0.0270133;-10.6994;-0.000487161;0.000395218;-0.00373664;1.68176;-2.85539;10.7933;0.433465;0.378941;0.0815658;0;0;0;0;0;0;-1.68176;2.85539;-10.7933;-6.15622;69.2885;19.2408;
6.44405;-0.109031;0.0266515;-10.6999;-0.000481228;0.0004393;-0.00360588;0;0;0;0;0;0;0;0;0;0;0;0;0;-0;-0;0;0;0;
6.44504;-0.109198;0.0262923;-10.7004;-0.000478671;0.000478274;-0.00348831;1.3255;-3.70364;11.4062;0.35244;0.867993;0.240884;0;0;0;0;0;0;-1.3255;3.70364;-11.4062;-6.46898;72.8007;24.3904;
6.44604;-0.109224;0.0259886;-10.7007;-0.000477049;0.000505086;-0.00339162;0.145393;0.000843946;0.565789;0.0355634;-0.0345802;-0.00908731;0;0;0;0;0;0;-0.145393;-0.000843946;-0.565789;-0.320451;3.68082;0.0768572;
6.44704;-0.109771;0.0256221;-10.701;-0.000484037;0.000537657;-0.00330566;-5.99393;-2.32067;10.0973;0.431921;-0.701968;0.0950618;0;0;0;0;0;0;5.99393;2.32067;-10.0973;-5.75048;66.6361;11.9014;
6.44804;-0.110705;0.0251608;-10.7014;-0.000497827;0.00058025;-0.00323124;1.59991;-1.14643;34.6189;0.16649;0.0318326;-0.0222122;0;0;0;0;0;0;-1.59991;1.14643;-34.6189;-17.7181;223.803;8.2458;
6.44906;-0.11153;0.0247485;-10.7017;-0.000510094;0.000612729;-0.00317787;0;0;0;0;0;0;0;0;0;0;0;0;0;-0;-0;0;0;0;
6.45001;-0.112082;0.02443;-10.7017;-0.000514575;0.000623108;-0.00315796;0.742947;-0.46888;3.20144;0.117595;0.231492;0.00661425;0;0;0;0;0;0;-0.742947;0.46888;-3.20144;-1.77711;20.4083;3.40138;
6.45103;-0.112229;0.0241484;-10.7013;-0.000508331;0.000602154;-0.00317285;0;0;0;0;0;0;0;0;0;0;0;0;0;-0;-0;0;0;0;
6.45205;-0.112129;0.0238436;-10.7006;-0.000489048;0.000553298;-0.00322162;-10.689;5.24913;38.6571;-0.415538;-0.63886;-0.139437;0;0;0;0;0;0;10.689;-5.24913;-38.6571;-18.5284;251.835;-39.2077;
6.453;-0.112264;0.0234138;-10.6998;-0.000466537;0.000504994;-0.00327435;0;0;0;0;0;0;0;0;0;0;0;0;0;-0;-0;0;0;0;
6.45402;-0.112676;0.0227297;-10.6989;-0.000439659;0.000452572;-0.00333146;-0.746125;-2.50091;11.6691;0.527339;-0.564976;-0.0389294;0;0;0;0;0;0;0.746125;2.50091;-11.6691;-6.65565;76.1426;15.8448;
6.45504;-0.113099;0.0218259;-10.6979;-0.000404891;0.000388051;-0.00341047;0.324797;0.0249209;1.26607;0.0564038;-0.0956755;-0.0125865;0;0;0;0;0;0;-0.324797;-0.0249209;-1.26607;-0.691588;8.25495;0.0149317;
6.45605;-0.113167;0.0208032;-10.6967;-0.000362966;0.000314545;-0.00349042;0;0;0;0;0;0;0;0;0;0;0;0;0;-0;-0;0;0;0;
6.45702;-0.112952;0.0198663;-10.6956;-0.000320211;0.000242194;-0.00355463;0;0;0;0;0;0;0;0;0;0;0;0;0;-0;-0;0;0;0;
6.458;-0.112554;0.0190489;-10.6945;-0.000282718;0.000176292;-0.0036107;0;0;0;0;0;0;0;0;0;0;0;0;0;-0;-0;0;0;0;
6.459;-0.1119;0.0184541;-10.6937;-0.000257519;0.000123135;-0.00365584;0;0;0;0;0;0;0;0;0;0;0;0;0;-0;-0;0;0;0;
6.46001;-0.111002;0.0182534;-10.6932;-0.000249681;9.40349e-05;-0.00367415;0;0;0;0;0;0;0;0;0;0;0;0;0;-0;-0;0;0;0;
6.46102;-0.109891;0.0184621;-10.6931;-0.000258776;8.7644e-05;-0.00366586;4.09036;-7.15564;26.7251;1.05179;1.0361;0.236129;0;0;0;0;0;0;-4.09036;7.15564;-26.7251;-15.2304;171.473;48.1232;
6.46202;-0.108532;0.0190735;-10.6933;-0.000283063;9.33088e-05;-0.0036515;3.33045;6.22212;56.2845;-0.852045;0.597691;-0.0825416;0;0;0;0;0;0;-3.33045;-6.22212;-56.2845;-26.8727;363.246;-38.4989;
6.46302;-0.107029;0.0200297;-10.6937;-0.000317137;0.000112826;-0.00362264;0.793155;-1.97166;6.26686;0.195716;0.474779;0.124603;0;0;0;0;0;0;-0.793155;1.97166;-6.26686;-3.54997;39.9941;13.0321;
6.46403;-0.105706;0.0211039;-10.6943;-0.000362651;0.000145431;-0.00358766;1.73551;-0.461778;6.89038;0.428555;-0.420796;-0.136143;0;0;0;0;0;0;-1.73551;0.461778;-6.89038;-3.94538;44.8295;3.99811;
6.46504;-0.104535;0.022068;-10.695;-0.000413222;0.000183159;-0.00356254;3.05733;0.321584;11.9354;-0.703351;0.183872;0.175213;0;0;0;0;0;0;-3.05733;-0.321584;-11.9354;-5.27593;76.7351;-0.716065;
6.46605;-0.103595;0.0230582;-10.6957;-0.000459904;0.000218463;-0.00354622;0;0;0;0;0;0;0;0;0;0;0;0;0;-0;-0;0;0;0;
6.46701;-0.102957;0.0239737;-10.6963;-0.000497221;0.000246933;-0.00354414;0;0;0;0;0;0;0;0;0;0;0;0;0;-0;-0;0;0;0;
6.46802;-0.102665;0.0247147;-10.6968;-0.000533484;0.000271912;-0.00356483;1.36152;4.95277;14.4023;-0.743948;0.275296;-0.0243421;0;0;0;0;0;0;-1.36152;-4.95277;-14.4023;-6.01322;92.7751;-31.3358;
6.46904;-0.102944;0.0251987;-10.6972;-0.000567069;0.000297664;-0.00361632;0;0;0;0;0;0;0;0;0;0;0;0;0;-0;-0;0;0;0;
6.47006;-0.103614;0.0256311;-10.6975;-0.000599322;0.000317058;-0.00369378;0;0;0;0;0;0;0;0;0;0;0;0;0;-0;-0;0;0;0;
6.47101;-0.104598;0.0261494;-10.6977;-0.000625329;0.000329137;-0.00379596;0;0;0;0;0;0;0;0;0;0;0;0;0;-0;-0;0;0;0;
6.47201;-0.105954;0.0268214;-10.6978;-0.00065389;0.000340489;-0.00392488;5.71201;3.47005;59.857;-0.389638;0.879212;-0.0759909;0;0;0;0;0;0;-5.71201;-3.47005;-59.857;-29.4106;385.84;-19.4993;
6.47303;-0.107702;0.0275706;-10.6979;-0.000684372;0.000354746;-0.00407215;0.0944408;-0.00034818;0.367508;0.0163184;-0.0277735;-0.00421975;0;0;0;0;0;0;-0.0944408;0.00034818;-0.367508;-0.201458;2.39619;0.0540399;
6.47405;-0.109689;0.028403;-10.698;-0.000714623;0.000372102;-0.00421898;2.6374;-2.24781;12.2714;0.469298;0.701195;0.0486051;0;0;0;0;0;0;-2.6374;2.24781;-12.2714;-6.8756;78.434;15.8238;
6.47501;-0.111717;0.0292385;-10.6981;-0.00073943;0.000387636;-0.0043378;-3.73558;-7.56614;29.3182;0.706473;-0.768323;0.212267;0;0;0;0;0;0;3.73558;7.56614;-29.3182;-16.2323;190.84;46.8614;
6.47603;-0.113875;0.0300586;-10.6981;-0.00075176;0.000401957;-0.00442225;0;0;0;0;0;0;0;0;0;0;0;0;0;-0;-0;0;0;0;
6.47704;-0.11573;0.0307371;-10.698;-0.000742398;0.000409398;-0.0044268;0;0;0;0;0;0;0;0;0;0;0;0;0;-0;-0;0;0;0;
6.478;-0.11727;0.031183;-10.6978;-0.000710445;0.000412912;-0.00435027;0;0;0;0;0;0;0;0;0;0;0;0;0;-0;-0;0;0;0;
6.47902;-0.118406;0.0312194;-10.6976;-0.000646316;0.000410244;-0.00417046;0;0;0;0;0;0;0;0;0;0;0;0;0;-0;-0;0;0;0;
6.48004;-0.119208;0.0306779;-10.6972;-0.000551642;0.000398251;-0.00390943;0;0;0;0;0;0;0;0;0;0;0;0;0;-0;-0;0;0;0;
6.481;-0.119672;0.0295928;-10.6966;-0.000436781;0.000376352;-0.00361646;1.78676;0.770714;7.315;-0.417903;0.114693;0.0899927;0;0;0;0;0;0;-1.78676;-0.770714;-7.315;-3.18915;47.0362;-4.17679;
6.48202;-0.11973;0.0278763;-10.696;-0.000298167;0.000343231;-0.0032922;10.7817;-0.468169;44.692;0.00381133;1.22941;-0.00887554;0;0;0;0;0;0;-10.7817;0.468169;-44.692;-22.561;286.859;8.46852;
6.48304;-0.119325;0.0258108;-10.6953;-0.000158414;0.00030627;-0.00299472;0;0;0;0;0;0;0;0;0;0;0;0;0;-0;-0;0;0;0;
6.48406;-0.118433;0.0238083;-10.6947;-3.45066e-05;0.000275847;-0.00273744;1.66063;-2.95278;10.5416;0.341128;0.787944;0.16697;0;0;0;0;0;0;-1.66063;2.95278;-10.5416;-5.9469;67.2529;19.7748;
6.48501;-0.117262;0.0224699;-10.6945;5.21922e-05;0.000267377;-0.00253038;0;0;0;0;0;0;0;0;0;0;0;0;0;-0;-0;0;0;0;
6.48602;-0.115511;0.0217635;-10.6947;0.000101527;0.000279302;-0.00236515;1.13925;-0.5692;4.73936;0.292346;-0.28891;-0.104973;0;0;0;0;0;0;-1.13925;0.5692;-4.73936;-2.73654;30.8396;4.36167;
6.48704;-0.113139;0.0218013;-10.6953;0.000106793;0.000310384;-0.00225807;0.350938;-0.685898;2.35972;0.141682;-0.141766;-0.0622779;0;0;0;0;0;0;-0.350938;0.685898;-2.35972;-1.39902;15.3746;4.67699;
6.48805;-0.110582;0.022553;-10.6962;7.22485e-05;0.000359369;-0.00219998;0;0;0;0;0;0;0;0;0;0;0;0;0;-0;-0;0;0;0;
6.48901;-0.108422;0.023764;-10.6973;1.64726e-05;0.000417319;-0.00216407;0.0995551;-0.971829;5.80744;0.355587;-0.341535;-0.0632488;0;0;0;0;0;0;-0.0995551;0.971829;-5.80744;-3.37814;37.9074;6.40141;
6.49003;-0.106514;0.0252364;-10.6985;-5.49545e-05;0.000482116;-0.00214563;5.91992;2.94327;31.6159;-0.948407;0.240569;0.141809;0;0;0;0;0;0;-5.91992;-2.94327;-31.6159;-14.6805;203.73;-16.2039;
6.49104;-0.105231;0.0265485;-10.6996;-0.000130619;0.000539478;-0.00217401;0;0;0;0;0;0;0;0;0;0;0;0;0;-0;-0;0;0;0;
6.49206;-0.104616;0.0274726;-10.7004;-0.000207527;0.000582016;-0.00226013;-15.9993;-9.5626;30.3698;1.25517;-1.24386;0.292358;0;0;0;0;0;0;15.9993;9.5626;-30.3698;-17.511;199.35;53.522;
6.49302;-0.104684;0.0280395;-10.701;-0.000278141;0.000612337;-0.00238767;-1.14468;3.17234;33.2374;-0.446826;-0.220563;-0.125944;0;0;0;0;0;0;1.14468;-3.17234;-33.2374;-15.9757;215.391;-20.9765;
6.49403;-0.105499;0.0284086;-10.7014;-0.000350999;0.000635777;-0.00257111;1.05063;0.00998052;4.08854;0.181642;-0.308981;-0.0459223;0;0;0;0;0;0;-1.05063;-0.00998052;-4.08854;-2.23993;26.6576;0.510522;
6.49503;-0.106918;0.0285391;-10.7016;-0.000423641;0.000649718;-0.00280332;1.07349;1.03741;5.14784;-0.282732;0.0849374;0.0418418;0;0;0;0;0;0;-1.07349;-1.03741;-5.14784;-2.20603;33.1154;-6.21352;
6.49602;-0.108701;0.0284409;-10.7016;-0.000499696;0.000652812;-0.00309095;-4.32488;1.34167;22.6941;-0.0269184;-0.639091;-0.0312886;0;0;0;0;0;0;4.32488;-1.34167;-22.6941;-11.2689;147.91;-10.828;
6.49701;-0.110724;0.0282641;-10.7015;-0.000582175;0.0006467;-0.00342411;2.28659;7.75991;22.8705;-1.18378;0.434315;-0.0290076;0;0;0;0;0;0;-2.28659;-7.75991;-22.8705;-9.55704;147.315;-49.0281;
6.49802;-0.112571;0.0281232;-10.7014;-0.00066242;0.000639428;-0.00374859;0.348222;-1.75529;5.6999;0.233107;0.147744;0.0761867;0;0;0;0;0;0;-0.348222;1.75529;-5.6999;-3.28009;36.6973;11.4564;
6.49903;-0.114405;0.0281582;-10.7012;-0.000735646;0.000636407;-0.00402928;0.548851;-0.365405;2.38903;0.0872496;0.172928;0.00640496;0;0;0;0;0;0;-0.548851;0.365405;-2.38903;-1.3272;15.2297;2.63431;
6.50005;-0.115843;0.0282494;-10.7012;-0.000789411;0.000635519;-0.00422657;0;0;0;0;0;0;0;0;0;0;0;0;0;-0;-0;0;0;0;
6.501;-0.116619;0.0282876;-10.7011;-0.000818171;0.000634622;-0.00433088;0;0;0;0;0;0;0;0;0;0;0;0;0;-0;-0;0;0;0;
6.50201;-0.116573;0.028194;-10.701;-0.000824655;0.000627519;-0.00435025;-2.1358;-4.25024;22.5894;0.97294;-1.65063;-0.218579;0;0;0;0;0;0;2.1358;4.25024;-22.5894;-12.777;148.024;26.6431;
6.50302;-0.115618;0.0280106;-10.7009;-0.000808524;0.000618922;-0.00427255;-7.23723;-5.25627;14.9615;0.757323;-0.712542;0.0968106;0;0;0;0;0;0;7.23723;5.25627;-14.9615;-8.82037;98.2438;30.2675;
6.50406;-0.113788;0.0277781;-10.7009;-0.000773454;0.000610148;-0.00410016;-6.9491;-5.96573;16.1962;0.868049;-0.825944;0.117336;0;0;0;0;0;0;6.9491;5.96573;-16.1962;-9.62415;106.317;34.9826;
6.50504;-0.111505;0.0275016;-10.701;-0.000727164;0.00060438;-0.00387873;0;0;0;0;0;0;0;0;0;0;0;0;0;-0;-0;0;0;0;
6.50604;-0.108909;0.0270919;-10.701;-0.000674348;0.000593718;-0.0036401;0.185946;-0.0234038;0.726905;0.0454539;-0.04442;-0.0130575;0;0;0;0;0;0;-0.185946;0.0234038;-0.726905;-0.413926;4.72905;0.258143;
6.50704;-0.106373;0.0265823;-10.7009;-0.000621239;0.000578557;-0.00341331;0;0;0;0;0;0;0;0;0;0;0;0;0;-0;-0;0;0;0;
6.50805;-0.103572;0.0259166;-10.7008;-0.000565365;0.000560824;-0.00318367;5.99715;8.88934;74.2223;-2.62541;0.0517484;0.350558;0;0;0;0;0;0;-5.99715;-8.88934;-74.2223;-33.8668;479.586;-54.8465;
6.50905;-0.101013;0.0252383;-10.7007;-0.000512804;0.000542946;-0.00298353;0;0;0;0;0;0;0;0;0;0;0;0;0;-0;-0;0;0;0;
6.51004;-0.0986346;0.0245781;-10.7006;-0.000467509;0.000523635;-0.00281639;0;0;0;0;0;0;0;0;0;0;0;0;0;-0;-0;0;0;0;
6.51105;-0.0965953;0.0239618;-10.7005;-0.000432201;0.000506106;-0.00268763;2.97951;-1.88234;12.8414;0.471666;0.928554;0.0266735;0;0;0;0;0;0;-2.97951;1.88234;-12.8414;-7.12842;81.8602;13.6533;
6.512;-0.0949718;0.0233893;-10.7003;-0.000406105;0.000490805;-0.0025937;2.52094;11.0687;45.2436;-1.32066;0.331203;-0.211501;0;0;0;0;0;0;-2.52094;-11.0687;-45.2436;-20.3571;292.155;-70.1361;
6.51301;-0.0935482;0.0227504;-10.7002;-0.000384063;0.000476444;-0.00252821;0.394213;-0.128993;1.5807;0.0614203;0.113403;-0.00606347;0;0;0;0;0;0;-0.394213;0.128993;-1.5807;-0.870523;10.0746;1.03924;
6.51401;-0.0924304;0.0220853;-10.7;-0.000368821;0.00045703;-0.00250098;5.97999;7.4446;33.7884;-1.28457;0.236989;0.0273988;0;0;0;0;0;0;-5.97999;-7.4446;-33.7884;-14.987;217.784;-45.1841;
6.51505;-0.0915464;0.0213589;-10.6997;-0.000358306;0.000437068;-0.00250479;0.53901;-0.068924;2.10743;0.0852589;0.15075;-0.0168761;0;0;0;0;0;0;-0.53901;0.068924;-2.10743;-1.15363;13.4308;0.73432;
6.51603;-0.090951;0.0207035;-10.6995;-0.000352989;0.00041816;-0.00252698;-6.44746;-11.7081;51.2136;1.16304;-0.0667455;0.271334;0;0;0;0;0;0;6.44746;11.7081;-51.2136;-28.1326;332.08;72.236;
6.51702;-0.0905787;0.0200538;-10.6993;-0.000352956;0.000401275;-0.00257181;0;0;0;0;0;0;0;0;0;0;0;0;0;-0;-0;0;0;0;
6.51803;-0.0905371;0.019361;-10.699;-0.000358249;0.000387937;-0.00263177;0;0;0;0;0;0;0;0;0;0;0;0;0;-0;-0;0;0;0;
6.51904;-0.0908067;0.0186131;-10.6989;-0.000367588;0.000381282;-0.00269608;1.16003;-0.0100414;4.51422;0.283579;-0.275907;-0.0734855;0;0;0;0;0;0;-1.16003;0.0100414;-4.51422;-2.55829;29.3678;0.722734;
6.52005;-0.0913668;0.0178473;-10.6988;-0.000381762;0.000378952;-0.00277055;0;0;0;0;0;0;0;0;0;0;0;0;0;-0;-0;0;0;0;
6.521;-0.0921065;0.0170992;-10.6987;-0.000400685;0.000379851;-0.00285169;0;0;0;0;0;0;0;0;0;0;0;0;0;-0;-0;0;0;0;
6.52201;-0.0930659;0.0162938;-10.6987;-0.000428237;0.000389214;-0.0029482;0;0;0;0;0;0;0;0;0;0;0;0;0;-0;-0;0;0;0;
6.52303;-0.0939964;0.0155011;-10.6987;-0.000460664;0.000399541;-0.00304297;-0.274737;-1.8409;9.86634;-0.0171188;-0.193997;0.116518;0;0;0;0;0;0;0.274737;1.8409;-9.86634;-5.137;64.0595;11.6562;
6.52404;-0.0950532;0.0147861;-10.6987;-0.000495006;0.000412136;-0.00314607;3.31998;-0.351633;12.9736;-0.0151922;-0.277921;0.00291059;0;0;0;0;0;0;-3.31998;0.351633;-12.9736;-6.55456;83.8873;3.94444;
6.52505;-0.0960759;0.014194;-10.6988;-0.00053065;0.000424146;-0.00324829;0;0;0;0;0;0;0;0;0;0;0;0;0;-0;-0;0;0;0;
6.52601;-0.0970136;0.0138401;-10.6988;-0.000565057;0.000435649;-0.00333525;0;0;0;0;0;0;0;0;0;0;0;0;0;-0;-0;0;0;0;
6.52702;-0.0980068;0.0136329;-10.6989;-0.000601602;0.000452032;-0.00341233;0;0;0;0;0;0;0;0;0;0;0;0;0;-0;-0;0;0;0;
6.52803;-0.0991315;0.0134649;-10.6991;-0.000642416;0.000471245;-0.00350204;0;0;0;0;0;0;0;0;0;0;0;0;0;-0;-0;0;0;0;
6.52905;-0.100251;0.013305;-10.6992;-0.000688506;0.000489578;-0.00360453;1.83946;-1.15624;7.92069;0.291087;0.572679;0.0159978;0;0;0;0;0;0;-1.83946;1.15624;-7.92069;-4.39655;50.4918;8.3917;
6.53;-0.101319;0.0132808;-10.6993;-0.000733815;0.000505379;-0.00370543;0;0;0;0;0;0;0;0;0;0;0;0;0;-0;-0;0;0;0;
6.53102;-0.102384;0.013452;-10.6993;-0.000780752;0.000516457;-0.00380867;4.83709;3.70536;22.9101;-0.791475;-0.0468343;0.0623035;0;0;0;0;0;0;-4.83709;-3.70536;-22.9101;-10.3761;147.796;-21.6007;
6.53202;-0.103446;0.0137549;-10.6993;-0.000826416;0.000523205;-0.00391742;-5.89068;-5.41583;13.9143;0.806629;-0.668464;0.0622931;0;0;0;0;0;0;5.89068;5.41583;-13.9143;-8.35822;91.2884;32.0126;
6.53303;-0.104371;0.0141499;-10.6992;-0.000870274;0.000523083;-0.0040292;-20.3362;5.5157;90.1664;-0.779626;-0.670268;-0.0283168;0;0;0;0;0;0;20.3362;-5.5157;-90.1664;-44.0818;586.111;-45.9026;
6.53403;-0.105049;0.0145639;-10.699;-0.000909841;0.000518567;-0.00412636;5.46424;-10.9349;41.5757;1.01163;0.639113;0.351265;0;0;0;0;0;0;-5.46424;10.9349;-41.5757;-23.0493;267.819;73.1529;
6.53503;-0.105927;0.0149406;-10.6988;-0.000948599;0.00051652;-0.00422426;2.0474;7.26832;21.2331;-1.09755;0.404964;-0.0327924;0;0;0;0;0;0;-2.0474;-7.26832;-21.2331;-8.86792;136.773;-45.964;
6.53604;-0.106477;0.0152027;-10.6986;-0.000978919;0.000509405;-0.00430283;0;0;0;0;0;0;0;0;0;0;0;0;0;-0;-0;0;0;0;
6.53705;-0.106636;0.0153403;-10.6984;-0.000996441;0.000498246;-0.00435553;2.95537;12.2564;34.8455;-1.79365;0.673879;-0.0849007;0;0;0;0;0;0;-2.95537;-12.2564;-34.8455;-14.5277;224.49;-77.7285;
6.53806;-0.106203;0.0153883;-10.6981;-0.000992434;0.000479607;-0.004352;0.607608;-0.810252;7.59948;0.469751;-0.45153;-0.0857002;0;0;0;0;0;0;-0.607608;0.810252;-7.59948;-4.37872;49.5613;5.63429;
6.53901;-0.105209;0.0154671;-10.6978;-0.000967604;0.000456617;-0.00429851;0;0;0;0;0;0;0;0;0;0;0;0;0;-0;-0;0;0;0;
6.54003;-0.103502;0.0156031;-10.6974;-0.000919711;0.000421504;-0.00420173;2.32025;-5.55152;18.7811;0.887542;-0.036613;-0.0396489;0;0;0;0;0;0;-2.32025;5.55152;-18.7811;-10.904;121.322;37.1281;
6.54104;-0.101365;0.0156506;-10.697;-0.000852188;0.000378552;-0.00406932;-1.98105;-1.14068;4.38292;0.186524;-0.309128;0.00385512;0;0;0;0;0;0;1.98105;1.14068;-4.38292;-2.50853;28.8665;6.37886;
6.542;-0.0991678;0.0154629;-10.6965;-0.000774432;0.000333927;-0.00392063;0;0;0;0;0;0;0;0;0;0;0;0;0;-0;-0;0;0;0;
6.54302;-0.0967765;0.0150404;-10.6961;-0.000685707;0.000286791;-0.00374894;0.610783;1.78454;5.43583;-0.282732;0.101684;-0.00161363;0;0;0;0;0;0;-0.610783;-1.78454;-5.43583;-2.27615;35.0083;-11.2372;
6.54403;-0.0944502;0.0144937;-10.6956;-0.000596322;0.000240742;-0.00358814;0;0;0;0;0;0;0;0;0;0;0;0;0;-0;-0;0;0;0;
6.54505;-0.0922598;0.0137995;-10.6951;-0.000507559;0.000192729;-0.00344097;4.44642;-6.03544;24.9914;0.894175;0.655246;0.109076;0;0;0;0;0;0;-4.44642;6.03544;-24.9914;-14.0872;160.6;41.1814;
6.546;-0.0904185;0.0130816;-10.6946;-0.000422789;0.000145513;-0.00331484;0;0;0;0;0;0;0;0;0;0;0;0;0;-0;-0;0;0;0;
6.54701;-0.0886396;0.012419;-10.694;-0.000338191;9.80567e-05;-0.00319776;0.618984;-0.574391;5.93653;0.367523;-0.354112;-0.0725828;0;0;0;0;0;0;-0.618984;0.574391;-5.93653;-3.41524;38.7029;4.10082;
6.54803;-0.0869668;0.0118497;-10.6936;-0.000265278;5.87491e-05;-0.00310093;3.28108;-3.242;17.4253;0.92695;-0.429463;-0.151286;0;0;0;0;0;0;-3.28108;3.242;-17.4253;-10.0289;112.846;22.7805;
6.54904;-0.0855089;0.0113485;-10.6933;-0.000205978;2.72022e-05;-0.00303188;0;0;0;0;0;0;0;0;0;0;0;0;0;-0;-0;0;0;0;
6.55006;-0.0841979;0.0109534;-10.693;-0.000158906;2.12524e-06;-0.00297895;2.19749;10.7143;29.7559;-1.52598;0.582932;-0.0972036;0;0;0;0;0;0;-2.19749;-10.7143;-29.7559;-12.3866;191.725;-68.1203;
6.55101;-0.0830404;0.0107693;-10.6929;-0.000126581;-1.22339e-05;-0.00294271;0;0;0;0;0;0;0;0;0;0;0;0;0;-0;-0;0;0;0;
6.55202;-0.0818441;0.0107853;-10.6929;-0.00010803;-1.7633e-05;-0.00291578;0.668033;0.788487;3.4506;-0.187378;0.058116;0.0229962;0;0;0;0;0;0;-0.668033;-0.788487;-3.4506;-1.47152;22.2012;-4.78824;
6.55302;-0.0807049;0.0108651;-10.693;-9.9746e-05;-1.74624e-05;-0.00289816;0;0;0;0;0;0;0;0;0;0;0;0;0;-0;-0;0;0;0;
6.55402;-0.0797258;0.0109078;-10.6931;-9.68697e-05;-1.44532e-05;-0.00289079;0;0;0;0;0;0;0;0;0;0;0;0;0;-0;-0;0;0;0;
6.55503;-0.0787254;0.0109658;-10.6932;-9.83308e-05;-1.00488e-05;-0.00287867;3.00671;-3.98273;16.82;0.660069;0.727012;0.12053;0;0;0;0;0;0;-3.00671;3.98273;-16.82;-9.53149;107.801;27.1632;
6.55604;-0.078033;0.0110599;-10.6934;-0.00010532;-3.95215e-06;-0.00288234;-9.00258;10.3809;71.8652;-1.05789;-0.26165;-0.301528;0;0;0;0;0;0;9.00258;-10.3809;-71.8652;-34.0977;466.152;-71.4003;
6.55702;-0.0775117;0.011032;-10.6935;-0.000113119;2.5042e-07;-0.00289135;-18.7316;3.28815;86.5888;-0.210772;-1.01577;-0.190595;0;0;0;0;0;0;18.7316;-3.28815;-86.5888;-43.0723;563.147;-30.5193;
6.55805;-0.077135;0.0108391;-10.6935;-0.000121125;2.50115e-06;-0.00290906;4.62924;-3.42928;20.6142;0.743837;1.49561;0.0817625;0;0;0;0;0;0;-4.62924;3.42928;-20.6142;-11.4708;131.419;24.4382;
6.559;-0.0768791;0.0105905;-10.6935;-0.000130928;2.92917e-06;-0.00293301;0;0;0;0;0;0;0;0;0;0;0;0;0;-0;-0;0;0;0;
6.56;-0.0767016;0.0103327;-10.6934;-0.000144374;4.87794e-07;-0.00296545;-1.52103;-2.93294;9.71294;0.523633;-0.518908;-0.0568571;0;0;0;0;0;0;1.52103;2.93294;-9.71294;-5.71006;63.5168;18.2676;
6.561;-0.0764872;0.0101459;-10.6933;-0.000159168;-2.08292e-06;-0.0029969;3.90566;-0.685319;15.3335;0.676049;-1.15856;-0.223981;0;0;0;0;0;0;-3.90566;0.685319;-15.3335;-8.46794;99.9782;6.62537;
6.56202;-0.0763522;0.0100638;-10.6932;-0.000178348;-3.09427e-06;-0.00303226;3.4365;5.99505;22.08;-1.04936;0.311707;0.0395775;0;0;0;0;0;0;-3.4365;-5.99505;-22.08;-9.47049;142.207;-37.0982;
6.56303;-0.0760938;0.0101299;-10.6932;-0.000203567;7.21128e-07;-0.00306303;1.30546;1.02022;5.88831;-0.327217;0.0953795;0.0560199;0;0;0;0;0;0;-1.30546;-1.02022;-5.88831;-2.53626;37.8726;-5.99956;
6.56404;-0.0756416;0.0103487;-10.6933;-0.000232345;8.56861e-06;-0.00307935;0.118535;-0.0449015;0.479939;0.0297269;-0.0292883;-0.0100821;0;0;0;0;0;0;-0.118535;0.0449015;-0.479939;-0.275966;3.12272;0.36031;
6.56506;-0.0749475;0.010779;-10.6935;-0.000262262;2.05003e-05;-0.0030725;0;0;0;0;0;0;0;0;0;0;0;0;0;-0;-0;0;0;0;
6.56601;-0.0740196;0.0114116;-10.6937;-0.000289353;3.67297e-05;-0.00303727;0;0;0;0;0;0;0;0;0;0;0;0;0;-0;-0;0;0;0;
6.56703;-0.0727696;0.0122869;-10.6941;-0.000314291;5.76419e-05;-0.00296451;0.819467;1.52722;5.35053;-0.283556;0.0950843;0.0162883;0;0;0;0;0;0;-0.819467;-1.52722;-5.35053;-2.25819;34.442;-9.48502;
6.56805;-0.0714255;0.0132581;-10.6945;-0.000333224;8.06138e-05;-0.00286038;1.50378;11.5778;31.1457;-1.51572;0.582997;-0.178136;0;0;0;0;0;0;-1.50378;-11.5778;-31.1457;-13.0103;200.787;-73.9758;
6.569;-0.0699718;0.0141504;-10.6949;-0.00034289;0.000103556;-0.00273036;0;0;0;0;0;0;0;0;0;0;0;0;0;-0;-0;0;0;0;
6.57001;-0.068472;0.0150495;-10.6953;-0.000346613;0.000127677;-0.00257775;0.408769;-0.199492;1.69568;0.104635;-0.103381;-0.0373864;0;0;0;0;0;0;-0.408769;0.199492;-1.69568;-0.978728;11.0339;1.53404;
6.57102;-0.0670351;0.0158287;-10.6957;-0.000343917;0.000150164;-0.00241897;0;0;0;0;0;0;0;0;0;0;0;0;0;-0;-0;0;0;0;
6.57204;-0.0656561;0.0164148;-10.6961;-0.000333392;0.00016897;-0.00225428;0;0;0;0;0;0;0;0;0;0;0;0;0;-0;-0;0;0;0;
6.57305;-0.0643343;0.0167874;-10.6964;-0.000317601;0.000183677;-0.00209459;4.6585;-2.7554;19.8514;0.734215;1.4337;0.0267025;0;0;0;0;0;0;-4.6585;2.7554;-19.8514;-11.0094;126.543;20.1478;
6.574;-0.0632885;0.0169697;-10.6966;-0.000300398;0.00019271;-0.00196216;-19.3945;14.3217;94.5609;-1.32683;-1.1773;-0.43353;0;0;0;0;0;0;19.3945;-14.3217;-94.5609;-44.8649;614.956;-102;
6.57501;-0.0621876;0.0170068;-10.6967;-0.000279496;0.000199474;-0.00182775;7.15073;4.34747;59.0325;-1.65459;-0.514784;0.316937;0;0;0;0;0;0;-7.15073;-4.34747;-59.0325;-27.6428;381.753;-24.8445;
6.57601;-0.0613621;0.0169364;-10.6969;-0.000257074;0.000205011;-0.00171248;3.52748;7.35108;24.7668;-0.906875;0.665521;-0.0729505;0;0;0;0;0;0;-3.52748;-7.35108;-24.7668;-10.8302;159.228;-45.7137;
6.57702;-0.0607567;0.0167925;-10.697;-0.000234641;0.000207829;-0.00161436;0;0;0;0;0;0;0;0;0;0;0;0;0;-0;-0;0;0;0;
6.57801;-0.0602605;0.0165759;-10.697;-0.000213082;0.00020784;-0.00153022;-14.8405;15.5242;102.924;-1.80815;-0.158931;-0.284222;0;0;0;0;0;0;14.8405;-15.5242;-102.924;-48.4753;667.592;-107.636;
6.579;-0.0598331;0.0162743;-10.697;-0.000192078;0.000205191;-0.0014605;4.30741;-1.38911;17.2574;-1.05951;0.268498;0.286064;0;0;0;0;0;0;-4.30741;1.38911;-17.2574;-7.77204;110.959;10.8714;
6.58004;-0.0595605;0.0158947;-10.697;-0.00017096;0.00019967;-0.00140879;0;0;0;0;0;0;0;0;0;0;0;0;0;-0;-0;0;0;0;
6.58101;-0.0594554;0.0155006;-10.6969;-0.000152527;0.000191413;-0.00137553;0;0;0;0;0;0;0;0;0;0;0;0;0;-0;-0;0;0;0;
6.58205;-0.0594447;0.0150189;-10.6967;-0.000131517;0.000178907;-0.00134694;0;0;0;0;0;0;0;0;0;0;0;0;0;-0;-0;0;0;0;
6.58305;-0.0595881;0.0145659;-10.6965;-0.000111939;0.000164297;-0.00133162;-4.4855;-7.6558;21.6167;1.17608;-0.738141;0.0354074;0;0;0;0;0;0;4.4855;7.6558;-21.6167;-12.832;141.054;47.2403;
6.58405;-0.0597968;0.0141013;-10.6963;-9.29089e-05;0.000147248;-0.00132769;0;0;0;0;0;0;0;0;0;0;0;0;0;-0;-0;0;0;0;
6.58505;-0.0600922;0.0136336;-10.696;-7.45261e-05;0.000128741;-0.00133353;0.898363;-0.0326828;3.49723;0.219448;-0.213755;-0.0583691;0;0;0;0;0;0;-0.898363;0.0326828;-3.49723;-1.98421;22.7516;0.722323;
6.586;-0.0603929;0.0131929;-10.6958;-5.89294e-05;0.000109459;-0.00134854;2.74213;1.64279;11.7098;-0.659576;0.186337;0.128314;0;0;0;0;0;0;-2.74213;-1.64279;-11.7098;-5.07362;75.3038;-9.37643;
6.58702;-0.060703;0.0127454;-10.6955;-4.43309e-05;8.95616e-05;-0.00137281;0;0;0;0;0;0;0;0;0;0;0;0;0;-0;-0;0;0;0;
6.58804;-0.0611596;0.0123943;-10.6952;-3.49994e-05;7.11471e-05;-0.00140763;3.86464;4.54377;19.93;-1.08248;0.335562;0.1334;0;0;0;0;0;0;-3.86464;-4.54377;-19.93;-8.50008;128.229;-27.5862;
6.58905;-0.0616976;0.0121024;-10.695;-3.12291e-05;5.38792e-05;-0.0014584;-1.68415;-9.25309;67.9753;0.674211;0.0135411;0.240113;0;0;0;0;0;0;1.68415;9.25309;-67.9753;-35.8403;439.973;58.7814;
6.59005;-0.0622856;0.0118352;-10.6947;-3.45491e-05;3.70374e-05;-0.00152726;0;0;0;0;0;0;0;0;0;0;0;0;0;-0;-0;0;0;0;
6.59101;-0.0630946;0.0116561;-10.6944;-4.45752e-05;2.18125e-05;-0.00160958;-3.39645;-2.10391;6.53379;0.320732;-0.415265;0.0330217;0;0;0;0;0;0;3.39645;2.10391;-6.53379;-3.82273;43.0312;11.8691;
6.59202;-0.0640693;0.0115418;-10.6942;-6.24076e-05;6.36538e-06;-0.00170917;2.59148;2.14667;12.506;-0.51062;0.0471355;0.0473644;0;0;0;0;0;0;-2.59148;-2.14667;-12.506;-5.57305;80.6096;-12.6316;
6.59303;-0.0651429;0.0115055;-10.6939;-8.62595e-05;-7.46401e-06;-0.00181839;2.0847;8.2661;27.5003;-0.81212;0.13756;-0.191378;0;0;0;0;0;0;-2.0847;-8.2661;-27.5003;-12.2101;177.587;-52.2423;
6.59405;-0.0663736;0.0115299;-10.6936;-0.00011524;-2.08746e-05;-0.00193991;0.465105;0.817332;2.93213;-0.155839;0.0517433;0.0102963;0;0;0;0;0;0;-0.465105;-0.817332;-2.93213;-1.23903;18.8732;-5.06437;
6.595;-0.0676441;0.0115546;-10.6932;-0.000144835;-3.65921e-05;-0.00206102;-3.24437;-3.51241;8.50213;0.500436;-0.46738;-0.00212048;0;0;0;0;0;0;3.24437;3.51241;-8.50213;-5.13514;55.8037;21.0942;
6.59602;-0.0690652;0.0115874;-10.6928;-0.000174557;-5.48443e-05;-0.00218634;0;0;0;0;0;0;0;0;0;0;0;0;0;-0;-0;0;0;0;
6.59703;-0.0705206;0.0116343;-10.6924;-0.000201041;-7.46701e-05;-0.00230315;0;0;0;0;0;0;0;0;0;0;0;0;0;-0;-0;0;0;0;
6.59804;-0.0717935;0.0116762;-10.692;-0.000221482;-9.64045e-05;-0.00239916;-2.84449;7.897;50.2073;-0.95453;-0.587827;-0.159521;0;0;0;0;0;0;2.84449;-7.897;-50.2073;-23.5418;325.727;-52.3687;
6.599;-0.0727813;0.0117131;-10.6916;-0.00023247;-0.000114883;-0.00246662;1.49442;-1.48687;8.08155;0.39488;-0.0292401;-0.0129902;0;0;0;0;0;0;-1.49442;1.48687;-8.08155;-4.61456;52.1689;10.3861;
6.60002;-0.0735801;0.011762;-10.6913;-0.000238036;-0.000133044;-0.00251263;-2.4908;-3.05991;8.22011;0.487071;-0.458114;-0.0229428;0;0;0;0;0;0;2.4908;3.05991;-8.22011;-4.93434;53.8941;18.5668;
6.60103;-0.0740998;0.011826;-10.691;-0.000237475;-0.000146967;-0.00253652;0;0;0;0;0;0;0;0;0;0;0;0;0;-0;-0;0;0;0;
6.60204;-0.0743448;0.0119433;-10.6909;-0.000233455;-0.00015543;-0.00253866;-1.66458;-1.37958;3.67646;0.217737;-0.199587;0.02369;0;0;0;0;0;0;1.66458;1.37958;-3.67646;-2.20789;24.1541;8.06409;
6.60305;-0.074285;0.0121527;-10.6909;-0.000229188;-0.000155904;-0.00252265;1.58324;0.156934;6.17856;0.26173;0.441859;-0.0782909;0;0;0;0;0;0;-1.58324;-0.156934;-6.17856;-3.35802;39.3761;-0.139659;
6.604;-0.0740146;0.0124339;-10.691;-0.000226117;-0.000149897;-0.00249526;0.111889;0.086984;0.504022;0.0237782;0.0366101;-0.0115967;0;0;0;0;0;0;-0.111889;-0.086984;-0.504022;-0.268919;3.21331;-0.494854;
6.60501;-0.0734477;0.0128402;-10.6913;-0.000225478;-0.000135621;-0.00245285;0;0;0;0;0;0;0;0;0;0;0;0;0;-0;-0;0;0;0;
6.60602;-0.0727681;0.0133436;-10.6917;-0.000228278;-0.000114672;-0.00240742;0;0;0;0;0;0;0;0;0;0;0;0;0;-0;-0;0;0;0;
6.60703;-0.0720775;0.0139125;-10.6921;-0.000235672;-8.95082e-05;-0.00236599;1.15282;3.17982;9.82519;-0.512072;0.182699;0.000954127;0;0;0;0;0;0;-1.15282;-3.17982;-9.82519;-4.11772;63.273;-19.9945;
6.60804;-0.0713876;0.0145139;-10.6926;-0.000245808;-6.12095e-05;-0.00232722;0;0;0;0;0;0;0;0;0;0;0;0;0;-0;-0;0;0;0;
6.60906;-0.070724;0.0151213;-10.6931;-0.000258279;-3.04947e-05;-0.00229408;0;0;0;0;0;0;0;0;0;0;0;0;0;-0;-0;0;0;0;
6.61002;-0.0701275;0.0156648;-10.6935;-0.000270862;-5.5932e-07;-0.00226741;0;0;0;0;0;0;0;0;0;0;0;0;0;-0;-0;0;0;0;
6.61104;-0.0695959;0.0161858;-10.694;-0.000285672;2.89889e-05;-0.00224644;1.901;3.41744;12.146;-0.644815;0.214928;0.0404484;0;0;0;0;0;0;-1.901;-3.41744;-12.146;-5.13012;78.1822;-21.1946;
6.61205;-0.0691513;0.0166195;-10.6944;-0.000300789;5.51474e-05;-0.0022338;0;0;0;0;0;0;0;0;0;0;0;0;0;-0;-0;0;0;0;
6.61306;-0.0687738;0.0169636;-10.6947;-0.000315851;7.7862e-05;-0.00222652;0.367236;0.110148;1.46766;0.0146875;0.0776915;-0.00998612;0;0;0;0;0;0;-0.367236;-0.110148;-1.46766;-0.742875;9.38161;-0.517726;
6.61401;-0.0684527;0.0172176;-10.695;-0.000329792;9.64613e-05;-0.00222181;0.402007;-0.160907;1.63485;0.0626305;0.117469;-0.0038391;0;0;0;0;0;0;-0.402007;0.160907;-1.63485;-0.902215;10.42;1.24743;
6.61503;-0.0681686;0.0174325;-10.6952;-0.000345376;0.000111344;-0.00221801;0;0;0;0;0;0;0;0;0;0;0;0;0;-0;-0;0;0;0;
6.61603;-0.0677841;0.0175674;-10.6954;-0.0003588;0.000124274;-0.00220672;0;0;0;0;0;0;0;0;0;0;0;0;0;-0;-0;0;0;0;
6.61704;-0.0675046;0.0176709;-10.6955;-0.000372128;0.000133355;-0.00219403;0.0908674;-0.0104758;0.354962;0.0143989;0.0253877;-0.00293675;0;0;0;0;0;0;-0.0908674;0.0104758;-0.354962;-0.194238;2.26219;0.116486;
6.61806;-0.0671675;0.0177241;-10.6955;-0.000383607;0.000137991;-0.00216845;0.154198;-0.0199353;0.602949;0.0376961;-0.0368468;-0.0108587;0;0;0;0;0;0;-0.154198;0.0199353;-0.602949;-0.343391;3.9226;0.217512;
6.61901;-0.0667824;0.0177335;-10.6956;-0.000391472;0.000141673;-0.00213218;0;0;0;0;0;0;0;0;0;0;0;0;0;-0;-0;0;0;0;
6.62003;-0.0663926;0.0177436;-10.6956;-0.000397638;0.000143407;-0.00208141;1.62543;-0.947222;6.94617;0.275791;0.392875;-0.0011549;0;0;0;0;0;0;-1.62543;0.947222;-6.94617;-3.86948;44.3874;6.94861;
6.62105;-0.0658904;0.0177162;-10.6955;-0.000399423;0.000144325;-0.00201093;0;0;0;0;0;0;0;0;0;0;0;0;0;-0;-0;0;0;0;
6.62201;-0.0654095;0.0176551;-10.6955;-0.000397423;0.000143673;-0.00193346;-6.8578;-4.79067;13.8839;0.826301;-0.748242;0.14996;0;0;0;0;0;0;6.8578;4.79067;-13.8839;-8.29995;91.2683;27.3926;
6.62302;-0.0648958;0.0175577;-10.6955;-0.000392017;0.000142837;-0.00184001;0;0;0;0;0;0;0;0;0;0;0;0;0;-0;-0;0;0;0;
6.62403;-0.0643858;0.0174438;-10.6955;-0.000383404;0.000142813;-0.00173786;0;0;0;0;0;0;0;0;0;0;0;0;0;-0;-0;0;0;0;
6.62504;-0.0638882;0.0172949;-10.6955;-0.000372346;0.000142088;-0.00162933;0;0;0;0;0;0;0;0;0;0;0;0;0;-0;-0;0;0;0;
6.62605;-0.0634941;0.0171403;-10.6955;-0.000360024;0.00014349;-0.00152245;0.269517;0.0254895;1.05152;0.0445043;0.0751966;-0.0132298;0;0;0;0;0;0;-0.269517;-0.0254895;-1.05152;-0.57158;6.70133;-0.015942;
6.62705;-0.0631612;0.0169621;-10.6955;-0.000347234;0.000144683;-0.00142003;0;0;0;0;0;0;0;0;0;0;0;0;0;-0;-0;0;0;0;
6.62805;-0.0628615;0.0167595;-10.6956;-0.000334645;0.000147047;-0.00132306;0;0;0;0;0;0;0;0;0;0;0;0;0;-0;-0;0;0;0;
6.62905;-0.0626838;0.0165592;-10.6956;-0.000323751;0.000150283;-0.00123736;1.47251;-0.52881;5.93918;0.259969;-0.448476;-0.104386;0;0;0;0;0;0;-1.47251;0.52881;-5.93918;-3.30448;38.7286;4.26759;
6.63005;-0.0624592;0.0163472;-10.6957;-0.000313764;0.000154636;-0.00115405;2.22708;-2.01164;10.6326;0.478772;0.206543;-0.0238101;0;0;0;0;0;0;-2.22708;2.01164;-10.6326;-6.03604;68.3655;14.1613;
6.63106;-0.06232;0.0161481;-10.6958;-0.000305911;0.00015914;-0.00108131;3.55793;2.64233;15.8529;-0.883331;0.255823;0.15561;0;0;0;0;0;0;-3.55793;-2.64233;-15.8529;-6.83645;101.959;-15.46;
6.63201;-0.0621554;0.0159532;-10.6958;-0.000299924;0.000162945;-0.00101817;-9.60575;-0.698883;73.0274;-0.111244;-0.817549;0.0431327;0;0;0;0;0;0;9.60575;0.698883;-73.0274;-36.7416;474.285;-0.359463;
6.63301;-0.0618803;0.0157226;-10.6959;-0.000294989;0.000167365;-0.000957873;0;0;0;0;0;0;0;0;0;0;0;0;0;-0;-0;0;0;0;
6.63405;-0.0615745;0.0154715;-10.6959;-0.000291405;0.000172026;-0.000906944;0;0;0;0;0;0;0;0;0;0;0;0;0;-0;-0;0;0;0;
6.63504;-0.0611092;0.0152;-10.696;-0.000288564;0.000177108;-0.000861239;3.79277;-8.67781;30.1689;1.26272;0.719912;0.218796;0;0;0;0;0;0;-3.79277;8.67781;-30.1689;-17.3288;194.1;57.839;
6.63604;-0.0607335;0.0149346;-10.6961;-0.000287046;0.000182658;-0.000831102;0.127416;-0.000919541;0.495835;0.0311482;-0.0303073;-0.00806046;0;0;0;0;0;0;-0.127416;0.000919541;-0.495835;-0.280985;3.22569;0.0781877;
6.63705;-0.0602737;0.0146555;-10.6962;-0.000285271;0.000188649;-0.000809664;0;0;0;0;0;0;0;0;0;0;0;0;0;-0;-0;0;0;0;
6.638;-0.0598721;0.0143977;-10.6963;-0.000284172;0.000195721;-0.000804589;0;0;0;0;0;0;0;0;0;0;0;0;0;-0;-0;0;0;0;
6.63902;-0.0594385;0.0141326;-10.6964;-0.000283637;0.000202852;-0.000813142;1.70495;1.14813;7.4435;-0.183778;0.247361;0.00323095;0;0;0;0;0;0;-1.70495;-1.14813;-7.4435;-3.45023;47.7428;-6.57311;
6.64004;-0.0590739;0.0139041;-10.6966;-0.000285389;0.00021085;-0.00083808;5.45548;-0.748623;21.3832;-0.197085;0.937771;0.0693284;0;0;0;0;0;0;-5.45548;0.748623;-21.3832;-10.6484;136.869;7.52228;
6.64105;-0.058687;0.0136936;-10.6967;-0.000288164;0.000217325;-0.000876104;-3.73788;-4.11466;11.5499;0.686142;-0.641386;-0.00643948;0;0;0;0;0;0;3.73788;4.11466;-11.5499;-6.91638;75.7466;24.7465;
6.64201;-0.0583145;0.0135159;-10.6968;-0.000291806;0.000222598;-0.000919663;-4.71196;-4.1178;23.8545;-0.0855239;-0.772697;0.344089;0;0;0;0;0;0;4.71196;4.1178;-23.8545;-12.3427;155.589;23.9257;
6.64302;-0.0578701;0.0133366;-10.6969;-0.000295641;0.000227117;-0.000969042;0;0;0;0;0;0;0;0;0;0;0;0;0;-0;-0;0;0;0;
6.64404;-0.0574832;0.0131677;-10.6969;-0.000300659;0.000229931;-0.00102878;0;0;0;0;0;0;0;0;0;0;0;0;0;-0;-0;0;0;0;
6.64506;-0.0571637;0.0130316;-10.697;-0.00030641;0.000230961;-0.00109591;-4.63085;-3.1443;9.25592;0.55134;-0.498258;0.10658;0;0;0;0;0;0;4.63085;3.1443;-9.25592;-5.52881;60.8507;17.9053;
6.64602;-0.0570603;0.012951;-10.697;-0.000313414;0.000231721;-0.00117241;3.53839;-0.512274;13.8556;0.157318;0.688315;-0.0110869;0;0;0;0;0;0;-3.53839;0.512274;-13.8556;-7.18758;88.6058;5.10785;
6.64701;-0.0570963;0.0129023;-10.6971;-0.000321402;0.000232404;-0.00126388;3.92781;4.56795;20.1653;-1.09593;0.339142;0.13664;0;0;0;0;0;0;-3.92781;-4.56795;-20.1653;-8.60285;129.741;-27.7139;
6.64804;-0.0572217;0.0128903;-10.6971;-0.000329441;0.000232841;-0.00136279;-3.27688;-2.74247;7.27734;0.43088;-0.395255;0.0450669;0;0;0;0;0;0;3.27688;2.74247;-7.27734;-4.37147;47.81;16.0488;
6.64902;-0.0574865;0.0129068;-10.6971;-0.000337535;0.000233432;-0.00146727;0;0;0;0;0;0;0;0;0;0;0;0;0;-0;-0;0;0;0;
6.65002;-0.0577799;0.0129588;-10.6972;-0.000344957;0.000233604;-0.00156982;0.127383;0.113999;0.596275;0.0284942;0.0434733;-0.0143987;0;0;0;0;0;0;-0.127383;-0.113999;-0.596275;-0.317394;3.80178;-0.659041;
6.65103;-0.0580964;0.013039;-10.6972;-0.000351788;0.00023335;-0.00166698;2.055;-5.50416;18.1742;0.86126;-0.0559206;-0.0355607;0;0;0;0;0;0;-2.055;5.50416;-18.1742;-10.5675;117.441;36.6838;
6.65205;-0.0584257;0.0131436;-10.6972;-0.000357374;0.000232675;-0.00175788;-0.864111;-2.08234;5.74168;0.290229;-0.102029;0.0263485;0;0;0;0;0;0;0.864111;2.08234;-5.74168;-3.39111;37.3387;13.0116;
6.65301;-0.0586627;0.0132481;-10.6972;-0.000360895;0.000231408;-0.00183109;0;0;0;0;0;0;0;0;0;0;0;0;0;-0;-0;0;0;0;
6.65403;-0.058884;0.0133498;-10.6973;-0.000362688;0.000229802;-0.00190031;4.85652;-1.28511;19.338;0.20113;0.552288;0.0153492;0;0;0;0;0;0;-4.85652;1.28511;-19.338;-10.0703;124.082;10.7457;
6.65506;-0.0590367;0.0134351;-10.6973;-0.000362282;0.000227759;-0.00195592;0.438452;-2.65721;21.9891;0.0363464;-0.18834;0.111616;0;0;0;0;0;0;-0.438452;2.65721;-21.9891;-11.3785;142.419;17.302;
6.65602;-0.0589993;0.0134649;-10.6973;-0.000358678;0.000225503;-0.00199122;0;0;0;0;0;0;0;0;0;0;0;0;0;-0;-0;0;0;0;
6.65703;-0.0589712;0.0134629;-10.6973;-0.000352973;0.000223573;-0.00202211;1.83059;0.0624727;7.12597;0.297996;0.509453;-0.0810186;0;0;0;0;0;0;-1.83059;-0.0624727;-7.12597;-3.88098;45.4136;0.59885;
6.65805;-0.0588178;0.0133969;-10.6973;-0.00034425;0.000220315;-0.00203799;0;0;0;0;0;0;0;0;0;0;0;0;0;-0;-0;0;0;0;
6.659;-0.058648;0.0133028;-10.6973;-0.000334275;0.00021871;-0.00204599;2.91677;1.63668;12.3273;-0.696477;0.195503;0.138837;0;0;0;0;0;0;-2.91677;-1.63668;-12.3273;-5.34845;79.2724;-9.25938;
6.66003;-0.0585552;0.0131559;-10.6974;-0.000323247;0.00021834;-0.00206391;0;0;0;0;0;0;0;0;0;0;0;0;0;-0;-0;0;0;0;
6.66105;-0.0584201;0.0129685;-10.6975;-0.000311795;0.000219124;-0.00208046;2.18089;6.05921;28.518;-0.58645;0.00547872;-0.148115;0;0;0;0;0;0;-2.18089;-6.05921;-28.518;-13.1699;184.294;-37.9579;
6.66201;-0.0582948;0.0127769;-10.6976;-0.000301917;0.000220817;-0.00210054;6.46681;2.91019;26.6484;-0.406252;1.03129;-0.0226168;0;0;0;0;0;0;-6.46681;-2.91019;-26.6484;-12.7243;170.741;-15.5497;
6.66303;-0.058225;0.0125501;-10.6977;-0.000292598;0.000224041;-0.0021317;0;0;0;0;0;0;0;0;0;0;0;0;0;-0;-0;0;0;0;
6.66404;-0.0582326;0.0123251;-10.6978;-0.000285768;0.000227962;-0.00217469;3.97505;4.64827;20.4536;-1.11124;0.344221;0.137736;0;0;0;0;0;0;-3.97505;-4.64827;-20.4536;-8.72471;131.597;-28.2109;
6.66506;-0.0583332;0.0121042;-10.698;-0.000280616;0.000233458;-0.00223002;0;0;0;0;0;0;0;0;0;0;0;0;0;-0;-0;0;0;0;
6.66602;-0.0585619;0.0119142;-10.6981;-0.00027895;0.000239386;-0.00229807;0.332047;-0.0729351;1.31004;0.0520221;0.0938058;-0.0079631;0;0;0;0;0;0;-0.332047;0.0729351;-1.31004;-0.71919;8.34917;0.647116;
6.66704;-0.0588894;0.0117343;-10.6983;-0.000279526;0.000246448;-0.00238178;0.380688;0.410848;1.89805;-0.103591;0.0316716;0.0139214;0;0;0;0;0;0;-0.380688;-0.410848;-1.89805;-0.811219;12.2109;-2.48045;
6.66806;-0.0592465;0.0115815;-10.6984;-0.000281769;0.000252979;-0.00247049;0;0;0;0;0;0;0;0;0;0;0;0;0;-0;-0;0;0;0;
6.66902;-0.0595674;0.0114557;-10.6985;-0.000285113;0.000259495;-0.00255457;1.36519;-0.585977;5.58648;-0.346103;0.0875987;0.0937672;0;0;0;0;0;0;-1.36519;0.585977;-5.58648;-2.52651;35.9212;4.38526;
6.67004;-0.0599339;0.0113566;-10.6987;-0.000290262;0.00026618;-0.00264529;0.544634;-0.971487;3.98874;0.138929;0.0928299;0.0479858;0;0;0;0;0;0;-0.544634;0.971487;-3.98874;-2.24545;25.6605;6.51207;
6.67101;-0.0603066;0.0113043;-10.6988;-0.000296694;0.00027142;-0.00272877;0;0;0;0;0;0;0;0;0;0;0;0;0;-0;-0;0;0;0;
6.67203;-0.0605481;0.0112706;-10.6989;-0.000303596;0.00027579;-0.00280291;5.10495;-1.58619;20.4253;0.289466;1.18185;0.0273153;0;0;0;0;0;0;-5.10495;1.58619;-20.4253;-10.7365;130.462;12.807;
6.67303;-0.0606159;0.0112593;-10.6989;-0.000309855;0.000278054;-0.0028562;-0.924486;0.547398;15.2559;-0.0657397;-0.424156;0.00694546;0;0;0;0;0;0;0.924486;-0.547398;-15.2559;-7.56357;99.2262;-4.01438;
6.67402;-0.0604611;0.0112713;-10.6989;-0.000314862;0.000278314;-0.00288477;0.0472546;0.00173684;0.183959;0.0115761;-0.011244;-0.00286747;0;0;0;0;0;0;-0.0472546;-0.00173684;-0.183959;-0.104059;1.19676;0.0154312;
6.67501;-0.0601076;0.0112993;-10.6989;-0.000318796;0.000276834;-0.00289199;0.766236;1.93086;6.11332;-0.319704;0.112564;0.00451851;0;0;0;0;0;0;-0.766236;-1.93086;-6.11332;-2.56581;39.3651;-12.1117;
6.67601;-0.0596409;0.0113439;-10.6988;-0.000321339;0.000273577;-0.00288255;0;0;0;0;0;0;0;0;0;0;0;0;0;-0;-0;0;0;0;
6.67701;-0.0591583;0.011406;-10.6987;-0.00032292;0.000269556;-0.0028649;0.798818;0.0113875;3.1087;0.195451;-0.190014;-0.0495275;0;0;0;0;0;0;-0.798818;-0.0113875;-3.1087;-1.76012;20.2239;0.378202;
6.67801;-0.0586372;0.011472;-10.6987;-0.00032267;0.000264713;-0.00283752;-6.9084;-3.61797;50.6372;0.146634;-0.567316;0.104937;0;0;0;0;0;0;6.9084;3.61797;-50.6372;-26.0148;328.894;19.8245;
6.67902;-0.0580725;0.0115288;-10.6986;-0.000320058;0.000258747;-0.0027997;-13.0608;-10.8442;28.8759;1.71005;-1.56778;0.184695;0;0;0;0;0;0;13.0608;10.8442;-28.8759;-17.3422;189.711;63.4011;
6.68003;-0.057451;0.011563;-10.6985;-0.000315395;0.000251493;-0.00275098;-6.34634;-2.88783;11.0733;0.471159;-0.771482;0.0688345;0;0;0;0;0;0;6.34634;2.88783;-11.0733;-6.33832;73.0548;15.4195;
6.68105;-0.0567593;0.0115675;-10.6983;-0.000307709;0.000243898;-0.00269165;0;0;0;0;0;0;0;0;0;0;0;0;0;-0;-0;0;0;0;
6.68202;-0.0560531;0.0115481;-10.6982;-0.00029871;0.00023552;-0.00262685;3.11018;-1.56048;13.2939;0.318685;-0.500245;-0.119136;0;0;0;0;0;0;-3.11018;1.56048;-13.2939;-7.17117;86.2025;11.7823;
6.68304;-0.0553188;0.011505;-10.6981;-0.000287533;0.00022686;-0.0025561;0;0;0;0;0;0;0;0;0;0;0;0;0;-0;-0;0;0;0;
6.68406;-0.0546654;0.0114525;-10.698;-0.000276043;0.000218209;-0.00248776;5.11068;-0.205991;19.8971;-0.113652;0.90396;0.0380187;0;0;0;0;0;0;-5.11068;0.205991;-19.8971;-9.92895;127.322;3.86897;
6.68502;-0.0541476;0.0113945;-10.6979;-0.000264798;0.000210498;-0.00243046;0;0;0;0;0;0;0;0;0;0;0;0;0;-0;-0;0;0;0;
6.68605;-0.0537388;0.0113288;-10.6979;-0.000252547;0.000203873;-0.00238019;3.35363;-2.94477;16.2795;0.723904;0.351839;0.0053663;0;0;0;0;0;0;-3.35363;2.94477;-16.2795;-9.21908;104.644;20.7371;
6.68701;-0.0533925;0.0112525;-10.6978;-0.000240548;0.00019826;-0.00233621;3.5255;-1.85123;14.7604;0.55246;1.06397;0.00148764;0;0;0;0;0;0;-3.5255;1.85123;-14.7604;-8.17279;94.0854;13.7521;
6.68803;-0.0530893;0.0111616;-10.6978;-0.000227873;0.000192644;-0.00229224;0;0;0;0;0;0;0;0;0;0;0;0;0;-0;-0;0;0;0;
6.68904;-0.0527865;0.011057;-10.6978;-0.000216056;0.000186844;-0.00225042;0;0;0;0;0;0;0;0;0;0;0;0;0;-0;-0;0;0;0;
6.69004;-0.0525347;0.0109317;-10.6977;-0.000205669;0.000181015;-0.00221298;-2.59946;-6.83345;15.2197;0.890554;-0.867607;-0.237442;0;0;0;0;0;0;2.59946;6.83345;-15.2197;-9.24198;99.6031;43.142;
6.691;-0.0523015;0.0107991;-10.6977;-0.000197695;0.000175294;-0.00218189;0;0;0;0;0;0;0;0;0;0;0;0;0;-0;-0;0;0;0;
6.69202;-0.0521311;0.0106508;-10.6976;-0.000191431;0.000169696;-0.0021568;0;0;0;0;0;0;0;0;0;0;0;0;0;-0;-0;0;0;0;
6.69305;-0.0519903;0.0104922;-10.6975;-0.000187822;0.000163233;-0.00213782;1.20862;6.30212;17.8884;-0.810199;0.284201;-0.0912985;0;0;0;0;0;0;-1.20862;-6.30212;-17.8884;-7.56782;115.336;-40.076;
6.69401;-0.051791;0.0103439;-10.6975;-0.000185488;0.000156721;-0.00211592;-6.42099;4.24991;57.3833;-0.527575;-0.47997;-0.239585;0;0;0;0;0;0;6.42099;-4.24991;-57.3833;-27.9494;372.406;-30.4924;
6.69503;-0.0514763;0.0101791;-10.6974;-0.000183947;0.000148813;-0.0020857;0;0;0;0;0;0;0;0;0;0;0;0;0;-0;-0;0;0;0;
6.69605;-0.051247;0.0100264;-10.6973;-0.000184533;0.000141475;-0.00206451;0;0;0;0;0;0;0;0;0;0;0;0;0;-0;-0;0;0;0;
6.69701;-0.0511383;0.0098918;-10.6972;-0.000187052;0.00013567;-0.0020578;0;0;0;0;0;0;0;0;0;0;0;0;0;-0;-0;0;0;0;
6.69803;-0.0510439;0.00976593;-10.6971;-0.000190422;0.000130103;-0.00205415;0.526316;-0.433375;2.41365;0.0621238;0.162178;0.0172696;0;0;0;0;0;0;-0.526316;0.433375;-2.41365;-1.32132;15.4019;3.05186;
6.69905;-0.0509026;0.00965496;-10.697;-0.000193959;0.000124371;-0.00204564;0;0;0;0;0;0;0;0;0;0;0;0;0;-0;-0;0;0;0;
6.7;-0.0507363;0.0095593;-10.6969;-0.000197489;0.000119183;-0.00203587;-4.35338;6.00143;36.4608;-0.311508;-0.722827;-0.224412;0;0;0;0;0;0;4.35338;-6.00143;-36.4608;-17.4514;237.069;-40.7989;
6.70103;-0.0506127;0.00946597;-10.6968;-0.000201978;0.000115034;-0.0020322;0;0;0;0;0;0;0;0;0;0;0;0;0;-0;-0;0;0;0;
6.70205;-0.0505573;0.00937129;-10.6968;-0.000207875;0.000111625;-0.00203862;1.0172;-1.23494;5.31682;0.322199;-0.321631;-0.136348;0;0;0;0;0;0;-1.0172;1.23494;-5.31682;-3.12409;34.6205;8.63902;
6.70306;-0.05062;0.00929978;-10.6967;-0.000216147;0.000108734;-0.00205405;1.1632;-1.55113;6.34043;0.212578;0.468535;0.0756236;0;0;0;0;0;0;-1.1632;1.55113;-6.34043;-3.56177;40.4387;10.5464;
6.70401;-0.050682;0.00924965;-10.6966;-0.000225594;0.000105514;-0.00206885;0.203175;-0.13469;0.88364;0.054228;-0.053782;-0.0206665;0;0;0;0;0;0;-0.203175;0.13469;-0.88364;-0.512817;5.75073;0.994478;
6.70503;-0.0508342;0.00921153;-10.6965;-0.000238501;0.000102342;-0.00209322;1.04842;-1.32352;5.57387;0.188188;0.411041;0.0622046;0;0;0;0;0;0;-1.04842;1.32352;-5.57387;-3.12844;35.5479;9.02931;
6.70606;-0.0512016;0.00919401;-10.6965;-0.000254994;0.000100466;-0.00213817;2.62571;-7.95021;24.304;0.971137;0.634551;0.154656;0;0;0;0;0;0;-2.62571;7.95021;-24.304;-14.0102;156.354;52.6074;
6.70701;-0.0516706;0.00920697;-10.6964;-0.000273567;9.92796e-05;-0.00219135;-3.67891;-4.22899;10.819;0.535563;-0.692648;-0.0808052;0;0;0;0;0;0;3.67891;4.22899;-10.819;-6.40915;71.0626;25.5902;
6.70802;-0.0522304;0.00926162;-10.6963;-0.000296175;9.80763e-05;-0.00225111;0;0;0;0;0;0;0;0;0;0;0;0;0;-0;-0;0;0;0;
6.70904;-0.0529194;0.00935863;-10.6962;-0.000322391;9.67287e-05;-0.00232044;-1.79125;-2.59082;15.2216;0.657468;-1.10983;-0.11153;0;0;0;0;0;0;1.79125;2.59082;-15.2216;-8.58429;99.7764;15.9724;
6.71006;-0.0537138;0.00948779;-10.6961;-0.000351398;9.6905e-05;-0.00239983;0;0;0;0;0;0;0;0;0;0;0;0;0;-0;-0;0;0;0;
6.71102;-0.0546047;0.009633;-10.696;-0.000380155;9.72348e-05;-0.00248163;-1.40592;-3.10134;10.9092;0.655634;-0.626283;-0.093549;0;0;0;0;0;0;1.40592;3.10134;-10.9092;-6.46155;71.352;19.4517;
6.71204;-0.0555572;0.00980665;-10.6959;-0.000410379;9.84663e-05;-0.00256576;0;0;0;0;0;0;0;0;0;0;0;0;0;-0;-0;0;0;0;
6.713;-0.0564436;0.00997051;-10.6958;-0.000436691;0.000100126;-0.00264058;3.31497;5.09191;19.3886;-1.03764;0.336665;0.0889944;0;0;0;0;0;0;-3.31497;-5.09191;-19.3886;-8.21741;124.779;-31.3649;
6.71402;-0.0574516;0.0101452;-10.6957;-0.000461645;0.000103517;-0.00272026;0.68313;-0.172566;2.70694;0.118971;-0.20449;-0.04306;0;0;0;0;0;0;-0.68313;0.172566;-2.70694;-1.49973;17.6504;1.50369;
6.71504;-0.0584981;0.0103151;-10.6957;-0.000482014;0.0001088;-0.00279698;-9.19342;-0.690158;35.3256;0.12652;-0.565254;0.0310832;0;0;0;0;0;0;9.19342;0.690158;-35.3256;-17.9888;230.051;-0.196242;
6.716;-0.0594117;0.0104571;-10.6958;-0.000494987;0.000115412;-0.00285714;0;0;0;0;0;0;0;0;0;0;0;0;0;-0;-0;0;0;0;
6.71702;-0.0603651;0.0105858;-10.6959;-0.000503159;0.000123491;-0.00291216;0.255336;-0.218406;1.17962;0.0418458;0.0858951;0.00684566;0;0;0;0;0;0;-0.255336;0.218406;-1.17962;-0.657915;7.52088;1.5349;
6.71804;-0.0613883;0.0106829;-10.696;-0.000506769;0.000133406;-0.00296838;0.402423;0.792145;2.71805;-0.143667;0.0486318;0.00709753;0;0;0;0;0;0;-0.402423;-0.792145;-2.71805;-1.14593;17.4973;-4.92974;
6.71906;-0.0625758;0.0107585;-10.6962;-0.00050758;0.000146193;-0.00303342;0.146549;-0.0439751;0.584916;0.0228539;0.041939;-0.00257291;0;0;0;0;0;0;-0.146549;0.0439751;-0.584916;-0.32188;3.72789;0.360916;
6.72001;-0.0638269;0.0108106;-10.6964;-0.000506884;0.000159232;-0.00310155;0.981884;-3.84776;11.6995;0.509638;0.155166;0.0584833;0;0;0;0;0;0;-0.981884;3.84776;-11.6995;-6.7885;75.4445;25.3319;
6.72103;-0.0652656;0.0108594;-10.6967;-0.000505532;0.000174631;-0.0031796;0;0;0;0;0;0;0;0;0;0;0;0;0;-0;-0;0;0;0;
6.72205;-0.0668428;0.0109071;-10.6969;-0.000504975;0.00019136;-0.00326876;0;0;0;0;0;0;0;0;0;0;0;0;0;-0;-0;0;0;0;
6.72302;-0.0684498;0.0109664;-10.6972;-0.000505932;0.00020766;-0.00336044;1.4109;2.87519;9.74198;-0.514102;0.175025;0.0227998;0;0;0;0;0;0;-1.4109;-2.87519;-9.74198;-4.10443;62.716;-17.9152;
6.72404;-0.0701865;0.0110441;-10.6975;-0.000507835;0.000225332;-0.00345947;0;0;0;0;0;0;0;0;0;0;0;0;0;-0;-0;0;0;0;
6.72506;-0.0718418;0.0111349;-10.6977;-0.000509972;0.000242316;-0.00355047;1.55482;-0.257428;6.09977;0.251701;0.164099;-0.054187;0;0;0;0;0;0;-1.55482;0.257428;-6.09977;-3.34991;39.1467;2.50294;
6.72602;-0.0732032;0.0112288;-10.6979;-0.000512143;0.000256679;-0.00361993;0;0;0;0;0;0;0;0;0;0;0;0;0;-0;-0;0;0;0;
6.72701;-0.0743838;0.0113261;-10.6981;-0.000514224;0.000269169;-0.00367414;8.05135;-9.38294;42.9953;2.07818;-0.0647276;-0.195692;0;0;0;0;0;0;-8.05135;9.38294;-42.9953;-24.6756;277.445;64.9606;
6.72802;-0.0753229;0.0114375;-10.6982;-0.00051684;0.000279711;-0.00370631;0;0;0;0;0;0;0;0;0;0;0;0;0;-0;-0;0;0;0;
6.72903;-0.0757925;0.0115233;-10.6984;-0.00051782;0.000288179;-0.0037061;0;0;0;0;0;0;0;0;0;0;0;0;0;-0;-0;0;0;0;
6.73004;-0.0759668;0.0116054;-10.6984;-0.000518689;0.000292045;-0.00367831;1.38693;8.41122;23.4129;-1.09348;0.372639;-0.125333;0;0;0;0;0;0;-1.38693;-8.41122;-23.4129;-9.85567;150.975;-53.5983;
6.731;-0.0758247;0.0116613;-10.6984;-0.000518472;0.000295106;-0.00362943;0;0;0;0;0;0;0;0;0;0;0;0;0;-0;-0;0;0;0;
6.73202;-0.075534;0.0117155;-10.6984;-0.00051797;0.000296477;-0.00356361;1.5233;7.75497;21.4185;-1.09738;0.421039;-0.074398;0;0;0;0;0;0;-1.5233;-7.75497;-21.4185;-8.91302;138.008;-49.3345;
6.73304;-0.0750582;0.0117541;-10.6984;-0.00051653;0.000296852;-0.00348272;-3.75371;-2.63692;7.61911;0.453366;-0.410709;0.0812168;0;0;0;0;0;0;3.75371;2.63692;-7.61911;-4.55553;50.0843;15.0895;
6.73405;-0.0744013;0.0117677;-10.6983;-0.000513543;0.000296329;-0.00338696;0;0;0;0;0;0;0;0;0;0;0;0;0;-0;-0;0;0;0;
6.73501;-0.0736166;0.0117593;-10.6983;-0.00050845;0.000295406;-0.00328526;0;0;0;0;0;0;0;0;0;0;0;0;0;-0;-0;0;0;0;
6.73603;-0.0726636;0.0117376;-10.6982;-0.000501484;0.000293945;-0.00316812;5.3277;1.24887;21.0758;-0.232679;0.874564;0.0010889;0;0;0;0;0;0;-5.3277;-1.24887;-21.0758;-10.2577;134.956;-5.39801;
6.73706;-0.0716947;0.0117163;-10.6982;-0.000492024;0.00029199;-0.00304875;0;0;0;0;0;0;0;0;0;0;0;0;0;-0;-0;0;0;0;
6.73802;-0.0706951;0.0116778;-10.6981;-0.000480825;0.000289818;-0.00293324;0.00344109;7.36241;34.846;-0.815043;-0.259139;-0.133402;0;0;0;0;0;0;-0.00344109;-7.36241;-34.846;-15.998;225.719;-47.5011;
6.73904;-0.0696375;0.0116322;-10.6981;-0.000466937;0.000287756;-0.00281496;-0.434267;-11.4143;69.7322;0.922072;0.277883;0.324963;0;0;0;0;0;0;0.434267;11.4143;-69.7322;-37.1903;450.946;73.3093;
6.74006;-0.0686478;0.0115994;-10.6981;-0.000452105;0.000284939;-0.00270533;0;0;0;0;0;0;0;0;0;0;0;0;0;-0;-0;0;0;0;
6.74102;-0.067707;0.011564;-10.6981;-0.000436961;0.000281292;-0.00260647;0;0;0;0;0;0;0;0;0;0;0;0;0;-0;-0;0;0;0;
6.74204;-0.0667144;0.0115273;-10.698;-0.00041997;0.000275945;-0.00250539;4.65399;-5.02223;23.7232;0.857294;0.643637;0.059472;0;0;0;0;0;0;-4.65399;5.02223;-23.7232;-13.3102;152.383;34.7795;
6.743;-0.0657905;0.0114904;-10.698;-0.000403386;0.000270657;-0.00241647;0.212297;-0.0767337;0.856652;0.0330678;0.061499;-0.00268619;0;0;0;0;0;0;-0.212297;0.0767337;-0.856652;-0.472251;5.45991;0.6061;
6.74402;-0.0648536;0.0114591;-10.6979;-0.000386131;0.000264156;-0.00233239;0;0;0;0;0;0;0;0;0;0;0;0;0;-0;-0;0;0;0;
6.74503;-0.0639801;0.011434;-10.6978;-0.000370156;0.000256086;-0.00225904;0;0;0;0;0;0;0;0;0;0;0;0;0;-0;-0;0;0;0;
6.74601;-0.0629887;0.0113946;-10.6978;-0.000354772;0.000247287;-0.00218632;0.264007;-3.49036;12.2948;0.738951;-0.723627;-0.221298;0;0;0;0;0;0;-0.264007;3.49036;-12.2948;-7.2818;80.2466;22.9376;
6.74703;-0.0619828;0.0113693;-10.6976;-0.000341236;0.000235815;-0.0021147;2.48727;-1.40808;11.6841;0.682346;-0.537702;-0.167415;0;0;0;0;0;0;-2.48727;1.40808;-11.6841;-6.70874;75.8866;10.5308;
6.74802;-0.0609243;0.011336;-10.6975;-0.00032925;0.000224737;-0.00204826;0.710231;-0.307131;2.90839;0.179794;-0.177417;-0.0626413;0;0;0;0;0;0;-0.710231;0.307131;-2.90839;-1.67553;18.924;2.40757;
6.74902;-0.0598671;0.0113214;-10.6973;-0.000319369;0.000211273;-0.00198061;0;0;0;0;0;0;0;0;0;0;0;0;0;-0;-0;0;0;0;
6.75003;-0.0587785;0.0113015;-10.6972;-0.000310724;0.000198301;-0.00191741;0.668007;-0.441041;2.90296;0.106137;0.210082;0.00749385;0;0;0;0;0;0;-0.668007;0.441041;-2.90296;-1.61257;18.5056;3.18259;
6.75104;-0.0577298;0.0112994;-10.697;-0.000303854;0.000184493;-0.00185609;-1.5073;-1.42643;4.85074;0.221937;-0.331468;-0.0245798;0;0;0;0;0;0;1.5073;1.42643;-4.85074;-2.80828;31.8679;8.49462;
6.75205;-0.0566038;0.0112854;-10.6968;-0.000296667;0.00017063;-0.00178972;9.77656;5.14193;55.9933;-1.31877;-0.664733;-0.198745;0;0;0;0;0;0;-9.77656;-5.14193;-55.9933;-26.3688;361.972;-28.1462;
6.75301;-0.0556138;0.0112847;-10.6966;-0.000291397;0.00015858;-0.00173374;0;0;0;0;0;0;0;0;0;0;0;0;0;-0;-0;0;0;0;
6.75403;-0.054471;0.011262;-10.6964;-0.00028408;0.000145653;-0.00166548;0;0;0;0;0;0;0;0;0;0;0;0;0;-0;-0;0;0;0;
6.75505;-0.0534081;0.0112363;-10.6963;-0.000276381;0.000134366;-0.00160203;0;0;0;0;0;0;0;0;0;0;0;0;0;-0;-0;0;0;0;
6.75601;-0.0524296;0.0112009;-10.6962;-0.000267895;0.000124685;-0.00154344;0;0;0;0;0;0;0;0;0;0;0;0;0;-0;-0;0;0;0;
6.75703;-0.0514588;0.0111595;-10.6961;-0.000257085;0.00011593;-0.00148483;1.48624;-5.25474;34.3287;1.25564;-0.781289;-0.185373;0;0;0;0;0;0;-1.48624;5.25474;-34.3287;-19.0737;222.745;34.9331;
6.75804;-0.0506517;0.0111279;-10.696;-0.000245799;0.000109532;-0.00143726;2.82715;11.7923;33.4957;-1.72385;0.648269;-0.0827276;0;0;0;0;0;0;-2.82715;-11.7923;-33.4957;-13.9648;215.792;-74.7919;
6.75906;-0.0498763;0.0110839;-10.696;-0.000232744;0.00010433;-0.00139225;5.1959;14.5826;44.8602;-2.33651;0.835866;-0.00108823;0;0;0;0;0;0;-5.1959;-14.5826;-44.8602;-18.7965;288.897;-91.7338;
6.76002;-0.0492892;0.011049;-10.696;-0.000220663;0.000100801;-0.00136117;0;0;0;0;0;0;0;0;0;0;0;0;0;-0;-0;0;0;0;
6.76104;-0.0488015;0.0110088;-10.696;-0.000208729;9.82469e-05;-0.00134007;0;0;0;0;0;0;0;0;0;0;0;0;0;-0;-0;0;0;0;
6.762;-0.0484569;0.010973;-10.696;-0.000198918;9.66295e-05;-0.00133002;0.5216;-0.234262;2.14399;0.081382;0.154232;-0.00294689;0;0;0;0;0;0;-0.5216;0.234262;-2.14399;-1.18479;13.6655;1.78139;
6.76302;-0.0482333;0.0109311;-10.6961;-0.000190399;9.58731e-05;-0.00133331;0.968234;0.139134;3.79027;0.161976;0.271154;-0.0513306;0;0;0;0;0;0;-0.968234;-0.139134;-3.79027;-2.05715;24.1555;-0.3612;
6.76404;-0.0481903;0.0108922;-10.6961;-0.000184205;9.6224e-05;-0.00135144;0;0;0;0;0;0;0;0;0;0;0;0;0;-0;-0;0;0;0;
6.76504;-0.0483206;0.0108592;-10.6962;-0.000180167;9.73122e-05;-0.00138424;13.0239;-3.60088;52.0168;0.492544;0.697514;0.0114253;0;0;0;0;0;0;-13.0239;3.60088;-52.0168;-27.0541;334.555;29.8469;
6.76603;-0.0485934;0.0108323;-10.6963;-0.00017803;9.9767e-05;-0.00142959;0;0;0;0;0;0;0;0;0;0;0;0;0;-0;-0;0;0;0;
6.76703;-0.0489603;0.0108017;-10.6964;-0.000177773;0.000102813;-0.00148587;-4.41244;-4.49865;14.245;0.347683;-0.482024;0.181658;0;0;0;0;0;0;4.41244;4.49865;-14.245;-7.97398;93.0922;26.703;
6.76804;-0.0494638;0.0107831;-10.6965;-0.000178852;0.000106554;-0.00155259;5.79928;-10.574;39.0928;1.52449;0.679145;0.151721;0;0;0;0;0;0;-5.79928;10.574;-39.0928;-22.2758;251.677;71.1848;
6.76906;-0.0500077;0.010757;-10.6965;-0.000180801;0.000110965;-0.00162615;0;0;0;0;0;0;0;0;0;0;0;0;0;-0;-0;0;0;0;
6.77002;-0.0504945;0.0107225;-10.6967;-0.000182925;0.000116074;-0.0016986;0.0580158;-0.00833673;0.22711;0.00915988;0.0162472;-0.00174351;0;0;0;0;0;0;-0.0580158;0.00833673;-0.22711;-0.124389;1.44738;0.0849057;
6.77104;-0.0510179;0.0106755;-10.6967;-0.000185731;0.000119727;-0.00177591;6.71307;7.32251;33.6054;-1.83297;0.561391;0.243833;0;0;0;0;0;0;-6.71307;-7.32251;-33.6054;-14.3593;216.198;-44.2405;
6.77205;-0.0516902;0.010653;-10.6969;-0.000188621;0.000126233;-0.00186152;0;0;0;0;0;0;0;0;0;0;0;0;0;-0;-0;0;0;0;
6.77301;-0.0523029;0.0106257;-10.697;-0.000191429;0.000131263;-0.00193966;0;0;0;0;0;0;0;0;0;0;0;0;0;-0;-0;0;0;0;
6.77402;-0.0528837;0.0105917;-10.6971;-0.000193971;0.000137526;-0.00201658;0.0999732;-0.078126;0.450926;0.0161721;0.0327568;0.00208987;0;0;0;0;0;0;-0.0999732;0.078126;-0.450926;-0.251136;2.87479;0.553755;
6.77503;-0.0534795;0.0105601;-10.6972;-0.000196571;0.000143651;-0.00209017;1.59449;-0.154315;6.22163;-0.374013;0.0958631;0.0982303;0;0;0;0;0;0;-1.59449;0.154315;-6.22163;-2.77525;39.9993;1.70335;
6.77604;-0.0539706;0.0105153;-10.6973;-0.000198751;0.000150373;-0.00215621;0;0;0;0;0;0;0;0;0;0;0;0;0;-0;-0;0;0;0;
6.777;-0.0543773;0.0104595;-10.6974;-0.000200689;0.000156117;-0.00221254;0;0;0;0;0;0;0;0;0;0;0;0;0;-0;-0;0;0;0;
6.77803;-0.0547191;0.010395;-10.6975;-0.000202721;0.000162355;-0.00226264;2.62759;10.5037;30.0416;-1.54775;0.579268;-0.0671595;0;0;0;0;0;0;-2.62759;-10.5037;-30.0416;-12.5304;193.532;-66.5701;
6.77905;-0.055033;0.0103313;-10.6976;-0.000204885;0.000168222;-0.00230616;0;0;0;0;0;0;0;0;0;0;0;0;0;-0;-0;0;0;0;
6.78;-0.055174;0.0102514;-10.6977;-0.000207217;0.000173208;-0.00233626;0.354371;0.0294085;1.38175;0.0583507;0.0988031;-0.0170678;0;0;0;0;0;0;-0.354371;-0.0294085;-1.38175;-0.751377;8.80582;0.00528288;
6.78102;-0.0551902;0.0101602;-10.6977;-0.000208946;0.000177905;-0.00235462;1.78194;-3.87383;14.5176;0.640194;0.197247;0.0858822;0;0;0;0;0;0;-1.78194;3.87383;-14.5176;-8.34114;93.5555;25.8761;
6.78204;-0.0550814;0.0100668;-10.6978;-0.000210014;0.000182028;-0.00235921;-3.77622;-2.64117;7.64938;0.455218;-0.412274;0.0823751;0;0;0;0;0;0;3.77622;2.64117;-7.64938;-4.57307;50.2839;15.1044;
6.78306;-0.0548497;0.00997418;-10.6978;-0.000211861;0.000183905;-0.00235194;0.70918;-9.74396;90.469;0.39544;0.405165;0.450884;0;0;0;0;0;0;-0.70918;9.74396;-90.469;-46.9413;584.874;62.9515;
6.78401;-0.0545598;0.00989639;-10.6978;-0.000213343;0.000185141;-0.00233792;-13.2172;8.32052;74.053;-0.649366;-0.573097;-0.328973;0;0;0;0;0;0;13.2172;-8.32052;-74.053;-35.816;481.035;-60.1637;
6.78502;-0.0540259;0.00980687;-10.6978;-0.00021393;0.000184806;-0.00230306;0;0;0;0;0;0;0;0;0;0;0;0;0;-0;-0;0;0;0;
6.78603;-0.0534402;0.00972948;-10.6978;-0.000214613;0.000183466;-0.0022627;3.84076;-5.03237;21.4598;0.599585;0.665632;0.147281;0;0;0;0;0;0;-3.84076;5.03237;-21.4598;-11.9135;137.798;34.3476;
6.78704;-0.0527889;0.00965857;-10.6977;-0.000214799;0.000181006;-0.00221521;0;0;0;0;0;0;0;0;0;0;0;0;0;-0;-0;0;0;0;
6.78805;-0.0520175;0.00958353;-10.6976;-0.000214281;0.00017723;-0.0021581;-9.67671;-15.2779;35.1736;1.72756;-0.436649;0.310514;0;0;0;0;0;0;9.67671;15.2779;-35.1736;-20.9766;228.987;93.666;
6.78906;-0.0513309;0.00952372;-10.6975;-0.000213891;0.000173377;-0.00210506;-2.01238;-1.92924;5.22055;0.309459;-0.286812;0.0132971;0;0;0;0;0;0;2.01238;1.92924;-5.22055;-3.13251;34.2665;11.4556;
6.79001;-0.0507312;0.0094621;-10.6975;-0.000213787;0.000169231;-0.00206024;1.41552;-4.17722;16.1211;0.972758;-0.959155;-0.333945;0;0;0;0;0;0;-1.41552;4.17722;-16.1211;-9.51182;105.124;28.0743;
6.79103;-0.0501839;0.00940557;-10.6974;-0.000214145;0.000164718;-0.00201647;0.910366;5.7613;15.5358;-0.792845;0.309874;-0.0684548;0;0;0;0;0;0;-0.910366;-5.7613;-15.5358;-6.45454;100.118;-36.7496;
6.79205;-0.0496109;0.00932898;-10.6973;-0.000214221;0.000159457;-0.00197324;-10.0156;-2.67853;16.0307;0.323786;-0.745675;0.0635143;0;0;0;0;0;0;10.0156;2.67853;-16.0307;-8.66699;105.472;12.2223;
6.79301;-0.0491697;0.00926175;-10.6972;-0.000214674;0.000154577;-0.00193982;2.6745;-1.184;10.9773;0.417188;0.789536;-0.0164847;0;0;0;0;0;0;-2.6745;1.184;-10.9773;-6.0651;69.9669;9.0243;
6.79402;-0.0488077;0.00919335;-10.6971;-0.000215051;0.000149431;-0.00191163;-3.38396;-2.87483;7.57964;0.448587;-0.411962;0.0440235;0;0;0;0;0;0;3.38396;2.87483;-7.57964;-4.55474;49.793;16.8521;
6.79503;-0.0485146;0.0091272;-10.6971;-0.00021528;0.000144352;-0.00188859;0.383755;-0.0472982;1.49991;0.0937921;-0.0916665;-0.0268875;0;0;0;0;0;0;-0.383755;0.0472982;-1.49991;-0.854029;9.75785;0.526209;
6.79605;-0.0481564;0.00904749;-10.697;-0.000214413;0.000139067;-0.00186296;0;0;0;0;0;0;0;0;0;0;0;0;0;-0;-0;0;0;0;
6.79701;-0.0478347;0.00898105;-10.6969;-0.000213599;0.000133029;-0.00183696;0;0;0;0;0;0;0;0;0;0;0;0;0;-0;-0;0;0;0;
6.79803;-0.0474599;0.0089249;-10.6969;-0.000211543;0.000126394;-0.00180462;0;0;0;0;0;0;0;0;0;0;0;0;0;-0;-0;0;0;0;
6.79905;-0.0470649;0.00887343;-10.6968;-0.000207962;0.000120417;-0.00177021;0;0;0;0;0;0;0;0;0;0;0;0;0;-0;-0;0;0;0;
6.80001;-0.0467879;0.00883254;-10.6967;-0.000204192;0.000115493;-0.00174433;0;0;0;0;0;0;0;0;0;0;0;0;0;-0;-0;0;0;0;
6.80102;-0.0465443;0.00879059;-10.6967;-0.000199105;0.000111933;-0.00172218;0;0;0;0;0;0;0;0;0;0;0;0;0;-0;-0;0;0;0;
6.80204;-0.0462444;0.00874067;-10.6967;-0.000192634;0.000109217;-0.00169731;0;0;0;0;0;0;0;0;0;0;0;0;0;-0;-0;0;0;0;
6.80305;-0.0459116;0.00867681;-10.6967;-0.000184937;0.000107064;-0.00167045;0;0;0;0;0;0;0;0;0;0;0;0;0;-0;-0;0;0;0;
6.80401;-0.0456445;0.00861526;-10.6967;-0.000177157;0.000105991;-0.00164768;0.0852319;-0.0167279;0.335351;0.0209107;-0.0204897;-0.00633669;0;0;0;0;0;0;-0.0852319;0.0167279;-0.335351;-0.191503;2.18172;0.1575;
6.80503;-0.0453909;0.00854702;-10.6968;-0.000168501;0.000106013;-0.00162581;0.975558;-0.51062;4.08267;0.152864;0.294275;0.000277885;0;0;0;0;0;0;-0.975558;0.51062;-4.08267;-2.2605;26.0235;3.7949;
6.80605;-0.0451055;0.00846908;-10.6968;-0.000159453;0.000106656;-0.0016033;4.62476;11.763;52.7642;-1.62191;0.4346;-0.201167;0;0;0;0;0;0;-4.62476;-11.763;-52.7642;-23.7752;340.495;-73.578;
6.80701;-0.0448782;0.00839374;-10.6969;-0.000150648;0.000108524;-0.00158593;0;0;0;0;0;0;0;0;0;0;0;0;0;-0;-0;0;0;0;
6.80803;-0.0446979;0.00831097;-10.697;-0.00014152;0.000111439;-0.00157292;1.44964;6.6101;18.5265;-0.951445;0.361183;-0.0544194;0;0;0;0;0;0;-1.44964;-6.6101;-18.5265;-7.71724;119.363;-41.9838;
6.80905;-0.0445468;0.00822061;-10.6971;-0.000132438;0.000115484;-0.00156416;-4.67608;-3.51197;9.8019;0.582086;-0.529861;0.0878428;0;0;0;0;0;0;4.67608;3.51197;-9.8019;-5.87149;64.4188;20.2799;
6.81001;-0.0444332;0.00813164;-10.6972;-0.000124879;0.000119519;-0.00155962;1.94865;3.25329;13.3411;-0.421125;-0.0200815;-0.0425065;0;0;0;0;0;0;-1.94865;-3.25329;-13.3411;-5.97239;86.1438;-20.0253;
6.81103;-0.044258;0.00802664;-10.6973;-0.000117009;0.000124259;-0.0015556;5.56952;3.9226;24.5245;-1.37028;0.394307;0.248122;0;0;0;0;0;0;-5.56952;-3.9226;-24.5245;-10.5891;157.724;-22.8227;
6.81205;-0.0442077;0.00792956;-10.6974;-0.000109662;0.000129933;-0.00156093;1.49774;7.58741;20.9686;-1.07443;0.412062;-0.0723592;0;0;0;0;0;0;-1.49774;-7.58741;-20.9686;-8.72631;135.108;-48.265;
6.81301;-0.044183;0.00783826;-10.6975;-0.000103276;0.000134867;-0.00156808;0;0;0;0;0;0;0;0;0;0;0;0;0;-0;-0;0;0;0;
6.81403;-0.0441383;0.00773861;-10.6976;-9.6951e-05;0.000139371;-0.00157559;3.11853;-1.70843;13.895;0.762821;-0.396595;-0.146833;0;0;0;0;0;0;-3.11853;1.70843;-13.895;-7.93299;89.9866;12.7714;
6.81505;-0.044131;0.00764704;-10.6977;-9.11685e-05;0.000143608;-0.00158558;1.09778;5.19228;14.4788;-0.742966;0.28307;-0.0451808;0;0;0;0;0;0;-1.09778;-5.19228;-14.4788;-6.02913;93.2871;-32.9968;
6.81601;-0.0440773;0.00755448;-10.6978;-8.61504e-05;0.000146669;-0.00159411;0;0;0;0;0;0;0;0;0;0;0;0;0;-0;-0;0;0;0;
6.81703;-0.0440831;0.00746584;-10.6978;-8.19093e-05;0.000148898;-0.00160665;0;0;0;0;0;0;0;0;0;0;0;0;0;-0;-0;0;0;0;
6.81805;-0.0440077;0.00736972;-10.6979;-7.81194e-05;0.000149679;-0.00161486;-7.68848;-4.97397;15.0517;0.897874;-0.808762;0.191376;0;0;0;0;0;0;7.68848;4.97397;-15.0517;-8.9782;98.9666;28.1184;
6.819;-0.0439789;0.00728618;-10.6979;-7.56184e-05;0.000149376;-0.0016246;1.34951;-2.84963;10.0759;0.415382;0.277723;0.0765533;0;0;0;0;0;0;-1.34951;2.84963;-10.0759;-5.77637;64.7796;19.0407;
6.82002;-0.0438481;0.00718897;-10.6979;-7.34566e-05;0.000146892;-0.00162745;0;0;0;0;0;0;0;0;0;0;0;0;0;-0;-0;0;0;0;
6.82103;-0.0437163;0.00709791;-10.6978;-7.239e-05;0.000143037;-0.00162876;0;0;0;0;0;0;0;0;0;0;0;0;0;-0;-0;0;0;0;
6.82204;-0.0436208;0.00701702;-10.6977;-7.2357e-05;0.000137927;-0.00163065;2.60052;-2.28238;12.1669;0.473742;0.646249;0.0379737;0;0;0;0;0;0;-2.60052;2.28238;-12.1669;-6.83104;77.8144;16.0393;
6.82305;-0.0435361;0.00693671;-10.6977;-7.31925e-05;0.000131808;-0.00163235;0;0;0;0;0;0;0;0;0;0;0;0;0;-0;-0;0;0;0;
6.824;-0.0434838;0.00686995;-10.6976;-7.41512e-05;0.000125606;-0.00163446;-1.86136;-1.49339;4.03828;0.239364;-0.218931;0.029367;0;0;0;0;0;0;1.86136;1.49339;-4.03828;-2.42321;26.5339;8.69558;
6.82501;-0.0434426;0.00680493;-10.6975;-7.53636e-05;0.000118465;-0.00163546;0;0;0;0;0;0;0;0;0;0;0;0;0;-0;-0;0;0;0;
6.82603;-0.043438;0.00675322;-10.6974;-7.67617e-05;0.000111049;-0.00163741;0.619621;3.25906;8.96534;-0.459037;0.176664;-0.032495;0;0;0;0;0;0;-0.619621;-3.25906;-8.96534;-3.72988;57.7684;-20.7421;
6.82704;-0.0434264;0.00670683;-10.6973;-7.77103e-05;0.000103598;-0.00163769;2.35897;-2.97542;12.7152;0.433476;0.818687;0.136959;0;0;0;0;0;0;-2.35897;2.97542;-12.7152;-7.13651;81.2144;20.3027;
6.82806;-0.043473;0.00667507;-10.6972;-7.81921e-05;9.6653e-05;-0.0016389;0;0;0;0;0;0;0;0;0;0;0;0;0;-0;-0;0;0;0;
6.82901;-0.0435399;0.0066552;-10.6971;-7.82584e-05;9.01523e-05;-0.00163893;2.12516;9.22634;26.0456;-1.33911;0.505791;-0.0699065;0;0;0;0;0;0;-2.12516;-9.22634;-26.0456;-10.8545;167.801;-58.5556;
6.83003;-0.0436154;0.00663492;-10.697;-7.76201e-05;8.42889e-05;-0.00163986;0;0;0;0;0;0;0;0;0;0;0;0;0;-0;-0;0;0;0;
6.83105;-0.0437567;0.00661962;-10.697;-7.69405e-05;7.93516e-05;-0.00164501;0.115516;-0.038155;0.463447;0.018001;0.0332484;-0.00174954;0;0;0;0;0;0;-0.115516;0.038155;-0.463447;-0.255264;2.95374;0.306803;
6.83201;-0.0438856;0.00660046;-10.6969;-7.60091e-05;7.4733e-05;-0.00164839;0;0;0;0;0;0;0;0;0;0;0;0;0;-0;-0;0;0;0;
6.83304;-0.043955;0.00657078;-10.6968;-7.47623e-05;6.978e-05;-0.0016473;1.43631;-0.623239;5.88361;0.363694;-0.358911;-0.126804;0;0;0;0;0;0;-1.43631;0.623239;-5.88361;-3.38975;38.2827;4.88272;
6.834;-0.0440005;0.00653678;-10.6968;-7.35425e-05;6.56943e-05;-0.00164507;4.12958;-1.62925;17.3031;0.216491;-0.320969;0.00193362;0;0;0;0;0;0;-4.12958;1.62925;-17.3031;-9.09542;111.861;12.6196;
6.83502;-0.0440478;0.00649344;-10.6968;-7.23254e-05;6.17205e-05;-0.00164157;0.330204;-0.141747;1.35124;0.0514861;0.0971551;-0.00239002;0;0;0;0;0;0;-0.330204;0.141747;-1.35124;-0.746314;8.61244;1.08584;
6.83605;-0.044087;0.00644108;-10.6967;-7.14599e-05;5.76481e-05;-0.00163629;1.92118;-3.04298;11.4228;0.374882;0.849779;0.163327;0;0;0;0;0;0;-1.92118;3.04298;-11.4228;-6.43368;72.8646;20.4929;
6.83701;-0.0440959;0.00638017;-10.6967;-7.08031e-05;5.43036e-05;-0.00162996;-2.75142;-2.01275;5.693;0.338336;-0.307409;0.0548338;0;0;0;0;0;0;2.75142;2.01275;-5.693;-3.40775;37.418;11.5821;
6.83803;-0.0440257;0.00629801;-10.6966;-7.02221e-05;5.0832e-05;-0.00161877;2.27736;-1.48891;9.87804;0.36157;0.714703;0.0243673;0;0;0;0;0;0;-2.27736;1.48891;-9.87804;-5.48643;62.9694;10.7562;
6.83905;-0.0439139;0.00620824;-10.6966;-6.99774e-05;4.70767e-05;-0.00160314;0.748496;-0.75961;3.64953;0.12673;0.267092;0.0296009;0;0;0;0;0;0;-0.748496;0.75961;-3.64953;-2.04117;23.2708;5.26221;
6.84002;-0.0437214;0.00611431;-10.6965;-7.00695e-05;4.31438e-05;-0.00158213;0;0;0;0;0;0;0;0;0;0;0;0;0;-0;-0;0;0;0;
6.84104;-0.0434384;0.00600549;-10.6965;-7.02687e-05;3.92388e-05;-0.00155479;2.63192;-1.60468;11.2725;0.415705;0.814522;0.018891;0;0;0;0;0;0;-2.63192;1.60468;-11.2725;-6.25457;71.8565;11.6893;
6.842;-0.0431438;0.00590769;-10.6964;-7.10123e-05;3.5138e-05;-0.00152476;3.8876;14.0689;40.9506;-2.11548;0.782707;-0.0680737;0;0;0;0;0;0;-3.8876;-14.0689;-40.9506;-17.1001;263.784;-89.0014;
6.84303;-0.042794;0.00580782;-10.6963;-7.19847e-05;3.12396e-05;-0.00148946;0;0;0;0;0;0;0;0;0;0;0;0;0;-0;-0;0;0;0;
6.84405;-0.0424749;0.00572374;-10.6962;-7.40046e-05;2.77716e-05;-0.00145514;7.93085;0.484046;31.256;-0.491329;0.142702;0.0485829;0;0;0;0;0;0;-7.93085;-0.484046;-31.256;-15.2037;201.293;0.814302;
6.84501;-0.0421855;0.00565661;-10.6962;-7.64649e-05;2.49667e-05;-0.00142185;0;0;0;0;0;0;0;0;0;0;0;0;0;-0;-0;0;0;0;
6.84603;-0.0418789;0.0055985;-10.6961;-7.98956e-05;2.23929e-05;-0.00138536;0;0;0;0;0;0;0;0;0;0;0;0;0;-0;-0;0;0;0;
6.84705;-0.0416105;0.00555485;-10.696;-8.43288e-05;2.01203e-05;-0.00135007;0;0;0;0;0;0;0;0;0;0;0;0;0;-0;-0;0;0;0;
6.84801;-0.0413211;0.00551299;-10.6959;-8.94893e-05;1.88789e-05;-0.00131768;2.94023;-14.6106;61.652;0.986847;-0.686313;0.356966;0;0;0;0;0;0;-2.94023;14.6106;-61.652;-33.5061;399.29;95.6567;
6.84903;-0.0411601;0.00548693;-10.6959;-9.6133e-05;1.87772e-05;-0.00129146;0;0;0;0;0;0;0;0;0;0;0;0;0;-0;-0;0;0;0;
6.85005;-0.0410198;0.00546663;-10.6958;-0.000103623;1.90819e-05;-0.00126646;1.93018;1.25665;8.36548;-0.469278;0.133813;0.0881764;0;0;0;0;0;0;-1.93018;-1.25665;-8.36548;-3.61834;53.7985;-7.24665;
6.85101;-0.0408852;0.00545095;-10.6958;-0.000110912;2.01586e-05;-0.00124256;0.143567;0.241029;2.29274;0.103514;-0.170111;0.0114014;0;0;0;0;0;0;-0.143567;-0.241029;-2.29274;-1.23418;14.9901;-1.49858;
6.85203;-0.0408462;0.00544512;-10.6957;-0.000119376;2.22563e-05;-0.00122216;0;0;0;0;0;0;0;0;0;0;0;0;0;-0;-0;0;0;0;
6.85306;-0.0408458;0.00544297;-10.6957;-0.000128076;2.53619e-05;-0.00120449;-9.68007;-7.07674;25.5817;0.86113;-0.95311;0.0912191;0;0;0;0;0;0;9.68007;7.07674;-25.5817;-14.4563;167.441;40.8206;
6.85402;-0.0409152;0.00544835;-10.6957;-0.000136349;2.96599e-05;-0.00119189;4.28857;-6.39433;24.9136;1.01546;0.866178;0.101017;0;0;0;0;0;0;-4.28857;6.39433;-24.9136;-14.2057;159.899;43.4314;
6.85504;-0.0410433;0.00545798;-10.6957;-0.000145711;3.46794e-05;-0.00118115;-4.47817;-3.43117;9.48261;0.562796;-0.513055;0.0801383;0;0;0;0;0;0;4.47817;3.43117;-9.48261;-5.68329;62.3161;19.8644;
6.85601;-0.0412112;0.00547307;-10.6958;-0.000154642;4.03544e-05;-0.00117392;0;0;0;0;0;0;0;0;0;0;0;0;0;-0;-0;0;0;0;
6.85704;-0.0413603;0.00548385;-10.6958;-0.000163788;4.66415e-05;-0.00116614;-5.75796;-7.59408;17.9092;1.05218;-0.994949;-0.0836049;0;0;0;0;0;0;5.75796;7.59408;-17.9092;-10.8346;117.447;46.3182;
6.858;-0.0415565;0.00550024;-10.6958;-0.000172275;5.32106e-05;-0.00116218;0.710943;-0.260893;2.87184;0.177937;-0.175286;-0.0599735;0;0;0;0;0;0;-0.710943;0.260893;-2.87184;-1.65064;18.6852;2.10609;
6.85903;-0.0418226;0.00552561;-10.6959;-0.000181033;6.06597e-05;-0.00116112;0;0;0;0;0;0;0;0;0;0;0;0;0;-0;-0;0;0;0;
6.86005;-0.0420954;0.00555871;-10.6959;-0.000189056;6.76166e-05;-0.00116054;0;0;0;0;0;0;0;0;0;0;0;0;0;-0;-0;0;0;0;
6.86101;-0.0423616;0.0055877;-10.696;-0.000196036;7.43934e-05;-0.00116133;0;0;0;0;0;0;0;0;0;0;0;0;0;-0;-0;0;0;0;
6.86203;-0.0426496;0.0056153;-10.696;-0.000202578;8.10541e-05;-0.00116394;0;0;0;0;0;0;0;0;0;0;0;0;0;-0;-0;0;0;0;
6.86305;-0.0429173;0.00564359;-10.6961;-0.000208396;8.68138e-05;-0.00116605;-4.01035;-10.0478;28.4521;1.02857;-0.155316;0.202392;0;0;0;0;0;0;4.01035;10.0478;-28.4521;-16.3676;184.647;62.7882;
6.86401;-0.0431416;0.00566955;-10.6961;-0.000213261;9.14604e-05;-0.00116904;-8.1996;3.66675;79.321;-0.182743;-0.485065;-0.183042;0;0;0;0;0;0;8.1996;-3.66675;-79.321;-39.4032;514.526;-27.6715;
6.86504;-0.0433831;0.0056955;-10.6962;-0.000217728;9.58189e-05;-0.00117463;0.59125;0.0449896;2.30465;0.102649;-0.174175;-0.0229341;0;0;0;0;0;0;-0.59125;-0.0449896;-2.30465;-1.25898;15.0263;0.0296552;
6.86605;-0.0435727;0.00571633;-10.6962;-0.000221381;9.9017e-05;-0.00118125;0;0;0;0;0;0;0;0;0;0;0;0;0;-0;-0;0;0;0;
6.86702;-0.0437594;0.0057436;-10.6962;-0.000224061;0.000100832;-0.00118891;0;0;0;0;0;0;0;0;0;0;0;0;0;-0;-0;0;0;0;
6.86804;-0.0439102;0.00576862;-10.6962;-0.000226313;0.000101018;-0.00119869;1.99202;-0.550315;7.92083;0.492402;-0.48376;-0.157445;0;0;0;0;0;0;-1.99202;0.550315;-7.92083;-4.53729;51.5329;4.72143;
6.86905;-0.0440531;0.00579979;-10.6962;-0.000228149;0.000100124;-0.00121131;-0.0124745;-0.0284084;0.0631406;0.00369386;-0.00358323;-0.000882391;0;0;0;0;0;0;0.0124745;0.0284084;-0.0631406;-0.0383468;0.413363;0.178405;
6.87001;-0.0441097;0.00581976;-10.6961;-0.000229141;9.77839e-05;-0.00122408;-0.715086;-0.903624;2.39383;0.141713;-0.133518;-0.00806781;0;0;0;0;0;0;0.715086;0.903624;-2.39383;-1.43811;15.6937;5.49446;
6.87103;-0.0441887;0.00584614;-10.6961;-0.000230175;9.42804e-05;-0.00124308;0;0;0;0;0;0;0;0;0;0;0;0;0;-0;-0;0;0;0;
6.87205;-0.0442625;0.00587427;-10.696;-0.000231228;8.94012e-05;-0.00126575;1.14819;1.60429;6.39978;-0.344251;0.109906;0.0342113;0;0;0;0;0;0;-1.14819;-1.60429;-6.39978;-2.7184;41.1825;-9.83583;
6.87301;-0.0443074;0.00590184;-10.696;-0.000232111;8.37816e-05;-0.00128939;2.9539;2.73889;13.9779;-0.769448;0.229832;0.11757;0;0;0;0;0;0;-2.9539;-2.73889;-13.9779;-5.99651;89.9133;-16.3507;
6.87403;-0.0443181;0.0059292;-10.6959;-0.000232711;7.69173e-05;-0.00131618;4.89596;4.98683;23.9024;-1.3088;0.396552;0.185349;0;0;0;0;0;0;-4.89596;-4.98683;-23.9024;-10.2306;153.764;-29.9848;
6.87505;-0.0443651;0.00596365;-10.6958;-0.000233638;6.93957e-05;-0.00134844;-1.3435;5.44203;30.4248;-0.451899;-0.455503;-0.162411;0;0;0;0;0;0;1.3435;-5.44203;-30.4248;-14.3272;197.443;-35.725;
6.87602;-0.0444107;0.00600201;-10.6957;-0.000234701;6.16168e-05;-0.00138026;1.3907;-0.641182;6.22174;0.271689;-0.468747;-0.109035;0;0;0;0;0;0;-1.3907;0.641182;-6.22174;-3.46987;40.5848;4.95807;
6.87704;-0.0444025;0.00604159;-10.6956;-0.000235953;5.28063e-05;-0.00141328;6.86484;-5.60534;36.5416;-0.0782966;-0.0126147;0.353007;0;0;0;0;0;0;-6.86484;5.60534;-36.5416;-18.8898;235.753;39.3721;
6.87806;-0.0444805;0.00609789;-10.6955;-0.000238112;4.41202e-05;-0.00145274;0.796483;-0.0345393;3.10112;0.194523;-0.189561;-0.052072;0;0;0;0;0;0;-0.796483;0.0345393;-3.10112;-1.76002;20.1744;0.676733;
6.87902;-0.0445301;0.00615465;-10.6954;-0.00024075;3.55992e-05;-0.00148862;4.83311;-0.738731;18.9361;0.206443;1.04527;-0.00943962;0;0;0;0;0;0;-4.83311;0.738731;-18.9361;-9.81863;120.99;7.22356;
6.88003;-0.0445422;0.00621664;-10.6952;-0.000243494;2.65004e-05;-0.0015241;-2.20981;-0.826377;49.7378;-0.85786;-0.31596;0.244404;0;0;0;0;0;0;2.20981;0.826377;-49.7378;-24.2778;322.348;3.9893;
6.88106;-0.0445708;0.00628522;-10.6951;-0.000246416;1.77173e-05;-0.00155979;0;0;0;0;0;0;0;0;0;0;0;0;0;-0;-0;0;0;0;
6.88202;-0.044547;0.00634794;-10.695;-0.000248525;9.60304e-06;-0.0015877;-3.3446;-3.54251;10.0691;0.598573;-0.55838;0.00237576;0;0;0;0;0;0;3.3446;3.54251;-10.0691;-6.02568;66.0427;21.2335;
6.88304;-0.0444751;0.0064084;-10.6949;-0.000250067;1.23132e-06;-0.0016114;-4.35448;-7.28151;17.9614;0.962265;-0.580445;0.0261377;0;0;0;0;0;0;4.35448;7.28151;-17.9614;-10.7397;117.23;44.8929;
6.884;-0.0443997;0.0064627;-10.6948;-0.000251133;-6.0476e-06;-0.00163059;0;0;0;0;0;0;0;0;0;0;0;0;0;-0;-0;0;0;0;
6.88502;-0.044297;0.00651527;-10.6947;-0.000251766;-1.3363e-05;-0.00164596;0.446762;0.0181111;1.73936;0.0728393;0.124351;-0.0200039;0;0;0;0;0;0;-0.446762;-0.0181111;-1.73936;-0.947135;11.0847;0.127856;
6.88604;-0.0441173;0.00655245;-10.6946;-0.00025176;-2.01354e-05;-0.00165508;0;0;0;0;0;0;0;0;0;0;0;0;0;-0;-0;0;0;0;
6.887;-0.0439992;0.00658475;-10.6945;-0.000251563;-2.59497e-05;-0.00166326;-1.47431;-1.45787;5.86269;0.301509;-0.375356;-0.0105957;0;0;0;0;0;0;1.47431;1.45787;-5.86269;-3.40076;38.4557;8.70059;
6.88803;-0.0438596;0.00660637;-10.6945;-0.000250617;-3.1592e-05;-0.00166796;0.822721;4.18825;11.5676;-0.592657;0.227418;-0.0401892;0;0;0;0;0;0;-0.822721;-4.18825;-11.5676;-4.81386;74.5341;-26.644;
6.88905;-0.0437273;0.00661911;-10.6944;-0.000249004;-3.67319e-05;-0.00166897;0;0;0;0;0;0;0;0;0;0;0;0;0;-0;-0;0;0;0;
6.89001;-0.0435614;0.00661873;-10.6944;-0.000246921;-4.13036e-05;-0.00166532;0;0;0;0;0;0;0;0;0;0;0;0;0;-0;-0;0;0;0;
6.89103;-0.0434497;0.00662468;-10.6943;-0.000244957;-4.56317e-05;-0.00166215;0;0;0;0;0;0;0;0;0;0;0;0;0;-0;-0;0;0;0;
6.89205;-0.0433161;0.0066265;-10.6943;-0.000242503;-4.9537e-05;-0.00165564;2.95866;-3.12862;15.0771;0.723936;0.0214197;-0.0712852;0;0;0;0;0;0;-2.95866;3.12862;-15.0771;-8.63206;97.2331;21.8042;
6.89302;-0.0432391;0.0066309;-10.6942;-0.000239853;-5.27364e-05;-0.00164942;1.35877;-0.552678;5.53325;0.241747;-0.417744;-0.10109;0;0;0;0;0;0;-1.35877;0.552678;-5.53325;-3.08427;36.0824;4.3614;
6.89404;-0.0431295;0.00662336;-10.6942;-0.000235784;-5.52215e-05;-0.00164019;6.11904;-13.244;48.2913;2.19888;0.324072;0.120564;0;0;0;0;0;0;-6.11904;13.244;-48.2913;-27.8515;311.513;88.652;
6.89504;-0.0431003;0.00662404;-10.6942;-0.000231801;-5.70107e-05;-0.00163394;-10.9168;-8.74934;23.9003;1.33881;-1.24733;0.191318;0;0;0;0;0;0;10.9168;8.74934;-23.9003;-14.2549;156.98;50.9193;
6.89603;-0.043136;0.00663247;-10.6942;-0.000227652;-5.78714e-05;-0.00163061;0.920928;9.67047;28.9857;-0.929746;0.08678;-0.254683;0;0;0;0;0;0;-0.920928;-9.67047;-28.9857;-12.7004;187.362;-61.8507;
6.89702;-0.0430891;0.00662051;-10.6943;-0.000221798;-5.79148e-05;-0.00162174;0;0;0;0;0;0;0;0;0;0;0;0;0;-0;-0;0;0;0;
6.89801;-0.0430889;0.00661045;-10.6943;-0.0002148;-5.69647e-05;-0.00161331;0.218605;0.113576;0.913954;-0.0518142;0.0144419;0.0105985;0;0;0;0;0;0;-0.218605;-0.113576;-0.913954;-0.397152;5.87704;-0.635342;
6.89902;-0.0430448;0.00658023;-10.6944;-0.000206091;-5.51221e-05;-0.00160175;0;0;0;0;0;0;0;0;0;0;0;0;0;-0;-0;0;0;0;
6.90003;-0.0430003;0.0065437;-10.6945;-0.000196317;-5.22591e-05;-0.00158997;2.74562;-4.12838;16.3664;0.57634;0.486174;0.107893;0;0;0;0;0;0;-2.74562;4.12838;-16.3664;-9.23415;105.131;27.9863;
6.90104;-0.0428724;0.00649707;-10.6946;-0.000185344;-4.82064e-05;-0.00157582;0.602723;-2.86489;8.03658;0.243595;0.602254;0.201249;0;0;0;0;0;0;-0.602723;2.86489;-8.03658;-4.57895;51.335;18.6385;
6.90205;-0.042755;0.00644892;-10.6947;-0.000174031;-4.32261e-05;-0.00156323;0;0;0;0;0;0;0;0;0;0;0;0;0;-0;-0;0;0;0;
6.903;-0.0426291;0.00639323;-10.6949;-0.000162376;-3.78614e-05;-0.00155101;0;0;0;0;0;0;0;0;0;0;0;0;0;-0;-0;0;0;0;
6.90402;-0.0424503;0.00632213;-10.695;-0.000149324;-3.14835e-05;-0.00153635;-10.5748;-7.48245;33.4665;0.85082;-1.07715;0.105424;0;0;0;0;0;0;10.5748;7.48245;-33.4665;-18.4583;218.671;42.9805;
6.90504;-0.0422394;0.00624606;-10.6952;-0.000136038;-2.42915e-05;-0.00152208;0;0;0;0;0;0;0;0;0;0;0;0;0;-0;-0;0;0;0;
6.906;-0.0420203;0.00617318;-10.6954;-0.000124242;-1.74129e-05;-0.00150913;0.111024;0.0331924;0.443049;0.0194887;0.0317652;-0.00726349;0;0;0;0;0;0;-0.111024;-0.0331924;-0.443049;-0.239323;2.82369;-0.151573;
6.90703;-0.0417755;0.00609864;-10.6955;-0.000112443;-1.00388e-05;-0.00149526;2.28187;-7.11319;24.5759;0.852444;0.33187;0.261267;0;0;0;0;0;0;-2.28187;7.11319;-24.5759;-13.9447;158.449;46.9114;
6.90805;-0.0415385;0.00602493;-10.6957;-0.000101762;-2.54573e-06;-0.0014834;0;0;0;0;0;0;0;0;0;0;0;0;0;-0;-0;0;0;0;
6.90901;-0.0413064;0.00595563;-10.6959;-9.26348e-05;4.62359e-06;-0.00147346;0;0;0;0;0;0;0;0;0;0;0;0;0;-0;-0;0;0;0;
6.91004;-0.0411103;0.00589195;-10.696;-8.46825e-05;1.16399e-05;-0.00146544;2.25095;5.4605;45.1495;-0.364461;-0.504988;-0.180466;0;0;0;0;0;0;-2.25095;-5.4605;-45.1495;-21.8296;292.402;-34.0159;
6.91106;-0.0409527;0.00583983;-10.6961;-7.79981e-05;1.88814e-05;-0.00146061;0.195373;0.0152517;0.761617;0.0339244;-0.0575593;-0.00754977;0;0;0;0;0;0;-0.195373;-0.0152517;-0.761617;-0.416021;4.96572;0.00727843;
6.91201;-0.0407555;0.00579286;-10.6963;-7.28485e-05;2.53738e-05;-0.00145499;1.70229;-0.448295;6.76912;-0.117905;0.270725;0.0526552;0;0;0;0;0;0;-1.70229;0.448295;-6.76912;-3.33666;43.3556;3.70532;
6.91303;-0.0406209;0.00575785;-10.6964;-6.86903e-05;3.19441e-05;-0.00145218;1.32739;-1.01487;5.98818;0.234221;0.327857;0.0125696;0;0;0;0;0;0;-1.32739;1.01487;-5.98818;-3.35225;38.2833;7.22239;
6.91406;-0.0404153;0.00572144;-10.6965;-6.57873e-05;3.78599e-05;-0.00144668;0;0;0;0;0;0;0;0;0;0;0;0;0;-0;-0;0;0;0;
6.91502;-0.040235;0.00569026;-10.6965;-6.43851e-05;4.29481e-05;-0.00144203;-10.0218;-14.7068;42.8203;1.40216;-0.895812;0.315965;0;0;0;0;0;0;10.0218;14.7068;-42.8203;-24.4458;278.954;89.7911;
6.91605;-0.0400414;0.00565587;-10.6966;-6.41715e-05;4.79585e-05;-0.00143824;-7.67413;-3.72559;20.2661;0.328596;-0.504;0.107551;0;0;0;0;0;0;7.67413;3.72559;-20.2661;-10.9103;132.398;20.132;
6.91701;-0.039846;0.00561575;-10.6967;-6.49283e-05;5.23122e-05;-0.00143484;0.944657;3.67184;10.5517;-0.544017;0.202995;-0.0219353;0;0;0;0;0;0;-0.944657;-3.67184;-10.5517;-4.40262;67.9732;-23.2595;
6.91803;-0.0396649;0.00556343;-10.6967;-6.62877e-05;5.75381e-05;-0.00143555;-7.63844;-5.30149;15.4185;0.917753;-0.830791;0.169002;0;0;0;0;0;0;7.63844;5.30149;-15.4185;-9.21577;101.357;30.2849;
6.91905;-0.0394401;0.00548872;-10.6968;-6.82662e-05;6.3011e-05;-0.00143752;0.708688;-0.312131;2.90726;0.110545;0.209091;-0.00449843;0;0;0;0;0;0;-0.708688;0.312131;-2.90726;-1.60624;18.5302;2.38099;
6.92001;-0.0392444;0.0054077;-10.6968;-7.04422e-05;6.85136e-05;-0.00144219;2.30961;-0.685416;9.68755;0.240697;-0.564897;-0.135029;0;0;0;0;0;0;-2.30961;0.685416;-9.68755;-5.18906;63.0129;5.73311;
6.92103;-0.0390568;0.00531442;-10.6969;-7.2687e-05;7.47811e-05;-0.00144869;0;0;0;0;0;0;0;0;0;0;0;0;0;-0;-0;0;0;0;
6.92205;-0.038829;0.00520492;-10.697;-7.5155e-05;8.08563e-05;-0.00145333;0;0;0;0;0;0;0;0;0;0;0;0;0;-0;-0;0;0;0;
6.92301;-0.038511;0.00508237;-10.6971;-7.70573e-05;8.63481e-05;-0.00145299;0;0;0;0;0;0;0;0;0;0;0;0;0;-0;-0;0;0;0;
6.92403;-0.0381657;0.00494579;-10.6971;-7.97192e-05;9.13007e-05;-0.00145158;0;0;0;0;0;0;0;0;0;0;0;0;0;-0;-0;0;0;0;
6.92504;-0.0378041;0.00479959;-10.6972;-8.25043e-05;9.61667e-05;-0.0014507;0;0;0;0;0;0;0;0;0;0;0;0;0;-0;-0;0;0;0;
6.92605;-0.0374712;0.00464768;-10.6973;-8.56145e-05;0.000101321;-0.00145416;0;0;0;0;0;0;0;0;0;0;0;0;0;-0;-0;0;0;0;
6.92702;-0.0371798;0.00449904;-10.6973;-8.90769e-05;0.000106011;-0.00146016;0.69089;-0.0720167;2.69699;-0.162244;0.0415662;0.0426721;0;0;0;0;0;0;-0.69089;0.0720167;-2.69699;-1.20345;17.339;0.771287;
6.92804;-0.0369001;0.00434666;-10.6974;-9.28874e-05;0.000110864;-0.00146776;2.10598;5.62246;17.5212;-0.914235;0.324733;0.00568252;0;0;0;0;0;0;-2.10598;-5.62246;-17.5212;-7.3473;112.828;-35.3229;
6.92905;-0.0365625;0.00419771;-10.6974;-9.64844e-05;0.000115221;-0.00147119;3.48394;-2.07544;14.8636;0.549476;1.07353;0.0211058;0;0;0;0;0;0;-3.48394;2.07544;-14.8636;-8.24445;94.7465;15.1621;
6.93006;-0.0361763;0.00406338;-10.6975;-9.99036e-05;0.000118458;-0.00146932;0;0;0;0;0;0;0;0;0;0;0;0;0;-0;-0;0;0;0;
6.93101;-0.0357533;0.0039487;-10.6975;-0.0001031;0.000120704;-0.00146151;-0.760423;0.0866236;1.16714;0.0513134;0.118132;0.0246643;0;0;0;0;0;0;0.760423;-0.0866236;-1.16714;-0.630518;7.5097;-0.968155;
6.93203;-0.0352521;0.00383931;-10.6975;-0.000106922;0.000121793;-0.00144877;4.80383;1.66137;19.5768;-0.54746;-0.0557531;0.0979334;0;0;0;0;0;0;-4.80383;-1.66137;-19.5768;-9.14676;126.238;-8.42749;
6.93303;-0.034785;0.00374744;-10.6975;-0.000111268;0.000122586;-0.00143649;0.203283;-0.0540905;0.807082;0.0354499;-0.0609679;-0.013015;0;0;0;0;0;0;-0.203283;0.0540905;-0.807082;-0.447403;5.2625;0.465381;
6.93403;-0.0343422;0.0036749;-10.6974;-0.000116465;0.000122687;-0.0014243;0.70662;-0.377424;2.96532;0.110819;0.213798;0.000804504;0;0;0;0;0;0;-0.70662;0.377424;-2.96532;-1.64231;18.9013;2.7971;
6.93503;-0.0339084;0.00362068;-10.6974;-0.000122176;0.000122338;-0.00141191;0;0;0;0;0;0;0;0;0;0;0;0;0;-0;-0;0;0;0;
6.93604;-0.0335057;0.00358928;-10.6974;-0.000128846;0.000121042;-0.00139965;-6.1653;-3.12911;11.6949;0.496997;-0.818642;0.0429685;0;0;0;0;0;0;6.1653;3.12911;-11.6949;-6.70154;77.1042;17.0973;
6.93704;-0.0331541;0.00358226;-10.6973;-0.000136026;0.000119772;-0.00138972;0.228458;0.00186799;0.889037;0.0558797;-0.0543439;-0.0142453;0;0;0;0;0;0;-0.228458;-0.00186799;-0.889037;-0.503501;5.78361;0.117234;
6.93804;-0.0328429;0.00359985;-10.6973;-0.000143787;0.000118205;-0.00138164;-0.732182;-10.2073;32.3738;1.67807;-0.736437;-0.0713389;0;0;0;0;0;0;0.732182;10.2073;-32.3738;-19.0085;210.272;65.7451;
6.93905;-0.0326174;0.00364563;-10.6972;-0.000151849;0.000116872;-0.00137665;0;0;0;0;0;0;0;0;0;0;0;0;0;-0;-0;0;0;0;
6.94002;-0.0324003;0.0037062;-10.6971;-0.000158819;0.000115517;-0.0013705;0;0;0;0;0;0;0;0;0;0;0;0;0;-0;-0;0;0;0;
6.94103;-0.0322505;0.00379479;-10.6971;-0.000166273;0.000113753;-0.00136624;0.397227;-0.132063;2.13625;0.132956;-0.129124;-0.0327051;0;0;0;0;0;0;-0.397227;0.132063;-2.13625;-1.22223;13.9111;1.08725;
6.94204;-0.0321933;0.00391058;-10.697;-0.000173536;0.000112231;-0.00136635;4.5532;-0.852968;17.9024;0.318126;0.843395;-0.0348219;0;0;0;0;0;0;-4.5532;0.852968;-17.9024;-9.42112;114.53;7.84708;
6.94305;-0.0322072;0.00404732;-10.697;-0.000180229;0.000110857;-0.00136909;-6.04844;9.6532;44.2206;-1.0429;-0.2267;-0.200182;0;0;0;0;0;0;6.04844;-9.6532;-44.2206;-20.263;286.946;-65.3037;
6.94401;-0.0321993;0.0041784;-10.6969;-0.000184899;0.00010968;-0.00136869;0;0;0;0;0;0;0;0;0;0;0;0;0;-0;-0;0;0;0;
6.94503;-0.0321731;0.0043177;-10.6969;-0.000188012;0.000107975;-0.00136404;-3.39349;-2.87706;7.59211;0.449335;-0.412628;0.0444748;0;0;0;0;0;0;3.39349;2.87706;-7.59211;-4.56204;49.8748;16.8611;
6.94606;-0.0321557;0.00444092;-10.6968;-0.000189146;0.000106538;-0.00135681;5.33626;3.13001;24.7723;-1.04523;0.0888549;0.177701;0;0;0;0;0;0;-5.33626;-3.13001;-24.7723;-11.1187;159.656;-17.7413;
6.94702;-0.0321553;0.00454073;-10.6968;-0.000188413;0.000105475;-0.00134966;-2.93944;-4.65563;52.5454;0.471792;-0.00199491;0.102937;0;0;0;0;0;0;2.93944;4.65563;-52.5454;-27.4059;340.271;28.5389;
6.94804;-0.0321122;0.00461747;-10.6968;-0.000185986;0.000104327;-0.00133864;0;0;0;0;0;0;0;0;0;0;0;0;0;-0;-0;0;0;0;
6.94901;-0.0320529;0.00466835;-10.6968;-0.000181718;0.000102833;-0.00132376;0;0;0;0;0;0;0;0;0;0;0;0;0;-0;-0;0;0;0;
6.95002;-0.0318944;0.00468564;-10.6968;-0.000175025;0.000100868;-0.00130075;0;0;0;0;0;0;0;0;0;0;0;0;0;-0;-0;0;0;0;
6.95103;-0.0317176;0.00467765;-10.6968;-0.000166684;9.89115e-05;-0.00127579;0;0;0;0;0;0;0;0;0;0;0;0;0;-0;-0;0;0;0;
6.95205;-0.0315401;0.00465098;-10.6968;-0.00015737;9.69588e-05;-0.00125081;0;0;0;0;0;0;0;0;0;0;0;0;0;-0;-0;0;0;0;
6.95301;-0.031409;0.00461044;-10.6968;-0.000148115;9.53608e-05;-0.00123056;0.276688;0.11293;1.12708;0.0505105;0.0809962;-0.0205155;0;0;0;0;0;0;-0.276688;-0.11293;-1.12708;-0.606897;7.18358;-0.570785;
6.95404;-0.0313024;0.00455689;-10.6968;-0.000138195;9.37765e-05;-0.00121257;0;0;0;0;0;0;0;0;0;0;0;0;0;-0;-0;0;0;0;
6.95501;-0.0312149;0.0044999;-10.6968;-0.000129059;9.2156e-05;-0.00119842;-1.02117;2.36388;18.2608;-0.243644;-0.318394;-0.0532656;0;0;0;0;0;0;1.02117;-2.36388;-18.2608;-8.71731;118.57;-15.7557;
6.95603;-0.0311335;0.00443549;-10.6968;-0.00011986;9.04985e-05;-0.00118693;2.98436;1.65079;12.6002;-0.266447;0.444815;0.00269348;0;0;0;0;0;0;-2.98436;-1.65079;-12.6002;-5.91473;80.7804;-9.18023;
6.95706;-0.0310902;0.00437581;-10.6969;-0.000111744;8.86537e-05;-0.00117992;-1.75876;-0.857511;3.12469;0.132636;-0.217938;0.0148467;0;0;0;0;0;0;1.75876;0.857511;-3.12469;-1.79255;20.6114;4.64745;
6.95802;-0.0310625;0.00432064;-10.6969;-0.000105213;8.68453e-05;-0.00117711;0;0;0;0;0;0;0;0;0;0;0;0;0;-0;-0;0;0;0;
6.95904;-0.031037;0.00426682;-10.6969;-9.9552e-05;8.4678e-05;-0.00117733;-16.8445;7.32705;92.7708;-0.806577;-0.234265;-0.140204;0;0;0;0;0;0;16.8445;-7.32705;-92.7708;-45.1875;602.161;-55.7512;
6.96001;-0.0309871;0.00421643;-10.6968;-9.5141e-05;8.23721e-05;-0.00117808;0.527088;-1.72994;5.13377;0.156637;0.392918;0.116321;0;0;0;0;0;0;-0.527088;1.72994;-5.13377;-2.91603;32.7702;11.3421;
6.96103;-0.031005;0.00417929;-10.6968;-9.20743e-05;7.97375e-05;-0.00118458;0;0;0;0;0;0;0;0;0;0;0;0;0;-0;-0;0;0;0;
6.96205;-0.0310775;0.00415469;-10.6968;-9.10959e-05;7.6751e-05;-0.00119563;2.27371;2.21166;10.9269;-0.599873;0.180482;0.088293;0;0;0;0;0;0;-2.27371;-2.21166;-10.9269;-4.68225;70.2899;-13.2527;
6.96301;-0.0311972;0.0041382;-10.6968;-9.17907e-05;7.43827e-05;-0.00121178;3.00671;-1.53629;12.5434;0.470747;0.903785;-0.00214661;0;0;0;0;0;0;-3.00671;1.53629;-12.5434;-6.94297;79.9518;11.4566;
6.96404;-0.0314192;0.0041326;-10.6967;-9.51203e-05;7.16471e-05;-0.00123625;1.87753;-4.14327;14.4733;0.632148;0.223192;0.0577938;0;0;0;0;0;0;-1.87753;4.14327;-14.4733;-8.33795;93.2326;27.6953;
6.96506;-0.0316376;0.00413107;-10.6967;-0.000100158;6.91279e-05;-0.0012636;0;0;0;0;0;0;0;0;0;0;0;0;0;-0;-0;0;0;0;
6.96602;-0.0319432;0.00414934;-10.6966;-0.000107484;6.62578e-05;-0.00129623;0;0;0;0;0;0;0;0;0;0;0;0;0;-0;-0;0;0;0;
6.96704;-0.032313;0.00418229;-10.6966;-0.000117104;6.35091e-05;-0.00133606;-6.01425;-6.18804;15.2899;0.819613;-0.463459;0.157794;0;0;0;0;0;0;6.01425;6.18804;-15.2899;-9.14181;99.9941;36.8501;
6.968;-0.0327874;0.00423779;-10.6965;-0.000128421;6.14756e-05;-0.0013844;0;0;0;0;0;0;0;0;0;0;0;0;0;-0;-0;0;0;0;
6.96903;-0.0333399;0.00431266;-10.6964;-0.000142629;5.9334e-05;-0.00144071;0.671352;-0.342449;2.80014;0.172644;-0.170703;-0.0622689;0;0;0;0;0;0;-0.671352;0.342449;-2.80014;-1.61743;18.2206;2.61611;
6.97005;-0.0339916;0.00442105;-10.6964;-0.00015833;5.77109e-05;-0.00150368;-5.94132;-1.20172;14.6307;0.324035;-0.713324;-0.045182;0;0;0;0;0;0;5.94132;1.20172;-14.6307;-7.81408;95.9712;4.82779;
6.97102;-0.0345925;0.00454246;-10.6963;-0.000173844;5.6234e-05;-0.00156135;0.639036;1.1421;4.06885;-0.216061;0.0719744;0.0137309;0;0;0;0;0;0;-0.639036;-1.1421;-4.06885;-1.71889;26.1898;-7.08135;
6.97204;-0.0352761;0.00470617;-10.6962;-0.000190775;5.44926e-05;-0.00162217;1.85402;12.1354;36.2614;-1.63475;0.577567;-0.227218;0;0;0;0;0;0;-1.85402;-12.1354;-36.2614;-15.4132;233.852;-77.3559;
6.97301;-0.0358364;0.00487347;-10.6961;-0.000206408;5.23571e-05;-0.00167199;-0.117005;-1.76328;10.4306;0.264572;-0.379968;0.0280994;0;0;0;0;0;0;0.117005;1.76328;-10.4306;-5.69532;67.8785;11.3216;
6.97403;-0.0364137;0.00507384;-10.696;-0.000223541;4.98354e-05;-0.00172288;0.46071;0.828032;2.94321;-0.156245;0.0520958;0.00980102;0;0;0;0;0;0;-0.46071;-0.828032;-2.94321;-1.24322;18.9446;-5.13519;
6.97505;-0.0369627;0.00529884;-10.6959;-0.000241447;4.70515e-05;-0.00177213;5.99224;0.829876;23.5161;0.101992;0.805856;-0.0789836;0;0;0;0;0;0;-5.99224;-0.829876;-23.5161;-11.8639;150.745;-2.27208;
6.97601;-0.0375067;0.00554103;-10.6958;-0.000259764;4.39813e-05;-0.00181982;-2.96793;-1.44602;5.44111;0.232689;-0.344997;0.012825;0;0;0;0;0;0;2.96793;1.44602;-5.44111;-3.11842;35.8472;7.8481;
6.97704;-0.0379697;0.00580853;-10.6956;-0.000278719;4.01698e-05;-0.00186163;0;0;0;0;0;0;0;0;0;0;0;0;0;-0;-0;0;0;0;
6.97805;-0.0383989;0.00608251;-10.6955;-0.000296009;3.68005e-05;-0.00189837;0;0;0;0;0;0;0;0;0;0;0;0;0;-0;-0;0;0;0;
6.97901;-0.0386782;0.00632233;-10.6954;-0.000310032;3.33759e-05;-0.00192202;3.13956;2.38488;14.0633;-0.782644;0.227401;0.136159;0;0;0;0;0;0;-3.13956;-2.38488;-14.0633;-6.0619;90.4484;-13.9851;
6.98003;-0.0389886;0.00656926;-10.6953;-0.000322706;3.07026e-05;-0.00194556;0.663657;2.92597;28.8216;-0.321066;-0.250982;-0.188628;0;0;0;0;0;0;-0.663657;-2.92597;-28.8216;-13.9031;186.663;-18.4084;
6.98105;-0.0391601;0.00677844;-10.6952;-0.000332524;2.81988e-05;-0.00195815;-3.76506;-2.60704;7.59183;0.451913;-0.409036;0.0836566;0;0;0;0;0;0;3.76506;2.60704;-7.59183;-4.53741;49.9066;14.8877;
6.98202;-0.039228;0.00694168;-10.6951;-0.000339592;2.59955e-05;-0.00196284;0;0;0;0;0;0;0;0;0;0;0;0;0;-0;-0;0;0;0;
6.98304;-0.0391416;0.00706388;-10.695;-0.00034369;2.40041e-05;-0.00195537;0.579945;-0.267826;2.3908;0.0905457;0.172039;-0.00269156;0;0;0;0;0;0;-0.579945;0.267826;-2.3908;-1.32166;15.2385;2.02768;
6.984;-0.0389843;0.00713013;-10.695;-0.000344593;2.28155e-05;-0.0019416;0;0;0;0;0;0;0;0;0;0;0;0;0;-0;-0;0;0;0;
6.98503;-0.0387388;0.00713326;-10.695;-0.000341749;2.2667e-05;-0.00192017;0;0;0;0;0;0;0;0;0;0;0;0;0;-0;-0;0;0;0;
6.98605;-0.0384266;0.00705551;-10.695;-0.000335397;2.38451e-05;-0.00189446;1.86035;12.2881;33.0025;-1.68305;0.660033;-0.150881;0;0;0;0;0;0;-1.86035;-12.2881;-33.0025;-13.7081;212.683;-78.4171;
6.98701;-0.0381082;0.00691838;-10.6951;-0.000327101;2.61089e-05;-0.00186901;2.59492;14.6828;40.053;-2.0479;0.793326;-0.158143;0;0;0;0;0;0;-2.59492;-14.6828;-40.053;-16.6545;258.094;-93.5339;
6.98803;-0.0377288;0.00671171;-10.6952;-0.000316544;2.95213e-05;-0.00184068;-0.0976342;-7.96193;25.5726;0.684836;-0.159127;0.146185;0;0;0;0;0;0;0.0976342;7.96193;-25.5726;-14.3644;165.626;51.3191;
6.98906;-0.0373499;0.00646656;-10.6953;-0.000305607;3.37678e-05;-0.00181401;2.53619;-3.52677;24.2576;-0.389134;-0.287927;0.262412;0;0;0;0;0;0;-2.53619;3.52677;-24.2576;-12.1832;156.983;23.8336;
6.99002;-0.0370399;0.00622054;-10.6954;-0.00029575;3.86585e-05;-0.00179408;-1.98775;-1.10375;3.93971;0.167068;-0.276419;0.0068514;0;0;0;0;0;0;1.98775;1.10375;-3.93971;-2.26221;25.9661;6.13328;
6.99104;-0.0366517;0.00593452;-10.6955;-0.000284738;4.45832e-05;-0.00177223;0;0;0;0;0;0;0;0;0;0;0;0;0;-0;-0;0;0;0;
6.992;-0.0364114;0.00567833;-10.6957;-0.000275275;5.12413e-05;-0.00176109;0;0;0;0;0;0;0;0;0;0;0;0;0;-0;-0;0;0;0;
6.99302;-0.036214;0.00541978;-10.6958;-0.000265754;5.9428e-05;-0.00175572;0;0;0;0;0;0;0;0;0;0;0;0;0;-0;-0;0;0;0;
6.99404;-0.0361603;0.00520769;-10.696;-0.000258376;6.8093e-05;-0.00176198;-2.31968;-2.65673;7.50172;0.445774;-0.417663;-0.010073;0;0;0;0;0;0;2.31968;2.65673;-7.50172;-4.49086;49.1871;16.0309;
6.995;-0.0362156;0.00504771;-10.6962;-0.000253564;7.69073e-05;-0.00177796;2.22309;1.70908;10.0197;-0.540252;0.147438;0.0909465;0;0;0;0;0;0;-2.22309;-1.70908;-10.0197;-4.33532;64.4581;-10.0291;
6.99603;-0.036349;0.00491122;-10.6963;-0.00024977;8.68764e-05;-0.00180277;-6.18738;0.998021;41.2869;-0.112535;-0.0827023;-0.0163116;0;0;0;0;0;0;6.18738;-0.998021;-41.2869;-20.5838;267.834;-9.55759;
6.99705;-0.0366056;0.00480204;-10.6965;-0.000247833;9.74866e-05;-0.00183821;0;0;0;0;0;0;0;0;0;0;0;0;0;-0;-0;0;0;0;
6.99802;-0.0368257;0.0047029;-10.6967;-0.000246528;0.000107382;-0.00187189;0;0;0;0;0;0;0;0;0;0;0;0;0;-0;-0;0;0;0;
6.99903;-0.037195;0.00461882;-10.6969;-0.000247567;0.000118174;-0.00191986;0;0;0;0;0;0;0;0;0;0;0;0;0;-0;-0;0;0;0;
7.00006;-0.0376053;0.00454714;-10.697;-0.000251686;0.00012802;-0.00197351;3.09927;6.47066;21.738;-1.14584;0.391776;0.0467487;0;0;0;0;0;0;-3.09927;-6.47066;-21.738;-9.15479;139.945;-40.3514;
7.00102;-0.0380973;0.00449878;-10.6971;-0.00025814;0.000137545;-0.00203488;3.25562;-0.974231;12.9923;0.507805;0.9315;-0.0573972;0;0;0;0;0;0;-3.25562;0.974231;-12.9923;-7.14981;82.8035;8.00064;
7.00205;-0.0386573;0.00445308;-10.6973;-0.000268445;0.000146453;-0.00210572;0;0;0;0;0;0;0;0;0;0;0;0;0;-0;-0;0;0;0;
7.00302;-0.0391562;0.00441947;-10.6973;-0.000279746;0.000153628;-0.00217105;0;0;0;0;0;0;0;0;0;0;0;0;0;-0;-0;0;0;0;
7.00404;-0.0396494;0.00439673;-10.6974;-0.000293426;0.000160173;-0.00223975;0;0;0;0;0;0;0;0;0;0;0;0;0;-0;-0;0;0;0;
7.00501;-0.0401218;0.00440035;-10.6975;-0.000307814;0.000165406;-0.00230484;2.34243;4.17381;15.6749;-0.563751;0.430312;-0.0367897;0;0;0;0;0;0;-2.34243;-4.17381;-15.6749;-6.91321;100.753;-25.7883;
7.00603;-0.0405315;0.00442729;-10.6975;-0.000323087;0.000169727;-0.00236722;0;0;0;0;0;0;0;0;0;0;0;0;0;-0;-0;0;0;0;
7.00705;-0.0408514;0.00447887;-10.6975;-0.00033785;0.000172697;-0.002421;4.3328;-7.99859;29.2742;1.23252;0.721401;0.150505;0;0;0;0;0;0;-4.3328;7.99859;-29.2742;-16.7803;188.251;53.7836;
7.00802;-0.0410102;0.00453233;-10.6975;-0.000348978;0.000174903;-0.0024585;0;0;0;0;0;0;0;0;0;0;0;0;0;-0;-0;0;0;0;
7.00904;-0.0409815;0.00459107;-10.6975;-0.000356101;0.000175975;-0.00247733;0.645768;-0.409419;2.785;0.10229;0.201376;0.00588572;0;0;0;0;0;0;-0.645768;0.409419;-2.785;-1.54617;17.7531;2.96837;
7.01001;-0.0406896;0.00462774;-10.6975;-0.000357424;0.000175581;-0.00247036;9.00934;7.91897;94.4408;-0.292125;-0.889218;-0.452473;0;0;0;0;0;0;-9.00934;-7.91897;-94.4408;-46.4841;611.026;-46.2459;
7.01103;-0.0402371;0.00465475;-10.6975;-0.000353366;0.000175063;-0.00244421;1.09721;8.57057;23.6967;-1.01975;0.308166;-0.160475;0;0;0;0;0;0;-1.09721;-8.57057;-23.6967;-10.0569;152.902;-54.7392;
7.01205;-0.0395378;0.00465158;-10.6975;-0.000343199;0.000173594;-0.00239353;-1.90552;6.23941;74.0725;-1.33648;0.103103;0.0217241;0;0;0;0;0;0;1.90552;-6.23941;-74.0725;-35.3486;479.344;-41.3511;
7.01302;-0.0387422;0.0046179;-10.6975;-0.000328759;0.00017217;-0.00233078;2.07967;-2.96449;12.3449;0.541575;0.226398;0.0337602;0;0;0;0;0;0;-2.07967;2.96449;-12.3449;-7.05708;79.4376;20.1943;
7.01404;-0.0377256;0.00454324;-10.6975;-0.000308669;0.000170372;-0.00224709;3.90065;-0.799139;15.3673;0.0473848;0.785385;0.0330707;0;0;0;0;0;0;-3.90065;0.799139;-15.3673;-7.86814;98.2513;7.10221;
7.01501;-0.0367202;0.0044527;-10.6976;-0.000286775;0.000168751;-0.00216076;3.26855;0.744351;13.0532;-0.175906;-0.308396;0.0284242;0;0;0;0;0;0;-3.26855;-0.744351;-13.0532;-6.32441;84.4358;-3.19805;
7.01603;-0.035612;0.00433032;-10.6977;-0.000260638;0.000167757;-0.00206327;0;0;0;0;0;0;0;0;0;0;0;0;0;-0;-0;0;0;0;
7.01705;-0.0345232;0.00418728;-10.6977;-0.000233524;0.000167116;-0.00196676;-5.22612;-6.24613;41.9453;0.657319;-0.0172135;0.131452;0;0;0;0;0;0;5.22612;6.24613;-41.9453;-22.4118;271.931;37.6492;
7.01801;-0.0336542;0.00405;-10.6979;-0.000208299;0.000168273;-0.00188739;-5.38413;-1.51149;25.8014;0.172805;-0.501524;0.0357911;0;0;0;0;0;0;5.38413;1.51149;-25.8014;-13.3207;167.979;7.03169;
7.01903;-0.0328243;0.00389864;-10.698;-0.000181912;0.000170342;-0.00181064;-4.42651;-3.38785;9.36792;0.555984;-0.506856;0.0794116;0;0;0;0;0;0;4.42651;3.38785;-9.36792;-5.61442;61.562;19.6106;
7.02005;-0.0321573;0.00375726;-10.6981;-0.000157005;0.000173687;-0.00174756;0;0;0;0;0;0;0;0;0;0;0;0;0;-0;-0;0;0;0;
7.02101;-0.0316469;0.0036385;-10.6983;-0.000134676;0.000177767;-0.00169745;0;0;0;0;0;0;0;0;0;0;0;0;0;-0;-0;0;0;0;
7.02203;-0.0312383;0.00352795;-10.6985;-0.000112762;0.000182948;-0.00165597;4.69175;-3.28615;21.2156;0.673989;0.339247;1.49998e-05;0;0;0;0;0;0;-4.69175;3.28615;-21.2156;-11.69;136.457;23.625;
7.02303;-0.0309582;0.00343518;-10.6986;-9.28016e-05;0.00018879;-0.00162481;2.59358;-1.62553;11.187;0.358776;0.677249;0.0248597;0;0;0;0;0;0;-2.59358;1.62553;-11.187;-6.15677;71.4436;11.7989;
7.02401;-0.0307037;0.00334819;-10.6988;-7.51291e-05;0.000194281;-0.00159886;0;0;0;0;0;0;0;0;0;0;0;0;0;-0;-0;0;0;0;
7.02503;-0.0305281;0.00327946;-10.699;-5.99227e-05;0.000199466;-0.00158016;0;0;0;0;0;0;0;0;0;0;0;0;0;-0;-0;0;0;0;
7.02606;-0.0303058;0.00321291;-10.6991;-4.68067e-05;0.000203375;-0.00156028;0.249135;-0.017478;0.970868;0.0608333;-0.0593453;-0.0166788;0;0;0;0;0;0;-0.249135;0.017478;-0.970868;-0.551619;6.31596;0.255254;
7.027;-0.030101;0.00315724;-10.6992;-3.75728e-05;0.000205444;-0.00154378;1.55809;0.0273356;8.21278;-0.264329;0.262112;0.0206823;0;0;0;0;0;0;-1.55809;-0.0273356;-8.21278;-3.86977;52.719;0.587276;
7.02805;-0.0297927;0.00309538;-10.6992;-3.01904e-05;0.000205307;-0.00152162;-3.26955;-0.140419;12.4918;0.189412;-0.531784;-0.0832015;0;0;0;0;0;0;3.26955;0.140419;-12.4918;-6.49569;81.6825;-0.655174;
7.02906;-0.029401;0.00303044;-10.6992;-2.64165e-05;0.000202404;-0.0014962;0;0;0;0;0;0;0;0;0;0;0;0;0;-0;-0;0;0;0;
7.03006;-0.0289053;0.00296025;-10.6991;-2.57426e-05;0.000196655;-0.00146543;1.67799;9.24799;25.3018;-1.29429;0.500283;-0.0970207;0;0;0;0;0;0;-1.67799;-9.24799;-25.3018;-10.523;163.036;-58.893;
7.03102;-0.0283053;0.0028832;-10.699;-2.77547e-05;0.000188223;-0.00142849;0;0;0;0;0;0;0;0;0;0;0;0;0;-0;-0;0;0;0;
7.03204;-0.0276203;0.00280335;-10.6988;-3.27594e-05;0.000177115;-0.00138719;3.01284;-1.54505;12.5749;0.471798;0.90608;-0.00171086;0;0;0;0;0;0;-3.01284;1.54505;-12.5749;-6.96079;80.1521;11.5159;
7.033;-0.0269128;0.00272852;-10.6985;-4.02689e-05;0.000164229;-0.00134468;0;0;0;0;0;0;0;0;0;0;0;0;0;-0;-0;0;0;0;
7.03402;-0.0261484;0.00265445;-10.6983;-5.0373e-05;0.000149233;-0.00129959;0;0;0;0;0;0;0;0;0;0;0;0;0;-0;-0;0;0;0;
7.03505;-0.025385;0.00259009;-10.698;-6.19734e-05;0.000133327;-0.00125457;-3.53778;-1.60413;15.9746;0.140318;-0.645306;0.0526256;0;0;0;0;0;0;3.53778;1.60413;-15.9746;-8.34773;104.357;8.5442;
7.03601;-0.024707;0.00254041;-10.6977;-7.37018e-05;0.000118355;-0.00121542;5.81645;2.03705;23.4848;-0.477363;0.847546;0.035243;0;0;0;0;0;0;-5.81645;-2.03705;-23.4848;-11.1478;150.517;-10.2853;
7.03703;-0.02406;0.00250282;-10.6974;-8.64855e-05;0.000102914;-0.00117833;0;0;0;0;0;0;0;0;0;0;0;0;0;-0;-0;0;0;0;
7.03804;-0.0235016;0.00248527;-10.6971;-9.92618e-05;8.82454e-05;-0.0011466;6.07334;12.9593;43.2112;-2.2755;0.780761;0.0856661;0;0;0;0;0;0;-6.07334;-12.9593;-43.2112;-18.1907;278.19;-80.8744;
7.03906;-0.0230606;0.0024906;-10.6968;-0.000111831;7.4758e-05;-0.001122;1.22554;10.5437;27.9486;-1.3858;0.535215;-0.160972;0;0;0;0;0;0;-1.22554;-10.5437;-27.9486;-11.6347;180.171;-67.4403;
7.04001;-0.0227434;0.00251641;-10.6966;-0.0001232;6.31488e-05;-0.00110437;0;0;0;0;0;0;0;0;0;0;0;0;0;-0;-0;0;0;0;
7.04103;-0.0225135;0.00256734;-10.6964;-0.000134742;5.20581e-05;-0.00109178;1.36943;0.716852;5.7311;-0.324797;0.0906123;0.0662756;0;0;0;0;0;0;-1.36943;-0.716852;-5.7311;-2.49011;36.8527;-4.01457;
7.04206;-0.0223791;0.00264166;-10.6962;-0.000145536;4.20405e-05;-0.00108362;0;0;0;0;0;0;0;0;0;0;0;0;0;-0;-0;0;0;0;
7.04303;-0.0223255;0.00272996;-10.696;-0.000155024;3.34293e-05;-0.00107904;0.560373;-0.15113;2.226;0.0977542;-0.168156;-0.0360252;0;0;0;0;0;0;-0.560373;0.15113;-2.226;-1.23416;14.5144;1.29611;
7.04405;-0.02235;0.00284466;-10.6958;-0.000164314;2.51628e-05;-0.00107725;0.869375;-5.33832;20.023;0.84604;-0.431033;-0.0371644;0;0;0;0;0;0;-0.869375;5.33832;-20.023;-11.4671;129.894;35.0144;
7.04501;-0.0224429;0.00296854;-10.6957;-0.000171824;1.82732e-05;-0.00107756;2.2973;1.91988;10.5464;-0.39783;0.273999;0.0365959;0;0;0;0;0;0;-2.2973;-1.91988;-10.5464;-4.72196;67.7319;-11.3012;
7.04604;-0.0225924;0.00311227;-10.6956;-0.000178223;1.17731e-05;-0.00107816;0;0;0;0;0;0;0;0;0;0;0;0;0;-0;-0;0;0;0;
7.047;-0.0228166;0.00326569;-10.6955;-0.000183362;6.10575e-06;-0.00108051;2.64885;8.93742;26.3718;-1.36513;0.500789;-0.0326006;0;0;0;0;0;0;-2.64885;-8.93742;-26.3718;-11.0223;169.861;-56.459;
7.04803;-0.0230631;0.00343354;-10.6954;-0.000186996;5.56292e-07;-0.00108048;9.39644;9.80876;47.6797;-1.82397;0.709222;0.0957877;0;0;0;0;0;0;-9.39644;-9.80876;-47.6797;-21.209;306.84;-58.8261;
7.04905;-0.0234289;0.00362083;-10.6953;-0.000189602;-4.23269e-06;-0.00108423;-1.2259;-1.73643;10.5583;0.45641;-0.769978;-0.0736385;0;0;0;0;0;0;1.2259;1.73643;-10.5583;-5.94886;69.206;10.691;
7.05001;-0.0238173;0.00380578;-10.6952;-0.000190746;-8.56509e-06;-0.00108653;4.87707;-14.9757;47.1187;1.78285;0.738057;0.285619;0;0;0;0;0;0;-4.87707;14.9757;-47.1187;-27.0188;303.634;99.0648;
7.05102;-0.0242661;0.00400308;-10.6951;-0.000190045;-1.30348e-05;-0.00108637;4.77207;3.04868;32.7767;-0.550006;-0.319001;-0.0844835;0;0;0;0;0;0;-4.77207;-3.04868;-32.7767;-15.6542;211.908;-17.237;
7.05204;-0.0247188;0.004192;-10.695;-0.0001862;-1.72127e-05;-0.00108038;0;0;0;0;0;0;0;0;0;0;0;0;0;-0;-0;0;0;0;
7.05306;-0.0251847;0.00436844;-10.695;-0.000179532;-2.16011e-05;-0.00106841;2.6571;2.09465;40.6247;-0.166729;0.370514;-0.072388;0;0;0;0;0;0;-2.6571;-2.09465;-40.6247;-20.0862;262.208;-12.1418;
7.05402;-0.0256359;0.0045274;-10.695;-0.000171148;-2.56493e-05;-0.00105374;2.3295;-5.94725;20.1868;0.884535;0.279793;0.0937874;0;0;0;0;0;0;-2.3295;5.94725;-20.1868;-11.6492;130.097;39.5588;
7.05504;-0.0261845;0.00470637;-10.6949;-0.000161556;-3.01125e-05;-0.00103891;0.808661;-0.0819076;3.15617;0.197519;-0.192911;-0.0556138;0;0;0;0;0;0;-0.808661;0.0819076;-3.15617;-1.79552;20.5325;0.992891;
7.05601;-0.0267599;0.00488995;-10.6949;-0.0001525;-3.44956e-05;-0.00102658;0;0;0;0;0;0;0;0;0;0;0;0;0;-0;-0;0;0;0;
7.05703;-0.0273893;0.00509333;-10.6948;-0.000142814;-3.94824e-05;-0.00101338;0;0;0;0;0;0;0;0;0;0;0;0;0;-0;-0;0;0;0;
7.05805;-0.0280233;0.0052977;-10.6948;-0.00013276;-4.44139e-05;-0.00100048;0;0;0;0;0;0;0;0;0;0;0;0;0;-0;-0;0;0;0;
7.05902;-0.0285751;0.00547769;-10.6947;-0.000122412;-4.8984e-05;-0.000986069;-4.46881;-11.3821;34.0616;1.24493;-0.666728;0.188365;0;0;0;0;0;0;4.46881;11.3821;-34.0616;-19.5435;221.496;71.204;
7.06004;-0.0290955;0.0056466;-10.6947;-0.000110706;-5.32113e-05;-0.000969911;3.43646;9.07315;28.3586;-1.48032;0.525032;0.0114022;0;0;0;0;0;0;-3.43646;-9.07315;-28.3586;-11.8943;182.613;-56.9844;
7.061;-0.0294911;0.00578231;-10.6947;-9.96384e-05;-5.6318e-05;-0.000954903;0;0;0;0;0;0;0;0;0;0;0;0;0;-0;-0;0;0;0;
7.06203;-0.0298281;0.00591268;-10.6946;-8.87319e-05;-5.86838e-05;-0.000941384;0;0;0;0;0;0;0;0;0;0;0;0;0;-0;-0;0;0;0;
7.06305;-0.030032;0.0060117;-10.6947;-7.86206e-05;-5.94465e-05;-0.000930586;3.07845;-1.27131;13.0162;-0.033677;-0.465795;-0.00153574;0;0;0;0;0;0;-3.07845;1.27131;-13.0162;-6.6502;84.373;9.77765;
7.06401;-0.0300991;0.00606648;-10.6947;-6.96252e-05;-5.82944e-05;-0.000923274;1.11007;2.63317;9.64461;-0.300026;0.0472253;-0.0542783;0;0;0;0;0;0;-1.11007;-2.63317;-9.64461;-4.29398;62.2428;-16.4234;
7.06503;-0.0300463;0.00608231;-10.6948;-6.04862e-05;-5.50712e-05;-0.000918399;0;0;0;0;0;0;0;0;0;0;0;0;0;-0;-0;0;0;0;
7.06605;-0.0298833;0.00605421;-10.6949;-5.1891e-05;-4.99142e-05;-0.000916548;-0.00327925;-0.0368309;0.0876093;0.00515002;-0.00510716;-0.00195428;0;0;0;0;0;0;0.00327925;0.0368309;-0.0876093;-0.0529732;0.572275;0.238601;
7.06701;-0.029669;0.00599555;-10.695;-4.50065e-05;-4.35211e-05;-0.000919851;0;0;0;0;0;0;0;0;0;0;0;0;0;-0;-0;0;0;0;
7.06803;-0.0294251;0.0059154;-10.6952;-3.88111e-05;-3.53767e-05;-0.000928677;-2.94293;-2.54173;6.65515;0.39368;-0.362026;0.0358221;0;0;0;0;0;0;2.94293;2.54173;-6.65515;-4.00084;43.7165;14.927;
7.06905;-0.0292183;0.00582834;-10.6953;-3.39663e-05;-2.63125e-05;-0.000943885;6.97341;12.7416;69.3584;-1.42014;1.03828;-0.286472;0;0;0;0;0;0;-6.97341;-12.7416;-69.3584;-32.2385;447.016;-78.6401;
7.07001;-0.029077;0.00574298;-10.6955;-3.02853e-05;-1.71177e-05;-0.000963352;0.509055;1.15395;3.77181;-0.1981;0.0686347;0.00573797;0;0;0;0;0;0;-0.509055;-1.15395;-3.77181;-1.58607;24.2842;-7.21549;
7.07104;-0.0289653;0.00563749;-10.6957;-2.74466e-05;-7.31643e-06;-0.000987728;0;0;0;0;0;0;0;0;0;0;0;0;0;-0;-0;0;0;0;
7.07206;-0.0289691;0.00553355;-10.6959;-2.51395e-05;2.77872e-06;-0.00101788;0;0;0;0;0;0;0;0;0;0;0;0;0;-0;-0;0;0;0;
7.07302;-0.0290785;0.00544146;-10.696;-2.40139e-05;1.1983e-05;-0.00105139;0;0;0;0;0;0;0;0;0;0;0;0;0;-0;-0;0;0;0;
7.07405;-0.0293482;0.00536662;-10.6962;-2.42647e-05;2.13816e-05;-0.00109439;0;0;0;0;0;0;0;0;0;0;0;0;0;-0;-0;0;0;0;
7.07502;-0.0297064;0.0053134;-10.6963;-2.55406e-05;2.95777e-05;-0.00113894;0;0;0;0;0;0;0;0;0;0;0;0;0;-0;-0;0;0;0;
7.07605;-0.030186;0.00526838;-10.6964;-2.78019e-05;3.74038e-05;-0.0011894;1.36706;-0.480157;5.50564;0.341305;-0.336096;-0.114058;0;0;0;0;0;0;-1.36706;0.480157;-5.50564;-3.1627;35.8209;3.90931;
7.07701;-0.0307422;0.00524094;-10.6965;-3.06164e-05;4.4114e-05;-0.00124043;0.559885;-0.487368;2.59955;0.0920381;0.189372;0.0156808;0;0;0;0;0;0;-0.559885;0.487368;-2.59955;-1.45033;16.5738;3.41964;
7.07804;-0.0314131;0.00522461;-10.6966;-3.43437e-05;5.02193e-05;-0.0012964;-2.56898;6.7492;40.8465;-0.592609;-0.266959;-0.265;0;0;0;0;0;0;2.56898;-6.7492;-40.8465;-19.3053;264.804;-44.6968;
7.07906;-0.0320955;0.00521611;-10.6967;-3.82765e-05;5.53925e-05;-0.00135066;-1.91775;12.1698;54.1041;-1.79646;0.222371;-0.139823;0;0;0;0;0;0;1.91775;-12.1698;-54.1041;-24.2358;350.027;-79.5654;
7.08001;-0.032735;0.00521763;-10.6968;-4.2212e-05;5.90249e-05;-0.00139848;0;0;0;0;0;0;0;0;0;0;0;0;0;-0;-0;0;0;0;
7.08103;-0.0333896;0.00522287;-10.6968;-4.69802e-05;6.12968e-05;-0.00144501;-6.18652;-17.2968;58.5558;1.89263;-0.0157852;0.343344;0;0;0;0;0;0;6.18652;17.2968;-58.5558;-33.1223;379.496;108.452;
7.08205;-0.0339881;0.00522798;-10.6968;-5.15246e-05;6.23868e-05;-0.00148539;2.68843;-1.50126;11.3585;0.354372;0.781178;0.021445;0;0;0;0;0;0;-2.68843;1.50126;-11.3585;-6.22629;72.4393;11.046;
7.08301;-0.0344538;0.00522376;-10.6968;-5.58268e-05;6.19158e-05;-0.00151558;0;0;0;0;0;0;0;0;0;0;0;0;0;-0;-0;0;0;0;
7.08403;-0.0348143;0.00520703;-10.6968;-6.01276e-05;6.02456e-05;-0.00153848;-0.972353;3.11937;41.9487;-0.457248;0.163079;-0.0188472;0;0;0;0;0;0;0.972353;-3.11937;-41.9487;-20.3599;271.346;-20.6535;
7.08504;-0.0350013;0.00517286;-10.6967;-6.3771e-05;5.76906e-05;-0.00155109;-2.79421;-6.30727;18.4192;1.05281;-0.857365;-0.112682;0;0;0;0;0;0;2.79421;6.30727;-18.4192;-10.9633;120.311;39.5137;
7.08604;-0.035052;0.00512207;-10.6966;-6.68289e-05;5.46615e-05;-0.00155619;0;0;0;0;0;0;0;0;0;0;0;0;0;-0;-0;0;0;0;
7.08704;-0.0349129;0.00504934;-10.6966;-6.92346e-05;5.11219e-05;-0.00155139;4.70334;9.65863;33.833;-1.29595;0.62857;-0.0869821;0;0;0;0;0;0;-4.70334;-9.65863;-33.833;-14.7775;217.802;-60.0359;
7.08805;-0.0346035;0.00495352;-10.6965;-7.07869e-05;4.75956e-05;-0.0015391;1.55275;-0.959293;67.6532;0.129804;0.801113;0.0238329;0;0;0;0;0;0;-1.55275;0.959293;-67.6532;-34.3036;436.764;6.965;
7.08901;-0.0341293;0.00483662;-10.6965;-7.14752e-05;4.44702e-05;-0.00152034;0;0;0;0;0;0;0;0;0;0;0;0;0;-0;-0;0;0;0;
7.09003;-0.0334548;0.00468712;-10.6964;-7.15218e-05;4.15524e-05;-0.00149403;0.619402;-0.320862;2.58862;0.097033;0.186549;-9.49991e-05;0;0;0;0;0;0;-0.619402;0.320862;-2.58862;-1.43313;16.4999;2.38809;
7.09106;-0.0326155;0.00451396;-10.6964;-7.10912e-05;3.91314e-05;-0.00146216;0;0;0;0;0;0;0;0;0;0;0;0;0;-0;-0;0;0;0;
7.09202;-0.0316821;0.00433686;-10.6964;-6.99415e-05;3.74276e-05;-0.00142649;1.14957;-0.67992;4.89867;0.181243;0.35376;0.00656848;0;0;0;0;0;0;-1.14957;0.67992;-4.89867;-2.71693;31.2256;4.97161;
7.09305;-0.0306067;0.00414543;-10.6963;-6.85042e-05;3.60029e-05;-0.00138547;0.466801;0.557661;2.42334;-0.131494;0.0408896;0.0159198;0;0;0;0;0;0;-0.466801;-0.557661;-2.42334;-1.03324;15.5915;-3.38889;
7.09401;-0.0295706;0.00397135;-10.6963;-6.71223e-05;3.50436e-05;-0.0013459;0.437427;-0.149424;1.75852;-0.108139;0.0274082;0.0292281;0;0;0;0;0;0;-0.437427;0.149424;-1.75852;-0.792631;11.3065;1.15789;
7.09503;-0.0284337;0.00379137;-10.6963;-6.55287e-05;3.42717e-05;-0.0013021;0;0;0;0;0;0;0;0;0;0;0;0;0;-0;-0;0;0;0;
7.09605;-0.0273588;0.00362732;-10.6963;-6.44132e-05;3.36001e-05;-0.0012609;0.407721;0.131468;1.6335;-0.0942469;0.0254284;0.0214775;0;0;0;0;0;0;-0.407721;-0.131468;-1.6335;-0.715378;10.5025;-0.666709;
7.097;-0.0263222;0.00348055;-10.6963;-6.35436e-05;3.26442e-05;-0.00121947;0;0;0;0;0;0;0;0;0;0;0;0;0;-0;-0;0;0;0;
7.09802;-0.0253555;0.00334674;-10.6963;-6.36996e-05;3.16198e-05;-0.00118228;3.36099;-7.63011;26.7147;1.17464;0.368944;0.108933;0;0;0;0;0;0;-3.36099;7.63011;-26.7147;-15.3963;172.14;50.9513;
7.09905;-0.0244752;0.00323533;-10.6962;-6.50526e-05;2.98722e-05;-0.00114747;0;0;0;0;0;0;0;0;0;0;0;0;0;-0;-0;0;0;0;
7.10002;-0.0237731;0.00315581;-10.6962;-6.77345e-05;2.77459e-05;-0.00112036;0.0471498;-0.551608;3.38637;0.207459;-0.199084;-0.0353175;0;0;0;0;0;0;-0.0471498;0.551608;-3.38637;-1.96852;22.1044;3.62801;
7.10104;-0.0231538;0.00309502;-10.6961;-7.22487e-05;2.47949e-05;-0.00109692;0;0;0;0;0;0;0;0;0;0;0;0;0;-0;-0;0;0;0;
7.10201;-0.0226694;0.0030556;-10.696;-7.81947e-05;2.14593e-05;-0.00107968;-0.116889;-0.556021;1.27212;0.034651;0.105459;0.0492781;0;0;0;0;0;0;0.116889;0.556021;-1.27212;-0.731189;8.13693;3.48933;
7.10303;-0.0222632;0.00303049;-10.6959;-8.6416e-05;1.72307e-05;-0.00106687;0.62728;-0.256495;2.55561;0.0977685;0.183654;-0.005565;0;0;0;0;0;0;-0.62728;0.256495;-2.55561;-1.41078;16.2884;1.98107;
7.10405;-0.0219747;0.00302323;-10.6958;-9.6495e-05;1.24434e-05;-0.00106002;4.65625;8.76135;30.5805;-1.61977;0.544318;0.0906809;0;0;0;0;0;0;-4.65625;-8.76135;-30.5805;-12.9053;196.846;-54.4318;
7.10506;-0.0218505;0.00304176;-10.6957;-0.000108654;6.97397e-06;-0.00106091;2.41863;-2.44359;24.8051;-0.0264375;-0.497714;0.068267;0;0;0;0;0;0;-2.41863;2.44359;-24.8051;-12.7132;160.746;16.9602;
7.10601;-0.0218499;0.00308214;-10.6955;-0.000121807;1.14895e-06;-0.00106654;0.976885;0.311656;3.95176;-0.132552;-0.0218342;0.0262596;0;0;0;0;0;0;-0.976885;-0.311656;-3.95176;-1.82674;25.492;-1.55062;
7.10703;-0.021949;0.00314416;-10.6954;-0.000137467;-5.80359e-06;-0.00107615;0;0;0;0;0;0;0;0;0;0;0;0;0;-0;-0;0;0;0;
7.10805;-0.0221835;0.00322537;-10.6952;-0.000154852;-1.33463e-05;-0.00109144;0;0;0;0;0;0;0;0;0;0;0;0;0;-0;-0;0;0;0;
7.10901;-0.0225001;0.00331683;-10.695;-0.000172021;-2.10472e-05;-0.00110797;8.91359;1.49942;44.3493;-0.506976;-0.578563;0.0106036;0;0;0;0;0;0;-8.91359;-1.49942;-44.3493;-21.6819;286.627;-5.2221;
7.11003;-0.0229639;0.00343278;-10.6947;-0.000191036;-2.96049e-05;-0.00112925;1.21889;-6.26125;19.5288;0.685734;0.198798;0.120803;0;0;0;0;0;0;-1.21889;6.26125;-19.5288;-11.1505;126.031;41.0039;
7.11106;-0.0234799;0.00355758;-10.6945;-0.00020993;-3.85907e-05;-0.00114908;1.41492;-0.841149;6.03444;0.223151;0.435825;0.00842716;0;0;0;0;0;0;-1.41492;0.841149;-6.03444;-3.34712;38.4655;6.14657;
7.11202;-0.024061;0.00368786;-10.6943;-0.000227727;-4.7183e-05;-0.00116922;0.45997;-0.120059;1.82484;0.0801628;-0.137856;-0.0292757;0;0;0;0;0;0;-0.45997;0.120059;-1.82484;-1.01139;11.8985;1.03776;
7.11305;-0.0247162;0.0038254;-10.6941;-0.000245289;-5.60279e-05;-0.00118862;0;0;0;0;0;0;0;0;0;0;0;0;0;-0;-0;0;0;0;
7.11401;-0.0253911;0.00395357;-10.6939;-0.000260591;-6.41827e-05;-0.00120567;0;0;0;0;0;0;0;0;0;0;0;0;0;-0;-0;0;0;0;
7.11504;-0.0261322;0.00408259;-10.6937;-0.000275032;-7.19997e-05;-0.0012224;0.995416;0.125534;3.89139;0.165759;0.278329;-0.0513798;0;0;0;0;0;0;-0.995416;-0.125534;-3.89139;-2.1133;24.7994;-0.259433;
7.11601;-0.0268104;0.00418728;-10.6935;-0.000286347;-7.84971e-05;-0.0012347;0.570029;1.62532;4.98032;-0.259238;0.0929764;-0.000671323;0;0;0;0;0;0;-0.570029;-1.62532;-4.98032;-2.08641;32.0729;-10.2281;
7.11703;-0.0275218;0.00428177;-10.6934;-0.00029616;-8.39675e-05;-0.00124729;0.918722;2.58368;37.1427;-0.517052;0.121061;-0.0355121;0;0;0;0;0;0;-0.918722;-2.58368;-37.1427;-17.933;240.102;-16.2183;
7.11806;-0.0281665;0.00435202;-10.6933;-0.000302522;-8.7708e-05;-0.00125622;0;0;0;0;0;0;0;0;0;0;0;0;0;-0;-0;0;0;0;
7.11902;-0.0287395;0.00441182;-10.6932;-0.000306417;-8.99391e-05;-0.00126365;0.211574;0.120433;0.896132;-0.0505942;0.0142278;0.010033;0;0;0;0;0;0;-0.211574;-0.120433;-0.896132;-0.38872;5.76258;-0.68267;
7.12004;-0.0292307;0.00446123;-10.6932;-0.00030789;-9.05575e-05;-0.00126848;1.13783;3.18054;9.79421;-0.510174;0.182464;1.5986e-05;0;0;0;0;0;0;-1.13783;-3.18054;-9.79421;-4.10433;63.0725;-20.0052;
7.121;-0.0296045;0.00449781;-10.6932;-0.000307189;-8.92657e-05;-0.00127319;-5.2979;1.53606;29.4354;0.0961985;-0.942779;-0.133266;0;0;0;0;0;0;5.2979;-1.53606;-29.4354;-14.7691;191.923;-12.4737;
7.12202;-0.0299399;0.00453579;-10.6933;-0.000304935;-8.55778e-05;-0.0012824;-3.48843;-7.54391;18.8929;0.928519;-0.239793;0.122412;0;0;0;0;0;0;3.48843;7.54391;-18.8929;-11.2016;122.828;46.9299;
7.12304;-0.0302597;0.00459062;-10.6934;-0.000302989;-8.01455e-05;-0.00129948;0;0;0;0;0;0;0;0;0;0;0;0;0;-0;-0;0;0;0;
7.124;-0.0304893;0.00466052;-10.6935;-0.000301684;-7.36357e-05;-0.00132015;10.6955;2.7348;46.0804;-0.131329;0.364473;-0.183728;0;0;0;0;0;0;-10.6955;-2.7348;-46.0804;-22.8056;296.705;-12.1232;
7.12503;-0.0306445;0.00475548;-10.6936;-0.000301247;-6.6045e-05;-0.00134422;-5.68799;-2.32206;9.68314;0.413375;-0.673696;0.0812663;0;0;0;0;0;0;5.68799;2.32206;-9.68314;-5.52375;63.8946;12.0775;
7.12605;-0.0306881;0.00487216;-10.6937;-0.000302298;-5.78186e-05;-0.00137047;-5.13143;-3.81812;16.3485;0.698645;-1.16926;-0.0537871;0;0;0;0;0;0;5.13143;3.81812;-16.3485;-9.31645;107.459;22.1725;
7.12701;-0.0307136;0.00500698;-10.6939;-0.000305431;-4.95933e-05;-0.00140208;0;0;0;0;0;0;0;0;0;0;0;0;0;-0;-0;0;0;0;
7.12804;-0.0307132;0.00516889;-10.694;-0.000310485;-4.0381e-05;-0.00144192;1.06363;-0.613022;4.68889;0.232298;-0.000488576;-0.0269158;0;0;0;0;0;0;-1.06363;0.613022;-4.68889;-2.65562;30.2312;4.52896;
7.12901;-0.0306892;0.00534292;-10.6941;-0.000316724;-3.19107e-05;-0.00148254;1.7413;-3.15667;12.5809;0.457978;-0.00735217;0.0545621;0;0;0;0;0;0;-1.7413;3.15667;-12.5809;-7.1117;81.232;21.2464;
7.13004;-0.030575;0.00553884;-10.6942;-0.000323559;-2.35659e-05;-0.00152214;0;0;0;0;0;0;0;0;0;0;0;0;0;-0;-0;0;0;0;
7.13101;-0.0303549;0.00572163;-10.6943;-0.000329089;-1.65534e-05;-0.00155206;0;0;0;0;0;0;0;0;0;0;0;0;0;-0;-0;0;0;0;
7.13203;-0.0299916;0.00589043;-10.6944;-0.00033213;-9.42835e-06;-0.00157476;0;0;0;0;0;0;0;0;0;0;0;0;0;-0;-0;0;0;0;
7.133;-0.0296212;0.00603008;-10.6945;-0.000332516;-3.24651e-06;-0.00159004;1.00584;-2.40865;10.2992;0.193429;-0.00508791;0.0538336;0;0;0;0;0;0;-1.00584;2.40865;-10.2992;-5.62282;66.5408;16.0369;
7.13403;-0.0290867;0.00612895;-10.6946;-0.000328565;2.59777e-06;-0.0015916;0.64349;-0.0751653;2.51397;0.111075;-0.189989;-0.0341119;0;0;0;0;0;0;-0.64349;0.0751653;-2.51397;-1.38493;16.391;0.844569;
7.13505;-0.0283587;0.0061588;-10.6948;-0.000319535;7.34225e-06;-0.00157328;5.58108;-4.42364;26.8926;0.297798;-0.150339;0.102191;0;0;0;0;0;0;-5.58108;4.42364;-26.8926;-14.2876;173.587;31.3303;
7.13602;-0.0275574;0.00611975;-10.6949;-0.000306738;1.10412e-05;-0.0015412;0;0;0;0;0;0;0;0;0;0;0;0;0;-0;-0;0;0;0;
7.13705;-0.0265928;0.00599966;-10.695;-0.000289043;1.43979e-05;-0.00149354;0;0;0;0;0;0;0;0;0;0;0;0;0;-0;-0;0;0;0;
7.13801;-0.0256418;0.00581833;-10.6951;-0.000269744;1.71311e-05;-0.00144092;0.419986;-0.209725;1.7517;0.0687647;0.109015;-0.00199105;0;0;0;0;0;0;-0.419986;0.209725;-1.7517;-0.972147;11.1824;1.57047;
7.13904;-0.0245678;0.00555632;-10.6952;-0.000247201;1.94146e-05;-0.00137664;-2.18243;13.3932;71.5077;-1.32522;-0.827624;-0.415776;0;0;0;0;0;0;2.18243;-13.3932;-71.5077;-33.351;463.705;-87.3379;
7.14001;-0.0235384;0.00525854;-10.6954;-0.000224921;2.11915e-05;-0.00131181;0.190618;-0.0422686;0.752252;0.0298669;0.0538627;-0.00454166;0;0;0;0;0;0;-0.190618;0.0422686;-0.752252;-0.413024;4.79413;0.374038;
7.14103;-0.0225002;0.00492183;-10.6955;-0.0002022;2.24996e-05;-0.00124419;0;0;0;0;0;0;0;0;0;0;0;0;0;-0;-0;0;0;0;
7.14205;-0.0215435;0.00458291;-10.6956;-0.000180937;2.35733e-05;-0.00118097;0;0;0;0;0;0;0;0;0;0;0;0;0;-0;-0;0;0;0;
7.14302;-0.0207562;0.00427669;-10.6957;-0.00016267;2.4472e-05;-0.00112778;0;0;0;0;0;0;0;0;0;0;0;0;0;-0;-0;0;0;0;
7.14404;-0.0200268;0.0039741;-10.6958;-0.000145311;2.52206e-05;-0.00107772;1.10976;6.49165;17.6451;-0.901633;0.350302;-0.07217;0;0;0;0;0;0;-1.10976;-6.49165;-17.6451;-7.33542;113.703;-41.3701;
7.14501;-0.0194544;0.00371784;-10.6958;-0.000131196;2.5949e-05;-0.00103858;0.856701;-1.83057;6.63087;0.33704;-0.118627;-0.0462928;0;0;0;0;0;0;-0.856701;1.83057;-6.63087;-3.86066;42.9348;12.3217;
7.14603;-0.0190028;0.0034851;-10.6959;-0.000118953;2.68017e-05;-0.00100787;-9.91124;-5.96344;23.7559;0.715582;-0.81207;0.128024;0;0;0;0;0;0;9.91124;5.96344;-23.7559;-13.2798;155.508;33.4633;
7.14706;-0.0186553;0.00328615;-10.6959;-0.000108854;2.76908e-05;-0.000984434;4.01747;10.2305;37.6979;-0.842505;-0.0172462;-0.298199;0;0;0;0;0;0;-4.01747;-10.2305;-37.6979;-17.1205;243.521;-63.8699;
7.14802;-0.018439;0.00313692;-10.696;-0.00010126;2.85439e-05;-0.000969235;5.53072;3.38949;23.748;-0.66418;0.747796;0.0442436;0;0;0;0;0;0;-5.53072;-3.38949;-23.748;-10.9581;152.348;-19.1885;
7.14905;-0.0182753;0.00301162;-10.696;-9.46804e-05;2.93129e-05;-0.000956746;1.3847;-1.25275;6.50299;0.396523;-0.394774;-0.160483;0;0;0;0;0;0;-1.3847;1.25275;-6.50299;-3.79779;42.3306;8.9633;
7.15001;-0.0181675;0.00291928;-10.6961;-8.95641e-05;3.00987e-05;-0.000947889;0;0;0;0;0;0;0;0;0;0;0;0;0;-0;-0;0;0;0;
7.15104;-0.0181226;0.00284864;-10.6961;-8.53425e-05;3.07408e-05;-0.000941149;0;0;0;0;0;0;0;0;0;0;0;0;0;-0;-0;0;0;0;
7.152;-0.0180717;0.00279854;-10.6961;-8.19159e-05;3.09049e-05;-0.000932373;0;0;0;0;0;0;0;0;0;0;0;0;0;-0;-0;0;0;0;
7.15303;-0.018056;0.00276277;-10.6961;-7.87746e-05;3.10849e-05;-0.00092386;-3.64612;-3.37099;14.4547;0.719262;-0.95105;-0.0430603;0;0;0;0;0;0;3.64612;3.37099;-14.4547;-8.33833;94.8393;20.0169;
7.15405;-0.0180527;0.00274019;-10.6961;-7.61235e-05;3.11001e-05;-0.000914641;-26.6811;-2.65743;91.2607;0.784639;-1.70297;-0.0986578;0;0;0;0;0;0;26.6811;2.65743;-91.2607;-47.0203;594.839;3.85273;
7.15501;-0.0180525;0.00272397;-10.6961;-7.39571e-05;3.11566e-05;-0.000905978;4.30987;1.34778;17.7109;-0.477998;-0.196329;0.0679176;0;0;0;0;0;0;-4.30987;-1.34778;-17.7109;-8.30807;114.355;-6.6172;
7.15604;-0.0181241;0.00271708;-10.6962;-7.20325e-05;3.16699e-05;-0.000901027;2.37034;-4.85924;18.2103;0.844241;0.057262;0.0262061;0;0;0;0;0;0;-2.37034;4.85924;-18.2103;-10.5043;117.526;32.6073;
7.15701;-0.0182744;0.00272255;-10.6962;-7.05339e-05;3.27622e-05;-0.000901623;0;0;0;0;0;0;0;0;0;0;0;0;0;-0;-0;0;0;0;
7.15803;-0.018447;0.00273396;-10.6962;-6.91749e-05;3.37195e-05;-0.000901812;0;0;0;0;0;0;0;0;0;0;0;0;0;-0;-0;0;0;0;
7.15906;-0.0186996;0.00276299;-10.6962;-6.80102e-05;3.50087e-05;-0.000906016;0.163323;-0.235559;0.924741;0.0307082;0.0685375;0.012035;0;0;0;0;0;0;-0.163323;0.235559;-0.924741;-0.520134;5.8982;1.59431;
7.16002;-0.0190063;0.0028055;-10.6962;-6.71372e-05;3.65583e-05;-0.000913912;1.48265;0.650963;6.08041;-0.347104;0.0954609;0.0744181;0;0;0;0;0;0;-1.48265;-0.650963;-6.08041;-2.6504;39.0964;-3.53934;
7.16105;-0.0193871;0.00286446;-10.6963;-6.64423e-05;3.84326e-05;-0.000925613;0.786533;-9.28801;30.4739;1.10675;0.123817;0.0957683;0;0;0;0;0;0;-0.786533;9.28801;-30.4739;-17.3883;196.965;60.3942;
7.16201;-0.0198058;0.00293648;-10.6963;-6.6387e-05;4.00601e-05;-0.000939935;0.90175;-0.472861;3.77473;-0.235613;0.05969;0.0637634;0;0;0;0;0;0;-0.90175;0.472861;-3.77473;-1.71319;24.2725;3.44989;
7.16303;-0.0202641;0.00302668;-10.6963;-6.6499e-05;4.15514e-05;-0.000955414;0;0;0;0;0;0;0;0;0;0;0;0;0;-0;-0;0;0;0;
7.16406;-0.0207091;0.00312676;-10.6963;-6.67145e-05;4.26161e-05;-0.000969824;0;0;0;0;0;0;0;0;0;0;0;0;0;-0;-0;0;0;0;
7.16502;-0.021128;0.00322504;-10.6963;-6.71112e-05;4.31749e-05;-0.000983284;0.326346;-0.263799;1.48472;-0.0944598;0.0241287;0.0250497;0;0;0;0;0;0;-0.326346;0.263799;-1.48472;-0.679866;9.54932;1.84612;
7.16605;-0.0215524;0.00333102;-10.6963;-6.76164e-05;4.305e-05;-0.00099559;0.477568;0.957138;3.26257;-0.172293;0.0585204;0.00805179;0;0;0;0;0;0;-0.477568;-0.957138;-3.26257;-1.37513;21.0025;-5.96021;
7.16702;-0.0219185;0.00342331;-10.6963;-6.83732e-05;4.23139e-05;-0.00100594;0;0;0;0;0;0;0;0;0;0;0;0;0;-0;-0;0;0;0;
7.16804;-0.0223221;0.00351338;-10.6963;-6.98544e-05;4.1082e-05;-0.00101908;0;0;0;0;0;0;0;0;0;0;0;0;0;-0;-0;0;0;0;
7.16901;-0.0226536;0.00358376;-10.6962;-7.1768e-05;3.91972e-05;-0.00103003;0;0;0;0;0;0;0;0;0;0;0;0;0;-0;-0;0;0;0;
7.17003;-0.0229308;0.00363823;-10.6962;-7.43927e-05;3.60726e-05;-0.00103784;0;0;0;0;0;0;0;0;0;0;0;0;0;-0;-0;0;0;0;
7.171;-0.023131;0.00366131;-10.6961;-7.74403e-05;3.24397e-05;-0.00104363;3.06967;-1.41104;12.9318;0.148204;0.0978346;0.0242728;0;0;0;0;0;0;-3.06967;1.41104;-12.9318;-6.80363;83.2635;10.6514;
7.17203;-0.0233229;0.00365503;-10.696;-8.14447e-05;2.83889e-05;-0.00105178;-0.586585;-1.97935;10.4466;0.637304;-0.607111;-0.0792462;0;0;0;0;0;0;0.586585;1.97935;-10.4466;-6.0979;68.2559;12.5903;
7.17306;-0.0234953;0.00361437;-10.696;-8.60574e-05;2.43803e-05;-0.00106246;0.637919;2.45131;7.05828;-0.364004;0.135678;-0.0142222;0;0;0;0;0;0;-0.637919;-2.45131;-7.05828;-2.94554;45.4677;-15.5245;
7.17402;-0.0236387;0.0035491;-10.6959;-9.06286e-05;2.07054e-05;-0.00107375;-5.29526;-3.97554;11.1308;0.62368;-0.577643;0.10093;0;0;0;0;0;0;5.29526;3.97554;-11.1308;-6.62909;73.1254;22.9537;
7.17504;-0.0237226;0.00344995;-10.6958;-9.54558e-05;1.69714e-05;-0.00108429;0;0;0;0;0;0;0;0;0;0;0;0;0;-0;-0;0;0;0;
7.176;-0.0237952;0.00333749;-10.6958;-0.000100358;1.37764e-05;-0.00109623;0.457611;-0.0517963;1.78735;0.0789813;-0.135077;-0.0241358;0;0;0;0;0;0;-0.457611;0.0517963;-1.78735;-0.98449;11.6534;0.589765;
7.17702;-0.0238411;0.0031996;-10.6957;-0.000105515;1.09183e-05;-0.00110969;0;0;0;0;0;0;0;0;0;0;0;0;0;-0;-0;0;0;0;
7.17805;-0.0238866;0.00305025;-10.6957;-0.000110953;8.6904e-06;-0.00112579;-0.373332;3.1648;35.6771;-0.402869;-0.311789;-0.0628662;0;0;0;0;0;0;0.373332;-3.1648;-35.6771;-17.2508;231.181;-20.6015;
7.17901;-0.0239222;0.00290449;-10.6957;-0.000115979;7.60443e-06;-0.00114385;0;0;0;0;0;0;0;0;0;0;0;0;0;-0;-0;0;0;0;
7.18003;-0.0240162;0.0027624;-10.6957;-0.000121804;7.5236e-06;-0.00116939;0;0;0;0;0;0;0;0;0;0;0;0;0;-0;-0;0;0;0;
7.181;-0.0241102;0.00264482;-10.6957;-0.000127558;8.09505e-06;-0.00119576;3.41664;-3.16748;16.6433;0.0918158;0.317379;0.112566;0;0;0;0;0;0;-3.41664;3.16748;-16.6433;-8.79291;107.022;22.1021;
7.18203;-0.0242289;0.00254064;-10.6957;-0.000133466;9.58107e-06;-0.00122622;0.174559;-0.0184837;0.681483;0.0426394;-0.0416545;-0.0120517;0;0;0;0;0;0;-0.174559;0.0184837;-0.681483;-0.387766;4.43337;0.21957;
7.18306;-0.0243075;0.00245186;-10.6957;-0.00013863;1.171e-05;-0.00125481;0;0;0;0;0;0;0;0;0;0;0;0;0;-0;-0;0;0;0;
7.18402;-0.0243633;0.00237917;-10.6957;-0.000143208;1.40644e-05;-0.00128071;0.24992;0.0207078;0.974472;0.0434086;-0.0736476;-0.00956782;0;0;0;0;0;0;-0.24992;-0.0207078;-0.974472;-0.532189;6.35345;0.0014761;
7.18505;-0.0244134;0.00231495;-10.6958;-0.0001476;1.71758e-05;-0.00130833;-5.65416;-2.38134;9.6896;0.41323;-0.674433;0.0753809;0;0;0;0;0;0;5.65416;2.38134;-9.6896;-5.53283;63.9335;12.4839;
7.18601;-0.0244004;0.00226286;-10.6958;-0.000150833;2.01707e-05;-0.00132945;0.774879;-0.395704;3.23241;-0.20155;0.0510555;0.054566;0;0;0;0;0;0;-0.774879;0.395704;-3.23241;-1.46635;20.785;2.89597;
7.18704;-0.0242955;0.00221226;-10.6959;-0.000153218;2.31829e-05;-0.00134456;1.15383;-0.921745;5.23336;0.187251;0.380359;0.0257078;0;0;0;0;0;0;-1.15383;0.921745;-5.23336;-2.91581;33.364;6.51922;
7.18806;-0.0241467;0.00217482;-10.6959;-0.000155341;2.57592e-05;-0.00135498;-0.00530052;-0.161998;0.39452;-0.0272093;0.00852406;0.00313459;0;0;0;0;0;0;0.00530052;0.161998;-0.39452;-0.187761;2.54456;1.04233;
7.18902;-0.0239033;0.00214509;-10.6959;-0.000156427;2.75372e-05;-0.00135579;-9.38616;-3.0377;18.3266;0.498056;-0.983884;-0.0187596;0;0;0;0;0;0;9.38616;3.0377;-18.3266;-10.0341;120.499;14.9448;
7.19005;-0.0235161;0.00211544;-10.6959;-0.000156507;2.87141e-05;-0.00134608;8.20696;2.25284;34.2881;0.285828;-0.0342224;-0.123267;0;0;0;0;0;0;-8.20696;-2.25284;-34.2881;-17.3314;221.057;-10.3187;
7.19101;-0.0230696;0.0020907;-10.696;-0.000155889;2.92001e-05;-0.00132962;0;0;0;0;0;0;0;0;0;0;0;0;0;-0;-0;0;0;0;
7.19203;-0.0224673;0.0020632;-10.6959;-0.000154667;2.86998e-05;-0.00130184;0;0;0;0;0;0;0;0;0;0;0;0;0;-0;-0;0;0;0;
7.19306;-0.0217884;0.0020353;-10.6959;-0.000152982;2.76267e-05;-0.00126779;0;0;0;0;0;0;0;0;0;0;0;0;0;-0;-0;0;0;0;
7.19402;-0.0210323;0.00200326;-10.6959;-0.000150631;2.60227e-05;-0.00122707;3.09577;-3.73311;16.1348;0.548135;1.18777;0.169643;0;0;0;0;0;0;-3.09577;3.73311;-16.1348;-9.04986;102.895;25.543;
7.19505;-0.0202209;0.0019764;-10.6958;-0.000148918;2.36562e-05;-0.0011822;-7.0953;-5.55981;15.2027;0.864396;-0.633375;0.167938;0;0;0;0;0;0;7.0953;5.55981;-15.2027;-9.07975;99.7066;32.2302;
7.19602;-0.019424;0.00194932;-10.6958;-0.000147144;2.12963e-05;-0.00113764;0;0;0;0;0;0;0;0;0;0;0;0;0;-0;-0;0;0;0;
7.19704;-0.0185879;0.00192546;-10.6957;-0.000145861;1.85732e-05;-0.00109074;2.45091;2.19192;11.4703;-0.632661;0.188028;0.0992522;0;0;0;0;0;0;-2.45091;-2.19192;-11.4703;-4.92534;73.7796;-13.0465;
7.19801;-0.0178446;0.00190665;-10.6957;-0.000144564;1.63737e-05;-0.00104934;0;0;0;0;0;0;0;0;0;0;0;0;0;-0;-0;0;0;0;
7.19903;-0.017071;0.00188968;-10.6957;-0.000143096;1.40134e-05;-0.00100553;0;0;0;0;0;0;0;0;0;0;0;0;0;-0;-0;0;0;0;
7.20005;-0.0163359;0.00187622;-10.6956;-0.000141483;1.19423e-05;-0.000963853;0;0;0;0;0;0;0;0;0;0;0;0;0;-0;-0;0;0;0;
7.20102;-0.0156921;0.00186545;-10.6956;-0.000139883;1.02636e-05;-0.000927375;0;0;0;0;0;0;0;0;0;0;0;0;0;-0;-0;0;0;0;
7.20205;-0.015064;0.001861;-10.6956;-0.00013827;8.71626e-06;-0.000891832;0;0;0;0;0;0;0;0;0;0;0;0;0;-0;-0;0;0;0;
7.20302;-0.014511;0.00185842;-10.6955;-0.000136206;7.46999e-06;-0.00085949;0;0;0;0;0;0;0;0;0;0;0;0;0;-0;-0;0;0;0;
7.20404;-0.0139834;0.00186225;-10.6955;-0.000133815;6.26808e-06;-0.000827493;1.15633;-0.294745;4.58351;0.28514;-0.27999;-0.0899405;0;0;0;0;0;0;-1.15633;0.294745;-4.58351;-2.62349;29.8195;2.57941;
7.20501;-0.0135467;0.00186555;-10.6955;-0.000131097;5.43396e-06;-0.000800009;5.48161;-5.32299;70.3105;0.0461106;1.02279;0.155669;0;0;0;0;0;0;-5.48161;5.32299;-70.3105;-35.9965;453.338;37.0454;
7.20604;-0.0131548;0.00187565;-10.6955;-0.000128036;4.74155e-06;-0.000774017;0;0;0;0;0;0;0;0;0;0;0;0;0;-0;-0;0;0;0;
7.20701;-0.0128717;0.00189134;-10.6955;-0.000125243;4.25077e-06;-0.000753802;0;0;0;0;0;0;0;0;0;0;0;0;0;-0;-0;0;0;0;
7.20804;-0.0126377;0.00191147;-10.6955;-0.000122061;3.92551e-06;-0.000735377;0;0;0;0;0;0;0;0;0;0;0;0;0;-0;-0;0;0;0;
7.20901;-0.012516;0.00193997;-10.6955;-0.00011986;3.83586e-06;-0.000724532;-20.482;9.36144;71.1712;-0.813196;-1.12641;-0.257166;0;0;0;0;0;0;20.482;-9.36144;-71.1712;-34.0982;463.659;-70.6287;
7.21004;-0.0124467;0.00196965;-10.6955;-0.000117597;3.91872e-06;-0.000716382;0;0;0;0;0;0;0;0;0;0;0;0;0;-0;-0;0;0;0;
7.21101;-0.0124819;0.00200959;-10.6955;-0.0001166;4.01694e-06;-0.000714917;-1.91734;-4.9045;12.4774;0.620106;-0.190484;0.0504172;0;0;0;0;0;0;1.91734;4.9045;-12.4774;-7.397;81.1118;30.716;
7.21203;-0.0126108;0.00206221;-10.6955;-0.000116603;4.14339e-06;-0.000719;4.80802;1.29834;19.778;-0.241677;0.372401;-0.0362819;0;0;0;0;0;0;-4.80802;-1.29834;-19.778;-9.59067;127.11;-5.94213;
7.21306;-0.0128362;0.00212594;-10.6955;-0.000117767;4.36783e-06;-0.000729317;-2.71053;-4.28091;11.09;0.621327;-0.47097;-0.0168757;0;0;0;0;0;0;2.71053;4.28091;-11.09;-6.63684;72.4956;26.3491;
7.21402;-0.0131347;0.00219951;-10.6955;-0.000119944;4.6019e-06;-0.000744297;-6.40061;-1.07888;34.2008;0.220054;-0.641666;-0.114962;0;0;0;0;0;0;6.40061;1.07888;-34.2008;-17.5558;222.564;3.87124;
7.21505;-0.0135287;0.00229253;-10.6955;-0.000123048;5.02514e-06;-0.000764803;0.393037;0.116537;1.56781;-0.0906762;0.0243677;0.0209205;0;0;0;0;0;0;-0.393037;-0.116537;-1.56781;-0.687368;10.08;-0.576937;
7.21601;-0.013986;0.00240187;-10.6955;-0.000126928;5.55213e-06;-0.000789155;1.17168;-0.612284;4.90239;0.183629;0.353331;0.000241591;0;0;0;0;0;0;-1.17168;0.612284;-4.90239;-2.71445;31.2478;4.55145;
7.21704;-0.0145565;0.00254374;-10.6955;-0.000131887;6.44661e-06;-0.00082031;-2.86025;-5.1084;12.7041;0.749001;-0.717648;-0.119938;0;0;0;0;0;0;2.86025;5.1084;-12.7041;-7.66053;83.2003;31.7306;
7.218;-0.0151647;0.00270269;-10.6955;-0.000136897;7.73383e-06;-0.000853711;2.0952;-0.676665;8.44981;0.209638;0.228695;-0.0155233;0;0;0;0;0;0;-2.0952;0.676665;-8.44981;-4.53381;54.2317;5.44895;
7.21902;-0.0158585;0.00289247;-10.6955;-0.000141769;9.62306e-06;-0.000890951;-0.0538275;-0.33181;1.77792;0.108511;-0.103771;-0.0160813;0;0;0;0;0;0;0.0538275;0.33181;-1.77792;-1.03735;11.6124;2.13579;
7.22005;-0.0165621;0.00308896;-10.6955;-0.000145434;1.20893e-05;-0.000927294;0;0;0;0;0;0;0;0;0;0;0;0;0;-0;-0;0;0;0;
7.22101;-0.0172148;0.00327134;-10.6956;-0.000147042;1.51901e-05;-0.000959407;-1.43533;-2.10087;5.47971;0.324057;-0.30761;-0.0330528;0;0;0;0;0;0;1.43533;2.10087;-5.47971;-3.29495;35.9054;12.9027;
7.22204;-0.0178691;0.00345475;-10.6956;-0.000146773;1.90316e-05;-0.000989523;3.00353;-0.135439;11.6948;0.481413;0.836057;-0.113957;0;0;0;0;0;0;-3.00353;0.135439;-11.6948;-6.38588;74.5285;2.50318;
7.22306;-0.018492;0.00361964;-10.6957;-0.000143926;2.38114e-05;-0.00101586;0;0;0;0;0;0;0;0;0;0;0;0;0;-0;-0;0;0;0;
7.22402;-0.0190171;0.00375109;-10.6958;-0.000138778;2.92397e-05;-0.00103628;0;0;0;0;0;0;0;0;0;0;0;0;0;-0;-0;0;0;0;
7.22504;-0.0195449;0.00386822;-10.696;-0.000131053;3.61159e-05;-0.00105566;0.225228;-0.0290682;0.880674;0.0356353;0.0629899;-0.00703444;0;0;0;0;0;0;-0.225228;0.0290682;-0.880674;-0.482161;5.6124;0.308558;
7.22606;-0.020039;0.00396215;-10.6961;-0.000121354;4.4026e-05;-0.00107288;0;0;0;0;0;0;0;0;0;0;0;0;0;-0;-0;0;0;0;
7.22702;-0.0204628;0.00403417;-10.6963;-0.000110372;5.27086e-05;-0.00108708;0;0;0;0;0;0;0;0;0;0;0;0;0;-0;-0;0;0;0;
7.22804;-0.0209103;0.00410654;-10.6965;-9.78515e-05;6.27832e-05;-0.00110199;0;0;0;0;0;0;0;0;0;0;0;0;0;-0;-0;0;0;0;
7.229;-0.0213862;0.00418552;-10.6968;-8.53634e-05;7.38002e-05;-0.00111986;0.585883;-0.297935;2.4427;0.0917312;0.175986;-0.000536811;0;0;0;0;0;0;-0.585883;0.297935;-2.4427;-1.35204;15.5696;2.2233;
7.23002;-0.0219284;0.00428216;-10.697;-7.13359e-05;8.67909e-05;-0.00114049;0;0;0;0;0;0;0;0;0;0;0;0;0;-0;-0;0;0;0;
7.23105;-0.0225275;0.00439826;-10.6973;-5.65886e-05;0.000101367;-0.001164;1.87737;-0.990286;7.8649;0.294336;0.566917;0.00112302;0;0;0;0;0;0;-1.87737;0.990286;-7.8649;-4.35533;50.1309;7.35171;
7.23201;-0.0231627;0.00453374;-10.6976;-4.26255e-05;0.000116103;-0.00118889;2.10107;0.363951;8.62673;0.047314;-0.345703;-0.0412218;0;0;0;0;0;0;-2.10107;-0.363951;-8.62673;-4.35626;55.9501;-1.2552;
7.23304;-0.0238953;0.00471121;-10.6979;-2.71135e-05;0.000133118;-0.00121706;0;0;0;0;0;0;0;0;0;0;0;0;0;-0;-0;0;0;0;
7.23401;-0.0246869;0.00492094;-10.6982;-1.25399e-05;0.000150156;-0.00124717;0;0;0;0;0;0;0;0;0;0;0;0;0;-0;-0;0;0;0;
7.23503;-0.0256323;0.00519232;-10.6986;2.42754e-06;0.000169028;-0.00128255;-3.16149;-3.73534;8.84062;0.519481;-0.488135;-0.020476;0;0;0;0;0;0;3.16149;3.73534;-8.84062;-5.34722;58.0041;22.5957;
7.23605;-0.0266525;0.00551804;-10.6989;1.64119e-05;0.000187762;-0.00131867;0;0;0;0;0;0;0;0;0;0;0;0;0;-0;-0;0;0;0;
7.23701;-0.0276647;0.00587162;-10.6992;2.85953e-05;0.000204934;-0.00135244;0.00851696;-0.208858;1.30845;0.0801978;-0.0768342;-0.0127865;0;0;0;0;0;0;-0.00851696;0.208858;-1.30845;-0.760232;8.54169;1.36839;
7.23802;-0.0287937;0.00629401;-10.6995;4.01904e-05;0.000222518;-0.00138902;1.85835;7.80841;22.1539;-1.13986;0.429156;-0.0556458;0;0;0;0;0;0;-1.85835;-7.80841;-22.1539;-9.23647;142.721;-49.5288;
7.23904;-0.029891;0.00673457;-10.6998;5.0501e-05;0.000238746;-0.00142227;1.7384;-0.724627;7.58161;0.0533804;-0.333981;-0.0209513;0;0;0;0;0;0;-1.7384;0.724627;-7.58161;-3.94503;49.2128;5.58496;
7.24;-0.0308195;0.00714316;-10.7;5.92204e-05;0.00025227;-0.0014477;0;0;0;0;0;0;0;0;0;0;0;0;0;-0;-0;0;0;0;
7.24102;-0.0315565;0.00753581;-10.7002;6.73199e-05;0.000263301;-0.00146239;0.782897;-0.124268;3.06873;0.135349;-0.2319;-0.0439211;0;0;0;0;0;0;-0.782897;0.124268;-3.06873;-1.69359;20.0081;1.2423;
7.24205;-0.0318867;0.00783809;-10.7003;7.43674e-05;0.000269705;-0.00145843;-4.58807;-3.91281;10.2995;0.609433;-0.559982;0.0587428;0;0;0;0;0;0;4.58807;3.91281;-10.2995;-6.18984;67.6581;22.9461;
7.24301;-0.0317296;0.0079971;-10.7004;7.97315e-05;0.000270617;-0.00143449;0;0;0;0;0;0;0;0;0;0;0;0;0;-0;-0;0;0;0;
7.24403;-0.0310793;0.00802098;-10.7003;8.39475e-05;0.000266272;-0.00138886;1.07239;-1.41206;5.81118;0.195217;0.429186;0.0682625;0;0;0;0;0;0;-1.07239;1.41206;-5.81118;-3.26401;37.0617;9.60794;
7.24505;-0.0299384;0.00788919;-10.7001;8.63636e-05;0.000256273;-0.00132301;4.55481;-18.2044;56.9884;2.58574;0.294048;0.170159;0;0;0;0;0;0;-4.55481;18.2044;-56.9884;-33.1173;367.965;119.907;
7.24602;-0.0284979;0.00763163;-10.6999;8.67791e-05;0.000242293;-0.00124699;0;0;0;0;0;0;0;0;0;0;0;0;0;-0;-0;0;0;0;
7.24704;-0.0266349;0.00721676;-10.6996;8.59321e-05;0.000224121;-0.00115534;0;0;0;0;0;0;0;0;0;0;0;0;0;-0;-0;0;0;0;
7.24801;-0.0247034;0.00672484;-10.6993;8.38594e-05;0.000204985;-0.00106434;-5.64731;-7.9911;27.1986;1.63191;-1.54106;-0.113933;0;0;0;0;0;0;5.64731;7.9911;-27.1986;-16.1336;178.082;48.9718;
7.24903;-0.0225672;0.00613071;-10.699;8.04275e-05;0.000183491;-0.000966585;5.80081;-3.61316;25.7793;0.606693;0.255707;0.0242335;0;0;0;0;0;0;-5.80081;3.61316;-25.7793;-13.9545;165.955;26.2749;
7.25005;-0.0204484;0.00549365;-10.6987;7.62223e-05;0.000162119;-0.000872399;4.16552;5.15225;23.7767;-0.834944;0.123943;-0.00287447;0;0;0;0;0;0;-4.16552;-5.15225;-23.7767;-10.6252;153.294;-31.234;
7.25102;-0.0185809;0.00489467;-10.6984;7.15853e-05;0.000143141;-0.000791247;1.69553;1.48176;7.88134;-0.435262;0.12894;0.0693968;0;0;0;0;0;0;-1.69553;-1.48176;-7.88134;-3.38613;50.6934;-8.80231;
7.25204;-0.01687;0.00433429;-10.6981;6.57335e-05;0.000125051;-0.000717;0.629213;0.724219;3.21683;-0.174914;0.0540666;0.022041;0;0;0;0;0;0;-0.629213;-0.724219;-3.21683;-1.37284;20.6958;-4.3908;
7.25301;-0.0155362;0.00391804;-10.6978;5.93442e-05;0.000109987;-0.000657838;1.06695;-4.61151;14.6111;0.568501;0.159733;0.117141;0;0;0;0;0;0;-1.06695;4.61151;-14.6111;-8.39081;94.2675;30.2568;
7.25403;-0.0143249;0.00356837;-10.6976;5.21439e-05;9.58184e-05;-0.000603227;0;0;0;0;0;0;0;0;0;0;0;0;0;-0;-0;0;0;0;
7.25506;-0.0132922;0.00329098;-10.6973;4.455e-05;8.33976e-05;-0.000556875;0;0;0;0;0;0;0;0;0;0;0;0;0;-0;-0;0;0;0;
7.25602;-0.0124722;0.00309003;-10.6971;3.65389e-05;7.29132e-05;-0.000521063;0;0;0;0;0;0;0;0;0;0;0;0;0;-0;-0;0;0;0;
7.25705;-0.011737;0.00292572;-10.6969;2.68767e-05;6.27839e-05;-0.000491574;0;0;0;0;0;0;0;0;0;0;0;0;0;-0;-0;0;0;0;
7.25801;-0.0111559;0.00279931;-10.6968;1.66567e-05;5.42407e-05;-0.000472424;0;0;0;0;0;0;0;0;0;0;0;0;0;-0;-0;0;0;0;
7.25903;-0.0106425;0.00269441;-10.6966;4.21849e-06;4.58501e-05;-0.00045998;0.741942;-0.806772;6.96482;0.304499;-0.499894;-0.100822;0;0;0;0;0;0;-0.741942;0.806772;-6.96482;-3.89371;45.488;5.69437;
7.26006;-0.0102663;0.002645;-10.6964;-9.89615e-06;3.8139e-05;-0.000455889;1.60354;-1.13691;7.07104;0.256559;0.512456;0.0242138;0;0;0;0;0;0;-1.60354;1.13691;-7.07104;-3.93238;45.0764;8.13937;
7.26102;-0.0100195;0.00264485;-10.6962;-2.44737e-05;3.13377e-05;-0.000458521;0;0;0;0;0;0;0;0;0;0;0;0;0;-0;-0;0;0;0;
7.26204;-0.00989206;0.00268633;-10.6961;-4.07061e-05;2.52646e-05;-0.000470408;0;0;0;0;0;0;0;0;0;0;0;0;0;-0;-0;0;0;0;
7.26301;-0.00989709;0.00276121;-10.6959;-5.65275e-05;2.05412e-05;-0.000490232;-6.01217;-4.76272;12.9549;0.768082;-0.702036;0.09836;0;0;0;0;0;0;6.01217;4.76272;-12.9549;-7.77128;85.123;27.688;
7.26404;-0.00996081;0.00285184;-10.6958;-7.3285e-05;1.62794e-05;-0.000517046;1.21863;-1.68908;6.76591;0.288352;-0.507679;-0.178676;0;0;0;0;0;0;-1.21863;1.68908;-6.76591;-3.86584;44.161;11.7209;
7.265;-0.00999229;0.00292972;-10.6957;-8.80817e-05;1.24513e-05;-0.000541666;1.91232;1.15774;11.0433;-0.445785;0.0276413;0.0518906;0;0;0;0;0;0;-1.91232;-1.15774;-11.0433;-5.00085;71.2309;-6.57922;
7.26603;-0.0100218;0.00300589;-10.6956;-0.000102376;8.81348e-06;-0.000567612;2.02751;6.7164;20.4546;-0.827105;0.407482;-0.0965637;0;0;0;0;0;0;-2.02751;-6.7164;-20.4546;-8.80278;131.731;-42.3373;
7.26705;-0.0100384;0.00308407;-10.6955;-0.00011437;5.51875e-06;-0.000589241;0;0;0;0;0;0;0;0;0;0;0;0;0;-0;-0;0;0;0;
7.26801;-0.0100536;0.00315889;-10.6954;-0.000123084;3.13465e-06;-0.000605231;0.20469;-0.21857;1.01651;0.0350778;0.074515;0.0089588;0;0;0;0;0;0;-0.20469;0.21857;-1.01651;-0.569028;6.48177;1.5083;
7.26903;-0.0100919;0.00323741;-10.6954;-0.000128873;1.98521e-06;-0.000618412;0;0;0;0;0;0;0;0;0;0;0;0;0;-0;-0;0;0;0;
7.27006;-0.010155;0.00330638;-10.6954;-0.000131529;1.97202e-06;-0.000628217;0;0;0;0;0;0;0;0;0;0;0;0;0;-0;-0;0;0;0;
7.27102;-0.0101721;0.00333251;-10.6954;-0.000130945;2.59932e-06;-0.000631376;0.201884;0.0521499;0.800625;-0.0464743;0.0124178;0.01091;0;0;0;0;0;0;-0.201884;-0.0521499;-0.800625;-0.351587;5.14739;-0.246627;
7.27205;-0.0100689;0.00329626;-10.6954;-0.000127446;3.16089e-06;-0.000625053;0;0;0;0;0;0;0;0;0;0;0;0;0;-0;-0;0;0;0;
7.27302;-0.00983796;0.00320273;-10.6954;-0.000121633;3.3581e-06;-0.000608715;1.34474;-2.59335;10.7022;0.532125;-0.123612;-0.0213732;0;0;0;0;0;0;-1.34474;2.59335;-10.7022;-6.18307;69.232;17.4778;
7.27404;-0.00954961;0.00306816;-10.6955;-0.000113538;3.77373e-06;-0.000586252;0;0;0;0;0;0;0;0;0;0;0;0;0;-0;-0;0;0;0;
7.27501;-0.00928824;0.0029227;-10.6955;-0.000104669;4.49538e-06;-0.000562108;0;0;0;0;0;0;0;0;0;0;0;0;0;-0;-0;0;0;0;
7.27604;-0.00908385;0.0027606;-10.6956;-9.45205e-05;6.21057e-06;-0.000538379;1.04402;0.0494208;4.06532;0.180828;-0.307259;-0.0427031;0;0;0;0;0;0;-1.04402;-0.0494208;-4.06532;-2.22365;26.5052;0.248842;
7.27701;-0.00896027;0.00260234;-10.6957;-8.50452e-05;8.40405e-06;-0.000519521;1.57085;-0.636054;6.39443;0.395632;-0.390218;-0.136006;0;0;0;0;0;0;-1.57085;0.636054;-6.39443;-3.68041;41.6047;5.04255;
7.27803;-0.00883509;0.00242377;-10.6957;-7.53663e-05;1.06394e-05;-0.000500845;4.45832;4.73634;22.0984;-1.08704;0.434188;0.126249;0;0;0;0;0;0;-4.45832;-4.73634;-22.0984;-9.56945;142.096;-28.5246;
7.279;-0.00870292;0.00223415;-10.6958;-6.69194e-05;1.24901e-05;-0.000484663;2.58197;0.594849;10.2065;-0.541507;0.187037;0.12515;0;0;0;0;0;0;-2.58197;-0.594849;-10.2065;-4.54007;65.5903;-2.67324;
7.28003;-0.00857189;0.00202174;-10.6959;-5.8719e-05;1.46122e-05;-0.000470107;2.42735;-1.18314;10.0678;0.379543;0.724922;-0.0063176;0;0;0;0;0;0;-2.42735;1.18314;-10.0678;-5.56953;64.1705;8.88391;
7.28105;-0.0085326;0.00183547;-10.6959;-5.17133e-05;1.72217e-05;-0.000461302;0.471728;-1.86583;6.13436;0.25901;0.00292012;0.0221894;0;0;0;0;0;0;-0.471728;1.86583;-6.13436;-3.5361;39.6391;12.2874;
7.28201;-0.00865821;0.00170754;-10.696;-4.64695e-05;2.04907e-05;-0.000461741;5.93974;5.35217;35.7069;-0.934995;-0.0496709;0.0182432;0;0;0;0;0;0;-5.93974;-5.35217;-35.7069;-16.5146;230.478;-31.6548;
7.28303;-0.00899547;0.00162226;-10.6961;-4.24638e-05;2.5042e-05;-0.000473488;2.79167;-3.13462;14.3094;0.577406;0.5838;0.0528597;0;0;0;0;0;0;-2.79167;3.13462;-14.3094;-8.09963;91.7178;21.6343;
7.28405;-0.00949913;0.0015851;-10.6962;-3.99717e-05;3.01365e-05;-0.000493266;0;0;0;0;0;0;0;0;0;0;0;0;0;-0;-0;0;0;0;
7.28502;-0.0101303;0.00158641;-10.6963;-3.88613e-05;3.57897e-05;-0.000521202;0;0;0;0;0;0;0;0;0;0;0;0;0;-0;-0;0;0;0;
7.28605;-0.0109534;0.00162307;-10.6964;-3.87842e-05;4.26074e-05;-0.00055879;0.491587;-0.283783;2.39598;0.137016;-0.0968836;-0.0274055;0;0;0;0;0;0;-0.491587;0.283783;-2.39598;-1.37237;15.5496;2.1111;
7.28701;-0.0118553;0.0016979;-10.6965;-3.93216e-05;4.98892e-05;-0.000600075;0.88442;-1.70435;7.95247;0.420902;-0.195558;-0.0391151;0;0;0;0;0;0;-0.88442;1.70435;-7.95247;-4.59762;51.5593;11.5117;
7.28804;-0.0129593;0.00183469;-10.6966;-4.03569e-05;5.84346e-05;-0.000648812;0;0;0;0;0;0;0;0;0;0;0;0;0;-0;-0;0;0;0;
7.28906;-0.0142178;0.00203536;-10.6968;-4.17627e-05;6.77211e-05;-0.000701715;0.724147;2.52044;7.3912;-0.382236;0.140796;-0.0105631;0;0;0;0;0;0;-0.724147;-2.52044;-7.3912;-3.08813;47.6077;-15.9319;
7.29002;-0.0155471;0.00228301;-10.6969;-4.35855e-05;7.69595e-05;-0.000756091;2.64611;-11.7051;58.9405;0.969838;0.316083;0.319729;0;0;0;0;0;0;-2.64611;11.7051;-58.9405;-31.833;380.763;76.7453;
7.29105;-0.0170492;0.00259361;-10.697;-4.57632e-05;8.69461e-05;-0.000816097;-2.32191;-4.02722;11.0296;0.654199;-0.624621;-0.0903474;0;0;0;0;0;0;2.32191;4.02722;-11.0296;-6.61384;72.2188;24.9769;
7.29202;-0.0184842;0.00291671;-10.6971;-4.8067e-05;9.57846e-05;-0.000871954;3.40233;3.96196;17.4776;-0.624508;0.472623;0.01436;0;0;0;0;0;0;-3.40233;-3.96196;-17.4776;-7.78204;112.266;-23.9344;
7.29305;-0.0198869;0.00327154;-10.6972;-5.04717e-05;0.000103456;-0.000924254;0;0;0;0;0;0;0;0;0;0;0;0;0;-0;-0;0;0;0;
7.29402;-0.0209888;0.00359006;-10.6973;-5.25777e-05;0.000108207;-0.000961974;0.928906;6.23799;16.7284;-0.852864;0.334966;-0.0775497;0;0;0;0;0;0;-0.928906;-6.23799;-16.7284;-6.94809;107.805;-39.8143;
7.29505;-0.0218835;0.00389878;-10.6973;-5.48431e-05;0.000110063;-0.000987735;0;0;0;0;0;0;0;0;0;0;0;0;0;-0;-0;0;0;0;
7.29602;-0.0223919;0.00415178;-10.6972;-5.72931e-05;0.000107732;-0.000994749;1.01267;2.0558;6.97516;-0.368128;0.12532;0.0165097;0;0;0;0;0;0;-1.01267;-2.0558;-6.97516;-2.93926;44.9024;-12.8074;
7.29704;-0.0225498;0.00434845;-10.6971;-6.02262e-05;0.000101081;-0.000984647;0;0;0;0;0;0;0;0;0;0;0;0;0;-0;-0;0;0;0;
7.29806;-0.0223222;0.00445258;-10.6969;-6.36436e-05;9.03844e-05;-0.000957339;-4.57082;-1.81176;7.73503;0.330501;-0.537984;0.0692905;0;0;0;0;0;0;4.57082;1.81176;-7.73503;-4.40846;51.0419;9.35035;
7.29902;-0.0217772;0.00445625;-10.6967;-6.74248e-05;7.69361e-05;-0.000918061;0;0;0;0;0;0;0;0;0;0;0;0;0;-0;-0;0;0;0;
7.30003;-0.0209719;0.00436919;-10.6964;-7.22127e-05;6.00894e-05;-0.0008677;-7.81452;-0.31144;17.1256;0.0353217;-0.499452;0.0149298;0;0;0;0;0;0;7.81452;0.31144;-17.1256;-8.69304;112.085;-1.93625;
7.30106;-0.0200712;0.00421646;-10.6961;-7.76007e-05;4.22456e-05;-0.000814914;0;0;0;0;0;0;0;0;0;0;0;0;0;-0;-0;0;0;0;
7.30202;-0.0192103;0.00403606;-10.6958;-8.32477e-05;2.5234e-05;-0.000766552;0.568549;-0.0725308;2.22287;0.0981656;-0.16799;-0.0305895;0;0;0;0;0;0;-0.568549;0.0725308;-2.22287;-1.22514;14.4929;0.786253;
7.30304;-0.0183444;0.00382378;-10.6955;-8.94295e-05;7.61643e-06;-0.000718203;6.25907;-4.80638;28.9992;1.08686;0.706495;0.0440644;0;0;0;0;0;0;-6.25907;4.80638;-28.9992;-16.1763;186.291;34.206;
7.30401;-0.0176687;0.0036325;-10.6953;-9.52985e-05;-7.72438e-06;-0.000679753;3.55845;-4.59901;21.4238;1.06242;-0.198359;-0.0644627;0;0;0;0;0;0;-3.55845;4.59901;-21.4238;-12.3152;138.453;31.6125;
7.30504;-0.0171041;0.00344909;-10.695;-0.000101519;-2.28057e-05;-0.000645718;-4.16968;-16.2711;40.5419;1.77907;0.168083;0.348835;0;0;0;0;0;0;4.16968;16.2711;-40.5419;-23.8324;262.556;102.825;
7.306;-0.0167522;0.00330905;-10.6948;-0.000107219;-3.56277e-05;-0.000620931;1.29211;-0.378604;5.15128;0.320004;-0.314604;-0.10339;0;0;0;0;0;0;-1.29211;0.378604;-5.15128;-2.95277;33.5138;3.20382;
7.30703;-0.0165741;0.00320796;-10.6946;-0.000113034;-4.7994e-05;-0.000601416;0.097919;-0.0573158;0.416561;0.0180852;-0.0314194;-0.00857427;0;0;0;0;0;0;-0.097919;0.0573158;-0.416561;-0.233663;2.71675;0.428731;
7.30806;-0.0165702;0.00314718;-10.6944;-0.000118706;-5.93344e-05;-0.000588462;0.622384;2.02643;6.02376;-0.312155;0.114003;-0.00609897;0;0;0;0;0;0;-0.622384;-2.02643;-6.02376;-2.51894;38.7973;-12.7914;
7.30902;-0.0166906;0.00311543;-10.6942;-0.000123624;-6.90913e-05;-0.000580804;0;0;0;0;0;0;0;0;0;0;0;0;0;-0;-0;0;0;0;
7.31004;-0.0169645;0.00310877;-10.694;-0.000128554;-7.85903e-05;-0.000578151;0;0;0;0;0;0;0;0;0;0;0;0;0;-0;-0;0;0;0;
7.311;-0.017332;0.00312236;-10.6939;-0.000133023;-8.71608e-05;-0.00057925;-0.732861;6.57506;37.1254;-0.282345;-0.519204;-0.298833;0;0;0;0;0;0;0.732861;-6.57506;-37.1254;-17.7592;240.794;-42.6109;
7.31203;-0.0178464;0.00316063;-10.6937;-0.000137718;-9.58389e-05;-0.00058526;0.891785;5.60514;15.1247;-0.771905;0.301657;-0.0662793;0;0;0;0;0;0;-0.891785;-5.60514;-15.1247;-6.2847;97.4658;-35.7497;
7.31305;-0.0184433;0.00322118;-10.6936;-0.000142236;-0.000104283;-0.000594232;-0.933908;8.87195;47.4831;-1.15115;0.0585473;-0.133569;0;0;0;0;0;0;0.933908;-8.87195;-47.4831;-21.8775;307.251;-57.7383;
7.31402;-0.0190766;0.00330241;-10.6934;-0.000146388;-0.000111976;-0.000605646;0.673778;-0.618897;3.17904;0.111819;0.231934;0.0214538;0;0;0;0;0;0;-0.673778;0.618897;-3.17904;-1.77522;20.2688;4.3222;
7.31505;-0.0197941;0.00341908;-10.6933;-0.000150647;-0.00011972;-0.000620451;-2.49223;-2.2629;5.80771;0.343105;-0.316677;0.0238461;0;0;0;0;0;0;2.49223;2.2629;-5.80771;-3.49547;38.1424;13.3617;
7.31601;-0.0204882;0.00355809;-10.6932;-0.000154533;-0.000126782;-0.000635387;0;0;0;0;0;0;0;0;0;0;0;0;0;-0;-0;0;0;0;
7.31703;-0.021146;0.00371667;-10.693;-0.000157893;-0.000133531;-0.000649596;8.13808;-6.81461;47.0902;0.767398;0.381534;0.125838;0;0;0;0;0;0;-8.13808;6.81461;-47.0902;-25.171;303.476;48.0639;
7.31805;-0.0217505;0.0038961;-10.6929;-0.000160575;-0.000139102;-0.000664385;-4.87817;6.73035;49.7163;-1.0258;-0.0321936;-0.0663874;0;0;0;0;0;0;4.87817;-6.73035;-49.7163;-23.3425;322.186;-45.9362;
7.31901;-0.0221361;0.00406659;-10.6929;-0.000161527;-0.000142647;-0.000674028;0;0;0;0;0;0;0;0;0;0;0;0;0;-0;-0;0;0;0;
7.32003;-0.0223294;0.00423571;-10.6928;-0.000161012;-0.00014427;-0.000680287;0.49124;-0.130109;1.94999;0.121263;-0.119111;-0.0384961;0;0;0;0;0;0;-0.49124;0.130109;-1.94999;-1.11656;12.6863;1.12775;
7.32105;-0.0222227;0.00437017;-10.6929;-0.000158621;-0.000143406;-0.000679764;0;0;0;0;0;0;0;0;0;0;0;0;0;-0;-0;0;0;0;
7.32201;-0.0218996;0.00445648;-10.6929;-0.000155526;-0.000140533;-0.000675693;0.100293;-0.00983907;0.391369;0.0244946;-0.0239225;-0.00687846;0;0;0;0;0;0;-0.100293;0.00983907;-0.391369;-0.222622;2.54602;0.121057;
7.32303;-0.0213785;0.00449971;-10.693;-0.000152281;-0.000135511;-0.000670993;0;0;0;0;0;0;0;0;0;0;0;0;0;-0;-0;0;0;0;
7.32406;-0.0206954;0.00447747;-10.6931;-0.000149856;-0.000128809;-0.000667263;0;0;0;0;0;0;0;0;0;0;0;0;0;-0;-0;0;0;0;
7.32502;-0.0199662;0.00439871;-10.6933;-0.000148989;-0.000121095;-0.000667789;7.07736;2.0236;28.8154;-1.07769;-0.0614146;0.192324;0;0;0;0;0;0;-7.07736;-2.0236;-28.8154;-13.2343;185.787;-9.71999;
7.32605;-0.0191776;0.00426782;-10.6934;-0.00015021;-0.00011132;-0.000676719;-0.41485;3.72928;34.6527;-0.672171;0.0796435;0.0140658;0;0;0;0;0;0;0.41485;-3.72928;-34.6527;-16.4092;224.165;-24.3514;
7.32701;-0.0185097;0.00412323;-10.6936;-0.000154288;-0.000101559;-0.000694852;0.272517;-0.0419082;1.06772;0.0666802;-0.065253;-0.0195802;0;0;0;0;0;0;-0.272517;0.0419082;-1.06772;-0.608713;6.94604;0.427998;
7.32804;-0.017921;0.00395994;-10.6937;-0.000162027;-9.07401e-05;-0.000726163;0;0;0;0;0;0;0;0;0;0;0;0;0;-0;-0;0;0;0;
7.32901;-0.0174873;0.00381238;-10.6939;-0.000172396;-8.02309e-05;-0.000766498;0;0;0;0;0;0;0;0;0;0;0;0;0;-0;-0;0;0;0;
7.33003;-0.0171112;0.00367351;-10.694;-0.000186405;-6.88645e-05;-0.000818277;-1.60212;-3.88382;11.3146;0.673492;-0.648268;-0.127158;0;0;0;0;0;0;1.60212;3.88382;-11.3146;-6.76233;74.0142;24.4484;
7.33106;-0.0168342;0.00357219;-10.6942;-0.000203105;-5.72843e-05;-0.000879135;0;0;0;0;0;0;0;0;0;0;0;0;0;-0;-0;0;0;0;
7.33202;-0.0166825;0.00352869;-10.6943;-0.000221415;-4.68644e-05;-0.000942805;7.60472;6.56404;52.0253;-0.912389;0.943262;-0.081458;0;0;0;0;0;0;-7.60472;-6.56404;-52.0253;-24.6357;334.897;-38.5571;
7.33305;-0.0166815;0.00354697;-10.6944;-0.000243081;-3.67866e-05;-0.00101635;0.884699;-4.71582;14.2266;0.644567;0.0711513;0.0483574;0;0;0;0;0;0;-0.884699;4.71582;-14.2266;-8.28367;91.8861;30.9085;
7.33402;-0.0167606;0.00361429;-10.6945;-0.000263979;-2.86419e-05;-0.00108368;0.740043;-0.306542;3.01845;0.115368;0.216933;-0.00625416;0;0;0;0;0;0;-0.740043;0.306542;-3.01845;-1.66656;19.2382;2.36235;
7.33505;-0.0169334;0.00374556;-10.6945;-0.000285626;-2.15193e-05;-0.00115098;1.30017;-2.83072;30.6835;-0.119131;-0.173435;0.14549;0;0;0;0;0;0;-1.30017;2.83072;-30.6835;-15.6207;198.565;18.8241;
7.33602;-0.0170698;0.00390104;-10.6945;-0.000303048;-1.53328e-05;-0.00120418;2.27372;-1.34027;9.68368;0.358442;0.699263;0.0126198;0;0;0;0;0;0;-2.27372;1.34027;-9.68368;-5.37071;61.726;9.80424;
7.33705;-0.0171267;0.00406958;-10.6946;-0.000316635;-9.4547e-06;-0.00124429;0;0;0;0;0;0;0;0;0;0;0;0;0;-0;-0;0;0;0;
7.33801;-0.0171028;0.00421149;-10.6946;-0.000323646;-4.47577e-06;-0.00126556;0;0;0;0;0;0;0;0;0;0;0;0;0;-0;-0;0;0;0;
7.33904;-0.0169346;0.00430659;-10.6947;-0.000323798;2.38666e-07;-0.00126649;0;0;0;0;0;0;0;0;0;0;0;0;0;-0;-0;0;0;0;
7.34;-0.0166561;0.00432685;-10.6948;-0.000316693;4.47996e-06;-0.00124885;4.23233;-7.57634;28.8576;1.02948;0.354852;0.160019;0;0;0;0;0;0;-4.23233;7.57634;-28.8576;-16.3254;185.929;50.9907;
7.34103;-0.0161895;0.00425379;-10.6949;-0.000301116;9.12426e-06;-0.00120944;0;0;0;0;0;0;0;0;0;0;0;0;0;-0;-0;0;0;0;
7.34206;-0.0156695;0.00411311;-10.6951;-0.000279729;1.39891e-05;-0.00116003;0;0;0;0;0;0;0;0;0;0;0;0;0;-0;-0;0;0;0;
7.34302;-0.0151044;0.00390667;-10.6952;-0.000254967;1.8618e-05;-0.00110311;1.59454;0.227936;6.24164;-0.366409;0.0963345;0.0900879;0;0;0;0;0;0;-1.59454;-0.227936;-6.24164;-2.75479;40.1271;-0.761627;
7.34405;-0.0145377;0.00363855;-10.6954;-0.000226471;2.39232e-05;-0.00104349;3.27824;7.96476;25.4853;-1.33463;0.467549;0.0255565;0;0;0;0;0;0;-3.27824;-7.96476;-25.4853;-10.7043;164.093;-49.9061;
7.34502;-0.014015;0.00335663;-10.6956;-0.00019866;2.93026e-05;-0.000988754;0;0;0;0;0;0;0;0;0;0;0;0;0;-0;-0;0;0;0;
7.34605;-0.0135247;0.00305606;-10.6958;-0.00016998;3.56482e-05;-0.000938688;1.22375;0.324331;4.88495;0.0513899;0.260391;-0.0337148;0;0;0;0;0;0;-1.22375;-0.324331;-4.88495;-2.47953;31.2225;-1.44827;
7.34701;-0.0131145;0.00279095;-10.696;-0.000144761;4.21012e-05;-0.000899705;0.968568;0.477141;4.02238;-0.22855;0.0634365;0.0475086;0;0;0;0;0;0;-0.968568;-0.477141;-4.02238;-1.74977;25.8642;-2.64671;
7.34804;-0.012729;0.00253768;-10.6963;-0.000120314;4.94291e-05;-0.000867217;0.270381;-0.00869641;1.05248;0.0660422;-0.0643393;-0.0174979;0;0;0;0;0;0;-0.270381;0.00869641;-1.05248;-0.59707;6.84673;0.20996;
7.34901;-0.0124334;0.00234164;-10.6964;-0.000100594;5.62944e-05;-0.000845401;0;0;0;0;0;0;0;0;0;0;0;0;0;-0;-0;0;0;0;
7.35004;-0.0122075;0.00217979;-10.6966;-8.31753e-05;6.3365e-05;-0.000831154;4.11212;-1.19544;16.4015;0.171625;0.711097;0.0187254;0;0;0;0;0;0;-4.11212;1.19544;-16.4015;-8.5533;104.994;9.78709;
7.351;-0.0120858;0.00206703;-10.6968;-7.04011e-05;6.92504e-05;-0.000824799;0;0;0;0;0;0;0;0;0;0;0;0;0;-0;-0;0;0;0;
7.35203;-0.0120455;0.00198083;-10.6969;-6.03433e-05;7.43373e-05;-0.000823077;7.80638;2.51292;31.2996;-0.750722;1.06845;0.0940944;0;0;0;0;0;0;-7.80638;-2.51292;-31.2996;-14.7636;200.656;-12.4204;
7.35306;-0.0121068;0.00192999;-10.697;-5.35975e-05;7.84068e-05;-0.000827;2.56167;-3.20982;14.1992;0.42839;0.375794;0.0979333;0;0;0;0;0;0;-2.56167;3.20982;-14.1992;-7.90271;91.2361;21.9599;
7.35403;-0.0122138;0.00190968;-10.6971;-4.94533e-05;8.1336e-05;-0.000832233;0.00767128;-0.000237468;0.0298603;0.00123274;0.00213463;-0.000299722;0;0;0;0;0;0;-0.00767128;0.000237468;-0.0298603;-0.0162979;0.190292;0.00570033;
7.35505;-0.0123617;0.00191822;-10.6971;-4.70094e-05;8.38666e-05;-0.000839612;0;0;0;0;0;0;0;0;0;0;0;0;0;-0;-0;0;0;0;
7.35602;-0.0124502;0.00194325;-10.6972;-4.53576e-05;8.59346e-05;-0.000843913;0.517042;-0.0893981;2.02937;0.126643;-0.124016;-0.0377291;0;0;0;0;0;0;-0.517042;0.0893981;-2.02937;-1.15785;13.2022;0.876579;
7.35704;-0.0124613;0.00198115;-10.6972;-4.3938e-05;8.79572e-05;-0.000845195;3.95763;-4.55303;20.2294;0.69143;1.48668;0.199337;0;0;0;0;0;0;-3.95763;4.55303;-20.2294;-11.3379;129;31.2522;
7.35801;-0.0123864;0.00202061;-10.6972;-4.28883e-05;8.95664e-05;-0.000842747;-6.13584;-4.42689;12.6114;0.74974;-0.680685;0.125835;0;0;0;0;0;0;6.13584;4.42689;-12.6114;-7.54627;82.8915;25.4253;
7.35903;-0.0122382;0.00206337;-10.6972;-4.27066e-05;9.05356e-05;-0.000836739;0.287111;-0.00575757;1.11739;0.0701493;-0.0683088;-0.0183766;0;0;0;0;0;0;-0.287111;0.00575757;-1.11739;-0.633583;7.26903;0.200252;
7.36005;-0.0120768;0.00210476;-10.6972;-4.40297e-05;9.07822e-05;-0.000830798;-3.11948;3.00812;21.3867;-0.167209;-0.442115;-0.113858;0;0;0;0;0;0;3.11948;-3.00812;-21.3867;-10.3041;139.126;-20.92;
7.36101;-0.0119685;0.00214458;-10.6972;-4.69752e-05;9.06207e-05;-0.000828475;-0.620004;-2.3316;6.55976;0.344331;-0.17546;-0.013088;0;0;0;0;0;0;0.620004;2.3316;-6.55976;-3.88242;42.6791;14.7862;
7.36203;-0.0119887;0.00218995;-10.6972;-5.30788e-05;9.0316e-05;-0.000836268;0.825144;-0.317306;3.3448;0.128573;0.240226;-0.00892927;0;0;0;0;0;0;-0.825144;0.317306;-3.3448;-1.84524;21.3178;2.47753;
7.36305;-0.0121941;0.0022361;-10.6971;-6.24396e-05;9.04542e-05;-0.000859262;-3.64333;-5.01698;14.9939;0.572134;-0.442045;0.0676347;0;0;0;0;0;0;3.64333;5.01698;-14.9939;-8.62794;97.8174;30.5569;
7.36402;-0.0126352;0.00228751;-10.6971;-7.45497e-05;9.19246e-05;-0.000902473;0;0;0;0;0;0;0;0;0;0;0;0;0;-0;-0;0;0;0;
7.36504;-0.0134675;0.00235819;-10.6971;-9.127e-05;9.59437e-05;-0.000980729;1.73206;-1.28183;7.72607;0.164162;0.495939;0.05057;0;0;0;0;0;0;-1.73206;1.28183;-7.72607;-4.18448;49.3178;9.11533;
7.36601;-0.014732;0.00245642;-10.6972;-0.000111008;0.000103419;-0.00109687;0;0;0;0;0;0;0;0;0;0;0;0;0;-0;-0;0;0;0;
7.36704;-0.0165928;0.00260496;-10.6973;-0.000135489;0.000115746;-0.00126668;0;0;0;0;0;0;0;0;0;0;0;0;0;-0;-0;0;0;0;
7.368;-0.0186494;0.00278874;-10.6975;-0.000160747;0.000130008;-0.00145521;0;0;0;0;0;0;0;0;0;0;0;0;0;-0;-0;0;0;0;
7.36903;-0.0209051;0.00302535;-10.6977;-0.000188501;0.000145916;-0.0016645;1.04256;-0.0450491;4.05923;0.179885;-0.306801;-0.0496061;0;0;0;0;0;0;-1.04256;0.0450491;-4.05923;-2.22913;26.4654;0.866236;
7.37006;-0.0229413;0.00328573;-10.6978;-0.000215083;0.00016031;-0.0018571;-2.45806;-3.37656;9.41297;0.558897;-0.528474;-0.0436228;0;0;0;0;0;0;2.45806;3.37656;-9.41297;-5.63899;61.6766;20.6517;
7.37103;-0.0245122;0.00352351;-10.698;-0.000236894;0.000171616;-0.00200927;0;0;0;0;0;0;0;0;0;0;0;0;0;-0;-0;0;0;0;
7.37205;-0.0256717;0.00372838;-10.6981;-0.000253788;0.000180716;-0.00212622;0;0;0;0;0;0;0;0;0;0;0;0;0;-0;-0;0;0;0;
7.37302;-0.0262936;0.00386775;-10.6981;-0.000263149;0.00018661;-0.00219326;-1.11759;-2.42375;8.46199;0.508322;-0.485607;-0.0719562;0;0;0;0;0;0;1.11759;2.42375;-8.46199;-5.01384;55.3465;15.1906;
7.37405;-0.0264787;0.00396823;-10.6982;-0.000266454;0.000189963;-0.0022196;0;0;0;0;0;0;0;0;0;0;0;0;0;-0;-0;0;0;0;
7.37501;-0.0261921;0.00400306;-10.6982;-0.000262023;0.000190615;-0.00219976;0;0;0;0;0;0;0;0;0;0;0;0;0;-0;-0;0;0;0;
7.37604;-0.0255169;0.00397655;-10.6982;-0.000249919;0.000189388;-0.0021416;-0.231056;6.89966;31.4423;-0.747788;0.043554;-0.158514;0;0;0;0;0;0;0.231056;-6.89966;-31.4423;-14.3986;203.411;-44.5985;
7.37701;-0.024559;0.00391435;-10.6982;-0.000232289;0.000186538;-0.00205418;-12.1605;14.8546;67.9517;-1.7537;-0.16964;-0.309115;0;0;0;0;0;0;12.1605;-14.8546;-67.9517;-30.9857;441.034;-101.925;
7.37804;-0.0231461;0.00382244;-10.6982;-0.000207539;0.000180963;-0.00192252;5.24726;-2.30707;56.0591;-0.345508;-1.24459;0.16487;0;0;0;0;0;0;-5.24726;2.30707;-56.0591;-28.1241;363.419;17.405;
7.37906;-0.0214028;0.00371421;-10.6981;-0.000177497;0.000173443;-0.00175854;2.35968;-2.32841;11.8259;0.45267;0.0454084;-0.00959815;0;0;0;0;0;0;-2.35968;2.32841;-11.8259;-6.6431;76.231;16.263;
7.38003;-0.0195794;0.00359425;-10.6981;-0.000146902;0.000164966;-0.0015869;2.06298;-0.352681;9.1645;0.572398;-0.557439;-0.150302;0;0;0;0;0;0;-2.06298;0.352681;-9.1645;-5.22414;59.6446;3.47131;
7.38105;-0.0176128;0.00344758;-10.698;-0.000114924;0.00015536;-0.00140276;4.03709;-7.06269;27.8229;1.18111;-0.55902;-0.183765;0;0;0;0;0;0;-4.03709;7.06269;-27.8229;-15.9043;180.167;47.9127;
7.38202;-0.0158507;0.00329368;-10.698;-8.67088e-05;0.000146631;-0.00123887;0;0;0;0;0;0;0;0;0;0;0;0;0;-0;-0;0;0;0;
7.38305;-0.0140902;0.00312119;-10.6979;-5.99602e-05;0.000137233;-0.0010767;0;0;0;0;0;0;0;0;0;0;0;0;0;-0;-0;0;0;0;
7.38401;-0.012598;0.00295841;-10.6978;-3.80683e-05;0.000128949;-0.000940665;0;0;0;0;0;0;0;0;0;0;0;0;0;-0;-0;0;0;0;
7.38504;-0.0112968;0.00279074;-10.6978;-1.94644e-05;0.000121483;-0.000824048;-0.425353;2.61421;9.55465;-0.5089;0.21326;-0.0810043;0;0;0;0;0;0;0.425353;-2.61421;-9.55465;-4.04188;61.6477;-17.0471;
7.386;-0.0103857;0.0026335;-10.6977;-5.86228e-06;0.000116541;-0.000744191;2.39965;-2.30982;11.4923;0.40186;0.839633;0.0848464;0;0;0;0;0;0;-2.39965;2.30982;-11.4923;-6.42241;73.2747;16.0684;
7.38703;-0.00969601;0.00246575;-10.6977;5.12927e-06;0.000113196;-0.000685825;0;0;0;0;0;0;0;0;0;0;0;0;0;-0;-0;0;0;0;
7.38806;-0.00912556;0.00229775;-10.6977;1.42613e-05;0.000110513;-0.000638674;0;0;0;0;0;0;0;0;0;0;0;0;0;-0;-0;0;0;0;
7.38902;-0.00857053;0.00214392;-10.6977;2.13746e-05;0.000107118;-0.000593431;0;0;0;0;0;0;0;0;0;0;0;0;0;-0;-0;0;0;0;
7.39004;-0.00798867;0.00199115;-10.6976;2.67984e-05;0.000102575;-0.000546681;-3.94219;-4.75741;11.5795;0.678077;-0.599924;-0.0476496;0;0;0;0;0;0;3.94219;4.75741;-11.5795;-6.98797;75.9143;28.8421;
7.39101;-0.00754765;0.00184682;-10.6976;2.94126e-05;9.84708e-05;-0.000513348;-5.08154;-13.9042;69.1844;1.04099;-0.360751;0.348978;0;0;0;0;0;0;5.08154;13.9042;-69.1844;-37.285;448.491;87.0509;
7.39204;-0.00723666;0.00168291;-10.6975;2.97893e-05;9.5018e-05;-0.000493385;0;0;0;0;0;0;0;0;0;0;0;0;0;-0;-0;0;0;0;
7.393;-0.00706889;0.00152127;-10.6975;2.88023e-05;9.27464e-05;-0.000486011;0;0;0;0;0;0;0;0;0;0;0;0;0;-0;-0;0;0;0;
7.39403;-0.00700293;0.00135569;-10.6975;2.70825e-05;9.13196e-05;-0.000487145;-5.46823;-2.44369;14.9897;0.342184;-0.768374;-0.0591943;0;0;0;0;0;0;5.46823;2.44369;-14.9897;-8.13788;98.2995;13.1153;
7.39505;-0.00712225;0.00122028;-10.6975;2.43539e-05;9.13684e-05;-0.000502003;0;0;0;0;0;0;0;0;0;0;0;0;0;-0;-0;0;0;0;
7.39602;-0.00747382;0.00112848;-10.6975;2.01795e-05;9.32545e-05;-0.000534796;0.926959;-0.152294;3.63527;0.226933;-0.222164;-0.067173;0;0;0;0;0;0;-0.926959;0.152294;-3.63527;-2.07338;23.6493;1.51944;
7.39705;-0.00808336;0.00106909;-10.6975;1.39465e-05;9.70373e-05;-0.00058861;2.3973;-0.902443;9.74436;0.384724;0.338821;-0.0438883;0;0;0;0;0;0;-2.3973;0.902443;-9.74436;-5.38368;62.4665;7.09024;
7.39801;-0.00873317;0.00104701;-10.6976;7.26791e-06;0.000101049;-0.000644631;0;0;0;0;0;0;0;0;0;0;0;0;0;-0;-0;0;0;0;
7.39904;-0.0094481;0.00106667;-10.6976;5.06666e-07;0.000105596;-0.000703239;5.45071;-5.02873;25.9061;1.00504;1.37048;0.0953814;0;0;0;0;0;0;-5.45071;5.02873;-25.9061;-14.5588;165.695;35.186;
7.4;-0.0101716;0.00113223;-10.6977;-5.21124e-06;0.000110512;-0.000758474;-8.10162;-5.97191;16.8256;0.999631;-0.908955;0.158712;0;0;0;0;0;0;8.10162;5.97191;-16.8256;-10.0739;110.582;34.3984;
7.40102;-0.0110121;0.00124803;-10.6978;-1.01841e-05;0.000116937;-0.00081872;0;0;0;0;0;0;0;0;0;0;0;0;0;-0;-0;0;0;0;
7.40205;-0.0119015;0.00139991;-10.6979;-1.41646e-05;0.000124352;-0.000879501;0;0;0;0;0;0;0;0;0;0;0;0;0;-0;-0;0;0;0;
7.40301;-0.0126852;0.00156686;-10.698;-1.6897e-05;0.000131259;-0.000929526;0;0;0;0;0;0;0;0;0;0;0;0;0;-0;-0;0;0;0;
7.40404;-0.0134285;0.00177228;-10.6981;-1.89565e-05;0.000137964;-0.000971847;0.678472;0.277307;2.76407;-0.158214;0.0432959;0.0344917;0;0;0;0;0;0;-0.678472;-0.277307;-2.76407;-1.20631;17.7721;-1.48689;
7.405;-0.0140669;0.0019909;-10.6982;-2.01231e-05;0.000143976;-0.00100381;2.30709;-0.700461;9.21359;0.359851;0.66061;-0.0398841;0;0;0;0;0;0;-2.30709;0.700461;-9.21359;-5.0712;58.7196;5.73397;
7.40602;-0.0146972;0.00224726;-10.6983;-2.06095e-05;0.000150147;-0.00103148;0;0;0;0;0;0;0;0;0;0;0;0;0;-0;-0;0;0;0;
7.40705;-0.0152133;0.00251701;-10.6983;-1.92057e-05;0.000155987;-0.00104902;0;0;0;0;0;0;0;0;0;0;0;0;0;-0;-0;0;0;0;
7.40801;-0.0155924;0.0027739;-10.6984;-1.65954e-05;0.000160893;-0.00105773;0;0;0;0;0;0;0;0;0;0;0;0;0;-0;-0;0;0;0;
7.40904;-0.0158901;0.00303291;-10.6985;-1.27859e-05;0.000165649;-0.00106024;-7.8017;13.4806;62.0575;-1.48363;-0.0700787;-0.263255;0;0;0;0;0;0;7.8017;-13.4806;-62.0575;-28.4246;402.362;-90.8857;
7.41006;-0.0160737;0.00326332;-10.6985;-8.03859e-06;0.000169997;-0.00105606;11.1634;-9.35886;57.5069;0.755048;1.12835;0.25936;0;0;0;0;0;0;-11.1634;9.35886;-57.5069;-30.6611;369.819;65.9154;
7.41102;-0.0161843;0.00345286;-10.6986;-3.09546e-06;0.000173938;-0.00105045;0.717268;-0.0916947;2.80437;0.175313;-0.171404;-0.0504437;0;0;0;0;0;0;-0.717268;0.0916947;-2.80437;-1.59714;18.2437;1.00501;
7.41204;-0.0161852;0.0036004;-10.6987;2.539e-06;0.000177422;-0.00104152;-8.41667;4.76232;47.0698;-0.624882;-0.214297;-0.0654907;0;0;0;0;0;0;8.41667;-4.76232;-47.0698;-22.6078;305.598;-34.9862;
7.41301;-0.0160511;0.0036659;-10.6987;8.14779e-06;0.000179849;-0.00102916;0;0;0;0;0;0;0;0;0;0;0;0;0;-0;-0;0;0;0;
7.41403;-0.015835;0.00367279;-10.6988;1.43445e-05;0.000182198;-0.00101552;0.0973982;-0.322458;2.02058;0.0539169;-0.0763182;-0.00163569;0;0;0;0;0;0;-0.0973982;0.322458;-2.02058;-1.10406;13.1396;2.13699;
7.41506;-0.0155715;0.00364233;-10.6988;2.08072e-05;0.000184371;-0.00100186;0;0;0;0;0;0;0;0;0;0;0;0;0;-0;-0;0;0;0;
7.41602;-0.0152662;0.00358903;-10.6989;2.67093e-05;0.000185693;-0.000987659;0;0;0;0;0;0;0;0;0;0;0;0;0;-0;-0;0;0;0;
7.41705;-0.0148506;0.00350089;-10.6989;3.24697e-05;0.000185739;-0.000968538;0.762471;-0.91983;3.97463;0.135026;0.292598;0.0418121;0;0;0;0;0;0;-0.762471;0.91983;-3.97463;-2.22937;25.3466;6.29353;
7.41801;-0.0144276;0.0034139;-10.6989;3.75581e-05;0.000185003;-0.000948579;0;0;0;0;0;0;0;0;0;0;0;0;0;-0;-0;0;0;0;
7.41903;-0.0139248;0.00332366;-10.6989;4.22238e-05;0.000182855;-0.000923211;0;0;0;0;0;0;0;0;0;0;0;0;0;-0;-0;0;0;0;
7.42005;-0.0133255;0.00321795;-10.6989;4.50409e-05;0.000178308;-0.000891754;-9.67907;7.62171;49.6523;-0.819313;-0.605721;-0.141801;0;0;0;0;0;0;9.67907;-7.62171;-49.6523;-23.4276;322.824;-54.046;
7.42102;-0.0126424;0.00308229;-10.6988;4.58728e-05;0.000171658;-0.000854942;2.56455;-0.187955;12.4513;0.485812;-0.86805;-0.183659;0;0;0;0;0;0;-2.56455;0.187955;-12.4513;-6.7767;81.1704;2.69155;
7.42204;-0.0118706;0.00292319;-10.6987;4.48738e-05;0.000162978;-0.000812571;-1.40882;7.86522;31.3379;-0.864378;0.153039;-0.157017;0;0;0;0;0;0;1.40882;-7.86522;-31.3379;-14.1327;202.743;-51.4402;
7.423;-0.0111632;0.00277683;-10.6985;4.23264e-05;0.000153968;-0.000772911;0.315441;0.0184242;1.22872;0.0546784;-0.0928669;-0.0126447;0;0;0;0;0;0;-0.315441;-0.0184242;-1.22872;-0.671769;8.01101;0.0523361;
7.42403;-0.0104243;0.00262079;-10.6983;3.8007e-05;0.000143565;-0.0007305;0.681822;-0.0432039;2.65633;0.166478;-0.16238;-0.0453723;0;0;0;0;0;0;-0.681822;0.0432039;-2.65633;-1.50887;17.2804;0.66835;
7.42505;-0.00968167;0.00245468;-10.6981;3.2335e-05;0.000132405;-0.000687113;2.06612;-0.401916;8.28278;0.36309;-0.606164;-0.112993;0;0;0;0;0;0;-2.06612;0.401916;-8.28278;-4.57563;53.9882;3.75413;
7.42602;-0.00900027;0.00228921;-10.698;2.61101e-05;0.00012168;-0.000647382;1.13961;-0.503216;4.67625;0.177806;0.33631;-0.00714102;0;0;0;0;0;0;-1.13961;0.503216;-4.67625;-2.58381;29.8046;3.83698;
7.42705;-0.00831026;0.00211541;-10.6978;1.92193e-05;0.000110495;-0.000606781;1.43679;5.1179;23.7826;-0.569242;0.272366;-0.10363;0;0;0;0;0;0;-1.43679;-5.1179;-23.7826;-10.8975;153.456;-32.2852;
7.42802;-0.00769358;0.00195701;-10.6976;1.30147e-05;0.000100375;-0.000569239;0.00514703;-0.012747;0.0405596;0.00126792;0.003072;0.000804563;0;0;0;0;0;0;-0.00514703;0.012747;-0.0405596;-0.0229769;0.25883;0.0842605;
7.42905;-0.00710512;0.00179443;-10.6974;6.47305e-06;9.02451e-05;-0.000532258;1.63229;-6.84005;31.06;0.896444;-0.614841;0.0665375;0;0;0;0;0;0;-1.63229;6.84005;-31.06;-17.228;201.408;45.0105;
7.43002;-0.0066295;0.00164579;-10.6972;9.62667e-07;8.18586e-05;-0.0005016;0;0;0;0;0;0;0;0;0;0;0;0;0;-0;-0;0;0;0;
7.43104;-0.00620253;0.00148882;-10.6971;-4.02221e-06;7.4291e-05;-0.000474196;-5.5801;-3.31917;10.5693;0.445605;-0.739847;0.00291844;0;0;0;0;0;0;5.5801;3.31917;-10.5693;-6.10245;69.6825;18.6611;
7.43201;-0.00590768;0.00135097;-10.697;-7.63546e-06;6.90155e-05;-0.000456032;0;0;0;0;0;0;0;0;0;0;0;0;0;-0;-0;0;0;0;
7.43304;-0.00567964;0.00122836;-10.6969;-1.03131e-05;6.49574e-05;-0.000441477;0;0;0;0;0;0;0;0;0;0;0;0;0;-0;-0;0;0;0;
7.43401;-0.0055532;0.00114094;-10.6968;-1.19164e-05;6.25004e-05;-0.00043203;4.66776;0.951874;38.7553;-0.144774;0.367087;-0.0139907;0;0;0;0;0;0;-4.66776;-0.951874;-38.7553;-19.2818;249.91;-3.79332;
7.43504;-0.00556008;0.00107084;-10.6968;-1.29521e-05;6.17647e-05;-0.00043101;6.30584;-1.02437;24.727;0.120465;1.28281;0.0252929;0;0;0;0;0;0;-6.30584;1.02437;-24.727;-12.6788;158.068;9.77873;
7.43601;-0.00562525;0.00100933;-10.6968;-1.29183e-05;6.23112e-05;-0.000434265;0;0;0;0;0;0;0;0;0;0;0;0;0;-0;-0;0;0;0;
7.43703;-0.00565699;0.000940108;-10.6969;-1.17476e-05;6.31466e-05;-0.000435293;-0.742144;-8.09724;27.0189;0.991098;-0.250174;0.147097;0;0;0;0;0;0;0.742144;8.09724;-27.0189;-15.4131;175.135;51.8678;
7.438;-0.00570868;0.000878251;-10.6969;-9.86456e-06;6.45965e-05;-0.000437925;0.0653096;-0.00395633;0.254416;-0.0152394;0.00391941;0.00397295;0;0;0;0;0;0;-0.0653096;0.00395633;-0.254416;-0.113313;1.63559;0.0545225;
7.43903;-0.00597098;0.000845322;-10.697;-7.09974e-06;6.87831e-05;-0.000454776;0.181699;0.527554;1.6094;-0.0837173;0.0301057;-0.00041693;0;0;0;0;0;0;-0.181699;-0.527554;-1.6094;-0.674081;10.3644;-3.3213;
7.44006;-0.00639053;0.000845697;-10.6971;-3.15076e-06;7.53577e-05;-0.000480932;5.82919;12.0634;40.7548;-1.43516;1.12647;-0.136395;0;0;0;0;0;0;-5.82919;-12.0634;-40.7548;-17.8845;261.97;-74.9772;
7.44102;-0.00679063;0.000856589;-10.6972;1.75324e-06;8.23694e-05;-0.000504638;0.266211;0.053742;1.04809;-0.0611722;0.016212;0.0147063;0;0;0;0;0;0;-0.266211;-0.053742;-1.04809;-0.461388;6.73817;-0.228317;
7.44205;-0.00723861;0.00086592;-10.6974;8.14193e-06;9.09259e-05;-0.000531819;0;0;0;0;0;0;0;0;0;0;0;0;0;-0;-0;0;0;0;
7.44301;-0.00780702;0.000883432;-10.6976;1.53219e-05;0.000101365;-0.000569012;0;0;0;0;0;0;0;0;0;0;0;0;0;-0;-0;0;0;0;
7.44404;-0.00854645;0.000920542;-10.6979;2.44788e-05;0.000114847;-0.000618235;2.82481;4.8297;21.5949;-0.429475;-0.252104;-0.161404;0;0;0;0;0;0;-2.82481;-4.8297;-21.5949;-9.9642;139.687;-29.6636;
7.44506;-0.00931324;0.000974474;-10.6982;3.63864e-05;0.000130228;-0.000667402;3.20228;-4.23681;17.4003;0.627437;1.07442;0.140755;0;0;0;0;0;0;-3.20228;4.23681;-17.4003;-9.81721;111.183;28.8842;
7.44602;-0.0100651;0.00103527;-10.6985;4.96178e-05;0.000146223;-0.000715389;2.18572;-8.017;24.4472;1.03315;0.476646;0.165759;0;0;0;0;0;0;-2.18572;8.017;-24.4472;-14.1516;157.476;52.8048;
7.44705;-0.01094;0.00110837;-10.6989;6.49055e-05;0.000164756;-0.000773145;0;0;0;0;0;0;0;0;0;0;0;0;0;-0;-0;0;0;0;
7.44801;-0.0117551;0.00119108;-10.6992;7.97555e-05;0.000182215;-0.000827167;0;0;0;0;0;0;0;0;0;0;0;0;0;-0;-0;0;0;0;
7.44904;-0.0124151;0.00128635;-10.6996;9.54654e-05;0.000198187;-0.000868985;0;0;0;0;0;0;0;0;0;0;0;0;0;-0;-0;0;0;0;
7.45;-0.0128252;0.00136783;-10.6998;0.000109448;0.000210344;-0.000893888;-8.90613;-8.72714;21.7885;1.28491;-1.19232;0.0476447;0;0;0;0;0;0;8.90613;8.72714;-21.7885;-13.1353;143.055;51.9302;
7.45102;-0.013101;0.00143173;-10.7;0.00012172;0.000220062;-0.00091142;0;0;0;0;0;0;0;0;0;0;0;0;0;-0;-0;0;0;0;
7.45204;-0.0132418;0.00147526;-10.7002;0.000129486;0.00022567;-0.000921129;0;0;0;0;0;0;0;0;0;0;0;0;0;-0;-0;0;0;0;
7.45301;-0.013227;0.00150528;-10.7002;0.000132691;0.000226813;-0.000919802;0;0;0;0;0;0;0;0;0;0;0;0;0;-0;-0;0;0;0;
7.45403;-0.0129708;0.00150444;-10.7001;0.000132231;0.000223154;-0.00090179;-3.21896;-5.97944;32.2251;-0.555394;-0.694027;0.473152;0;0;0;0;0;0;3.21896;5.97944;-32.2251;-16.2768;209.511;36.592;
7.45506;-0.012662;0.00146073;-10.7;0.000129047;0.000217763;-0.000882386;0;0;0;0;0;0;0;0;0;0;0;0;0;-0;-0;0;0;0;
7.45602;-0.0124956;0.00140326;-10.6999;0.000124014;0.000213214;-0.000874245;-1.77532;-1.44276;7.12952;0.306244;-0.513205;-0.0275968;0;0;0;0;0;0;1.77532;1.44276;-7.12952;-4.04223;46.8188;8.46789;
7.45705;-0.0124472;0.00135107;-10.6998;0.000117722;0.000209286;-0.000873745;2.59378;-1.44877;10.9547;0.407704;0.79033;0.00798894;0;0;0;0;0;0;-2.59378;1.44877;-10.9547;-6.07116;69.8262;10.6721;
7.45802;-0.0124201;0.0013025;-10.6997;0.000111733;0.000205724;-0.000873467;0;0;0;0;0;0;0;0;0;0;0;0;0;-0;-0;0;0;0;
7.45905;-0.0125242;0.00125279;-10.6997;0.00010618;0.000204112;-0.000882328;0.569252;-0.0536817;2.22089;0.098211;-0.167849;-0.0292302;0;0;0;0;0;0;-0.569252;0.0536817;-2.22089;-1.22232;14.4798;0.663296;
7.46001;-0.0128136;0.00123056;-10.6997;0.000103011;0.000205986;-0.000902333;0.66207;-0.00959818;2.57654;0.161788;-0.157511;-0.0421599;0;0;0;0;0;0;-0.66207;0.00959818;-2.57654;-1.46062;16.7612;0.437762;
7.46104;-0.0131995;0.00123648;-10.6998;0.000102651;0.000210426;-0.000926529;0;0;0;0;0;0;0;0;0;0;0;0;0;-0;-0;0;0;0;
7.46205;-0.0136082;0.00126119;-10.6999;0.000104566;0.000216379;-0.000951727;4.51856;-4.35096;49.8806;0.244904;0.652477;0.152647;0;0;0;0;0;0;-4.51856;4.35096;-49.8806;-25.8073;321.619;30.2739;
7.46301;-0.0140606;0.00129483;-10.7;0.000107799;0.000223604;-0.000980659;0.136536;-0.0364441;0.542148;0.0213308;0.0388461;-0.00276073;0;0;0;0;0;0;-0.136536;0.0364441;-0.542148;-0.29808;3.45513;0.307329;
7.46404;-0.0144146;0.0013203;-10.7001;0.000111921;0.000230181;-0.00100248;-2.77064;-4.97942;12.567;0.639248;-0.250891;0.0726362;0;0;0;0;0;0;2.77064;4.97942;-12.567;-7.46885;81.8366;30.7483;
7.465;-0.014489;0.00132804;-10.7002;0.000116141;0.000233521;-0.00100532;-8.84602;-1.34604;38.0292;0.322585;-0.596249;-0.0343409;0;0;0;0;0;0;8.84602;1.34604;-38.0292;-19.6139;247.53;4.28713;
7.46603;-0.01438;0.0013314;-10.7002;0.000119997;0.000234488;-0.000996886;0;0;0;0;0;0;0;0;0;0;0;0;0;-0;-0;0;0;0;
7.46706;-0.0140724;0.00131881;-10.7002;0.000122016;0.000232081;-0.000976596;0.893093;5.7647;15.5157;-0.791515;0.309967;-0.0696052;0;0;0;0;0;0;-0.893093;-5.7647;-15.5157;-6.44619;99.9862;-36.7778;
7.46802;-0.0135075;0.00128012;-10.7001;0.000121303;0.000225081;-0.000938514;0;0;0;0;0;0;0;0;0;0;0;0;0;-0;-0;0;0;0;
7.46904;-0.0127444;0.00123921;-10.6999;0.000118167;0.000214223;-0.000886038;0.185516;0.0730712;0.754193;0.0188665;0.0459873;-0.00925719;0;0;0;0;0;0;-0.185516;-0.0730712;-0.754193;-0.391448;4.815;-0.37006;
7.47;-0.0120032;0.00122313;-10.6997;0.000113596;0.000202561;-0.000834849;0;0;0;0;0;0;0;0;0;0;0;0;0;-0;-0;0;0;0;
7.47103;-0.0111506;0.00121994;-10.6994;0.000106892;0.000188126;-0.000775334;2.13874;-2.78545;12.6143;0.46793;-0.0156829;0.0296642;0;0;0;0;0;0;-2.13874;2.78545;-12.6143;-7.10139;81.4151;19.0694;
7.47205;-0.0102394;0.00123792;-10.6991;9.84064e-05;0.000171729;-0.00070994;0;0;0;0;0;0;0;0;0;0;0;0;0;-0;-0;0;0;0;
7.47302;-0.00937713;0.00127583;-10.6988;8.93308e-05;0.000155471;-0.000647193;1.30164;-0.777332;5.55551;0.205368;0.401253;0.00802637;0;0;0;0;0;0;-1.30164;0.777332;-5.55551;-3.08177;35.412;5.67694;
7.47405;-0.00846918;0.00131011;-10.6984;7.86485e-05;0.000137792;-0.000582301;0;0;0;0;0;0;0;0;0;0;0;0;0;-0;-0;0;0;0;
7.47502;-0.0076517;0.00132602;-10.6981;6.73551e-05;0.000121036;-0.000525114;0;0;0;0;0;0;0;0;0;0;0;0;0;-0;-0;0;0;0;
7.47605;-0.00683328;0.00133988;-10.6978;5.45913e-05;0.000103393;-0.000467316;4.5358;-3.43629;20.3066;0.645593;1.42552;0.098771;0;0;0;0;0;0;-4.5358;3.43629;-20.3066;-11.2191;129.502;24.4186;
7.47701;-0.00615788;0.0013535;-10.6975;4.3338e-05;8.83584e-05;-0.000418896;1.95564;12.2263;33.7057;-1.58885;0.587179;-0.18055;0;0;0;0;0;0;-1.95564;-12.2263;-33.7057;-14.1638;217.29;-77.9379;
7.47804;-0.00558489;0.0013624;-10.6972;3.29237e-05;7.50814e-05;-0.000377873;0.656437;-0.453023;2.87815;0.104749;0.20846;0.00892094;0;0;0;0;0;0;-0.656437;0.453023;-2.87815;-1.59998;18.3472;3.25277;
7.47906;-0.00512884;0.00136491;-10.697;2.36761e-05;6.39403e-05;-0.000345545;-3.72565;1.79849;18.9942;-0.287957;-0.279251;-0.0232007;0;0;0;0;0;0;3.72565;-1.79849;-18.9942;-9.09962;123.544;-13.4896;
7.48002;-0.00473512;0.00134165;-10.6968;1.60035e-05;5.47109e-05;-0.000318835;2.53158;2.7094;12.5826;-0.687007;0.209884;0.0930289;0;0;0;0;0;0;-2.53158;-2.7094;-12.5826;-5.37957;80.9452;-16.3475;
7.48105;-0.00439514;0.00127558;-10.6966;9.08908e-06;4.69662e-05;-0.000298898;-9.5435;-5.33263;18.995;0.792513;-0.924451;0.0617562;0;0;0;0;0;0;9.5435;5.33263;-18.995;-10.8955;124.778;29.6327;
7.48201;-0.00418739;0.001187;-10.6965;3.78872e-06;4.20029e-05;-0.000290081;-0.0453524;-5.29225;16.3066;0.684507;-0.542058;-0.117494;0;0;0;0;0;0;0.0453524;5.29225;-16.3066;-9.42921;106.049;34.3351;
7.48304;-0.00407829;0.00111142;-10.6965;-8.03323e-07;3.84546e-05;-0.000287148;0;0;0;0;0;0;0;0;0;0;0;0;0;-0;-0;0;0;0;
7.484;-0.00406172;0.0010608;-10.6964;-4.68467e-06;3.61396e-05;-0.000288892;-0.697245;-0.842654;2.69542;0.161235;-0.151398;-0.00562272;0;0;0;0;0;0;0.697245;0.842654;-2.69542;-1.60348;17.6605;5.10632;
7.48503;-0.00411229;0.000986058;-10.6964;-7.74412e-06;3.53911e-05;-0.000296463;1.45089;-1.24484;6.70872;0.237981;0.488507;0.0391771;0;0;0;0;0;0;-1.45089;1.24484;-6.70872;-3.74216;42.771;8.7457;
7.48605;-0.00426147;0.000872454;-10.6964;-9.82043e-06;3.68535e-05;-0.000312667;0.119959;-0.130068;1.15589;0.0713705;-0.0689577;-0.0151664;0;0;0;0;0;0;-0.119959;0.130068;-1.15589;-0.666666;7.53547;0.917123;
7.48702;-0.00456583;0.00075821;-10.6965;-1.11841e-05;4.06464e-05;-0.000339689;0.012051;-0.0405568;0.119734;0.00364732;0.00917153;0.00273952;0;0;0;0;0;0;-0.012051;0.0405568;-0.119734;-0.0680272;0.764293;0.265731;
7.48804;-0.00515547;0.000673431;-10.6966;-1.1779e-05;4.80584e-05;-0.000384554;1.01675;-0.342437;4.08391;0.158461;0.293005;-0.0148825;0;0;0;0;0;0;-1.01675;0.342437;-4.08391;-2.24997;26.0277;2.74259;
7.48901;-0.00601835;0.000638574;-10.6968;-1.06356e-05;5.94083e-05;-0.00044478;0.0214432;-0.0856042;0.244891;0.007373;0.0188631;0.0059482;0;0;0;0;0;0;-0.0214432;0.0856042;-0.244891;-0.139314;1.56342;0.558707;
7.49003;-0.00734888;0.000656237;-10.6971;-7.24077e-06;7.72637e-05;-0.000533485;0;0;0;0;0;0;0;0;0;0;0;0;0;-0;-0;0;0;0;
7.49106;-0.00911548;0.000717992;-10.6975;-8.53877e-07;0.000101751;-0.000648884;-7.38374;-2.80277;12.3928;0.53022;-0.861511;0.121069;0;0;0;0;0;0;7.38374;2.80277;-12.3928;-7.05385;81.7826;14.2933;
7.49202;-0.0111977;0.000826476;-10.6981;8.45456e-06;0.000131477;-0.000783841;0.505055;1.15759;3.77049;-0.197932;0.0687105;0.00541775;0;0;0;0;0;0;-0.505055;-1.15759;-3.77049;-1.58531;24.2755;-7.24055;
7.49304;-0.0138792;0.00101331;-10.6988;2.1963e-05;0.000170293;-0.000957134;0;0;0;0;0;0;0;0;0;0;0;0;0;-0;-0;0;0;0;
7.494;-0.016617;0.00122167;-10.6995;3.80374e-05;0.000211119;-0.00113389;0.525483;0.0276532;2.04651;0.0910468;-0.154678;-0.0212881;0;0;0;0;0;0;-0.525483;-0.0276532;-2.04651;-1.11916;13.3427;0.107075;
7.49503;-0.0194339;0.00143481;-10.7004;5.84663e-05;0.00025548;-0.00131577;0;0;0;0;0;0;0;0;0;0;0;0;0;-0;-0;0;0;0;
7.49605;-0.0219363;0.00163207;-10.7012;8.2128e-05;0.000298164;-0.00147807;4.53179;2.66113;19.3239;-1.06818;0.294319;0.206774;0;0;0;0;0;0;-4.53179;-2.66113;-19.3239;-8.399;124.275;-15.1413;
7.49702;-0.0239665;0.00181833;-10.7019;0.000105794;0.000335215;-0.00161176;-3.6334;-2.6904;13.0367;0.559599;-0.935677;-0.0371336;0;0;0;0;0;0;3.6334;2.6904;-13.0367;-7.39629;85.6463;15.6136;
7.49805;-0.0255772;0.00198567;-10.7025;0.000127007;0.000365922;-0.00172268;-5.11522;8.61654;38.9775;-0.848113;-0.262726;-0.19704;0;0;0;0;0;0;5.11522;-8.61654;-38.9775;-17.9221;252.957;-58.1281;
7.49902;-0.026194;0.0020606;-10.7029;0.000140774;0.000381054;-0.00177274;-6.4706;4.12769;29.7941;-0.385945;-0.456095;-0.103188;0;0;0;0;0;0;6.4706;-4.12769;-29.7941;-14.2084;193.871;-29.8621;
7.50004;-0.0256117;0.00201542;-10.7029;0.000147349;0.000378464;-0.00174741;0.809221;3.41193;25.8186;-0.610486;-0.101879;-0.072555;0;0;0;0;0;0;-0.809221;-3.41193;-25.8186;-12.053;167.065;-21.5948;
7.50106;-0.0241067;0.00185935;-10.7025;0.000144004;0.000359795;-0.00166457;0.773663;2.95289;8.51256;-0.439074;0.163551;-0.0168284;0;0;0;0;0;0;-0.773663;-2.95289;-8.51256;-3.55289;54.8345;-18.6984;
7.50201;-0.022327;0.00166957;-10.7021;0.000132816;0.000333444;-0.0015644;0;0;0;0;0;0;0;0;0;0;0;0;0;-0;-0;0;0;0;
7.50302;-0.0202005;0.00145852;-10.7014;0.000115578;0.00029952;-0.00144025;0;0;0;0;0;0;0;0;0;0;0;0;0;-0;-0;0;0;0;
7.50404;-0.0179602;0.00124262;-10.7008;9.59094e-05;0.000262794;-0.00130572;0.420509;0.260923;1.80654;0.0835892;0.13057;-0.0383156;0;0;0;0;0;0;-0.420509;-0.260923;-1.80654;-0.967435;11.5155;-1.43801;
7.50501;-0.0160017;0.00104021;-10.7001;7.58413e-05;0.000229064;-0.00119012;1.95969;1.30453;9.29852;-0.0338633;-0.0113965;-0.0608375;0;0;0;0;0;0;-1.95969;-1.30453;-9.29852;-4.51927;59.9757;-7.39221;
7.50604;-0.0143705;0.000855227;-10.6995;5.33885e-05;0.000197758;-0.00110073;2.00445;0.557092;8.67782;-0.0584978;-0.250095;-0.0134864;0;0;0;0;0;0;-2.00445;-0.557092;-8.67782;-4.25692;56.194;-2.58116;
7.507;-0.0133039;0.000728566;-10.699;3.3356e-05;0.000174244;-0.001049;5.02629;-16.5572;53.1552;2.0533;0.400641;0.277473;0;0;0;0;0;0;-5.02629;16.5572;-53.1552;-30.4892;343.006;109.378;
7.50803;-0.0122489;0.000624611;-10.6986;1.63392e-05;0.000152457;-0.000991437;0;0;0;0;0;0;0;0;0;0;0;0;0;-0;-0;0;0;0;
7.50904;-0.0110413;0.000529986;-10.6982;5.12754e-06;0.000132098;-0.000911174;0;0;0;0;0;0;0;0;0;0;0;0;0;-0;-0;0;0;0;
7.51005;-0.0099688;0.000453203;-10.6979;-2.54419e-06;0.000115111;-0.000835755;0;0;0;0;0;0;0;0;0;0;0;0;0;-0;-0;0;0;0;
7.51106;-0.00936669;0.000406011;-10.6977;-1.0302e-05;0.000103474;-0.00079828;-6.75198;-4.42016;13.2841;0.792059;-0.714214;0.164937;0;0;0;0;0;0;6.75198;4.42016;-13.2841;-7.9268;87.3381;25.032;
7.51202;-0.00911021;0.000386015;-10.6975;-1.86272e-05;9.57428e-05;-0.000788296;0.586271;-4.15572;14.0074;0.593488;-0.130691;0.0483582;0;0;0;0;0;0;-0.586271;4.15572;-14.0074;-8.06606;90.6986;27.1342;
7.51305;-0.00874282;0.000367398;-10.6974;-2.56976e-05;8.76429e-05;-0.000765706;0.076466;-0.0488753;0.330266;-0.0207867;0.00527901;0.00559394;0;0;0;0;0;0;-0.076466;0.0488753;-0.330266;-0.150478;2.12385;0.349144;
7.514;-0.00812707;0.000337245;-10.6972;-2.85066e-05;7.90669e-05;-0.000716569;2.59252;-9.5506;41.3139;0.857574;0.683608;0.170913;0;0;0;0;0;0;-2.59252;9.5506;-41.3139;-22.6261;266.354;62.9267;
7.51502;-0.00757376;0.000306207;-10.6971;-2.95531e-05;7.19849e-05;-0.000670541;0;0;0;0;0;0;0;0;0;0;0;0;0;-0;-0;0;0;0;
7.51604;-0.00738958;0.000287552;-10.697;-3.11783e-05;6.87701e-05;-0.000656038;0;0;0;0;0;0;0;0;0;0;0;0;0;-0;-0;0;0;0;
7.51705;-0.00732822;0.000271901;-10.697;-3.33086e-05;6.68977e-05;-0.000650751;0;0;0;0;0;0;0;0;0;0;0;0;0;-0;-0;0;0;0;
7.518;-0.00726422;0.000251942;-10.6969;-3.42035e-05;6.59597e-05;-0.000642458;0;0;0;0;0;0;0;0;0;0;0;0;0;-0;-0;0;0;0;
7.51903;-0.00737941;0.000239688;-10.697;-3.40185e-05;6.77589e-05;-0.000646249;2.7025;-2.96785;13.5636;0.466387;0.995205;0.124835;0;0;0;0;0;0;-2.7025;2.96785;-13.5636;-7.59631;86.4891;20.4382;
7.52006;-0.00775879;0.000248876;-10.6971;-3.224e-05;7.34042e-05;-0.000669044;-11.4179;-11.3768;52.7102;1.25504;-0.402664;0.199498;0;0;0;0;0;0;11.4179;11.3768;-52.7102;-28.9474;342.579;67.6563;
7.52102;-0.00829688;0.000271785;-10.6972;-2.86476e-05;8.18111e-05;-0.000701551;-5.01416;-4.57533;11.7203;0.692314;-0.639224;0.0466461;0;0;0;0;0;0;5.01416;4.57533;-11.7203;-7.05491;76.9715;27.0296;
7.52204;-0.0090749;0.000312432;-10.6974;-2.30679e-05;9.41799e-05;-0.000749478;3.01293;1.03781;12.1831;-0.0864716;0.528658;-0.0311609;0;0;0;0;0;0;-3.01293;-1.03781;-12.1831;-5.94648;77.9931;-5.16571;
7.52301;-0.0100718;0.000371773;-10.6977;-1.66317e-05;0.000109784;-0.000814504;0;0;0;0;0;0;0;0;0;0;0;0;0;-0;-0;0;0;0;
7.52403;-0.0113884;0.000442048;-10.6981;-7.82465e-06;0.000130696;-0.000903559;1.50228;-0.658809;6.16022;0.234368;0.443006;-0.00977736;0;0;0;0;0;0;-1.50228;0.658809;-6.16022;-3.40351;39.2625;5.02897;
7.525;-0.012692;0.000499792;-10.6985;4.16003e-06;0.000153323;-0.000990496;0;0;0;0;0;0;0;0;0;0;0;0;0;-0;-0;0;0;0;
7.52603;-0.0140619;0.000546576;-10.699;2.02264e-05;0.000179348;-0.0010816;3.22884;7.12123;34.9294;-0.522621;-0.206534;-0.274074;0;0;0;0;0;0;-3.22884;-7.12123;-34.9294;-16.3584;225.874;-44.1733;
7.52705;-0.0153049;0.000576326;-10.6995;3.80051e-05;0.000205116;-0.00116529;4.0394;-4.07624;19.8676;0.78068;0.958766;0.0833136;0;0;0;0;0;0;-4.0394;4.07624;-19.8676;-11.1973;127.178;28.3244;
7.52802;-0.0160852;0.000594111;-10.6999;5.52246e-05;0.000224826;-0.00121664;4.20223;-4.29876;23.531;0.464218;-0.214237;0.043308;0;0;0;0;0;0;-4.20223;4.29876;-23.531;-12.7485;152.037;29.8861;
7.52905;-0.0164573;0.000624837;-10.7002;7.20512e-05;0.000239197;-0.00123947;0;0;0;0;0;0;0;0;0;0;0;0;0;-0;-0;0;0;0;
7.53002;-0.0164018;0.000662438;-10.7003;8.31318e-05;0.0002449;-0.00123487;2.07806;-0.99688;8.60307;0.324795;0.61933;-0.00668893;0;0;0;0;0;0;-2.07806;0.99688;-8.60307;-4.75837;54.8335;7.50321;
7.53106;-0.0158029;0.000698922;-10.7003;8.87208e-05;0.000240496;-0.00119343;0;0;0;0;0;0;0;0;0;0;0;0;0;-0;-0;0;0;0;
7.53203;-0.0147419;0.000740154;-10.7;8.82811e-05;0.000226825;-0.00111837;0.554896;2.46867;8.20949;-0.432145;0.162114;-0.0195396;0;0;0;0;0;0;-0.554896;-2.46867;-8.20949;-3.45572;52.897;-15.6731;
7.53306;-0.0132372;0.000772385;-10.6996;8.14688e-05;0.000204114;-0.00101198;0;0;0;0;0;0;0;0;0;0;0;0;0;-0;-0;0;0;0;
7.53403;-0.0116878;0.000775771;-10.6992;7.07002e-05;0.000178579;-0.000903156;5.19893;0.680656;20.3314;-1.19495;0.313689;0.295058;0;0;0;0;0;0;-5.19893;-0.680656;-20.3314;-8.97836;130.708;-2.07999;
7.53506;-0.00999043;0.000746578;-10.6986;5.72051e-05;0.000149785;-0.000783233;0;0;0;0;0;0;0;0;0;0;0;0;0;-0;-0;0;0;0;
7.53603;-0.00847463;0.000692533;-10.6981;4.33546e-05;0.000123406;-0.000676006;0.499813;-0.0729402;1.95694;-0.118195;0.0302068;0.0313135;0;0;0;0;0;0;-0.499813;0.0729402;-1.95694;-0.874891;12.581;0.692375;
7.537;-0.00723967;0.000621279;-10.6977;2.96669e-05;0.000100721;-0.000590896;0;0;0;0;0;0;0;0;0;0;0;0;0;-0;-0;0;0;0;
7.53803;-0.00616224;0.000532545;-10.6973;1.69523e-05;8.0624e-05;-0.000517084;2.7714;1.32995;11.8021;-0.554961;0.115316;0.0984854;0;0;0;0;0;0;-2.7714;-1.32995;-11.8021;-5.25677;75.9654;-7.30713;
7.53906;-0.00521363;0.000440517;-10.697;6.69848e-06;6.37305e-05;-0.000449734;3.46555;-1.82659;14.601;-0.00115697;0.746364;0.114572;0;0;0;0;0;0;-3.46555;1.82659;-14.601;-7.53693;93.3733;13.449;
7.54002;-0.00454007;0.000362481;-10.6967;-1.4094e-06;5.14424e-05;-0.000402283;6.46158;-2.17339;26.6876;0.226278;-0.744725;-0.0642066;0;0;0;0;0;0;-6.46158;2.17339;-26.6876;-13.8875;172.763;17.3807;
7.54105;-0.00404147;0.000295286;-10.6966;-7.91883e-06;4.20834e-05;-0.000367478;0;0;0;0;0;0;0;0;0;0;0;0;0;-0;-0;0;0;0;
7.54201;-0.0036164;0.000244648;-10.6964;-1.19684e-05;3.49694e-05;-0.000335163;0;0;0;0;0;0;0;0;0;0;0;0;0;-0;-0;0;0;0;
7.54304;-0.00324719;0.000206181;-10.6963;-1.53415e-05;2.90095e-05;-0.000305824;1.52058;-0.579411;6.15946;0.236937;0.44234;-0.0168821;0;0;0;0;0;0;-1.52058;0.579411;-6.15946;-3.39774;39.2564;4.53159;
7.54401;-0.00302291;0.000184762;-10.6962;-1.80247e-05;2.51168e-05;-0.000287887;0.0874648;-0.0161665;0.343712;0.0151433;-0.0259729;-0.00507516;0;0;0;0;0;0;-0.0874648;0.0161665;-0.343712;-0.189903;2.24099;0.15373;
7.54503;-0.00281624;0.000172248;-10.6962;-1.95829e-05;2.19951e-05;-0.000270026;0;0;0;0;0;0;0;0;0;0;0;0;0;-0;-0;0;0;0;
7.54606;-0.00258947;0.00016128;-10.6961;-2.04873e-05;1.90578e-05;-0.000249266;0;0;0;0;0;0;0;0;0;0;0;0;0;-0;-0;0;0;0;
7.54702;-0.0024301;0.000153602;-10.6961;-2.15052e-05;1.68738e-05;-0.000234598;3.88658;-1.33506;15.6543;0.270282;0.762516;0.0112455;0;0;0;0;0;0;-3.88658;1.33506;-15.6543;-8.28969;100.13;10.5842;
7.54805;-0.00229746;0.000148606;-10.6961;-2.24433e-05;1.50453e-05;-0.000222189;0;0;0;0;0;0;0;0;0;0;0;0;0;-0;-0;0;0;0;
7.54902;-0.00214592;0.000140373;-10.696;-2.29036e-05;1.32656e-05;-0.0002078;0.297487;-0.00882439;1.15794;0.0726658;-0.0707875;-0.0192081;0;0;0;0;0;0;-0.297487;0.00882439;-1.15794;-0.65684;7.53272;0.226155;
7.55005;-0.00199091;0.000128651;-10.696;-2.34537e-05;1.14571e-05;-0.000193165;-0.899959;-1.3685;4.90688;0.295111;-0.279166;-0.0237322;0;0;0;0;0;0;0.899959;1.3685;-4.90688;-2.90407;32.1165;8.42447;
7.55101;-0.0019056;0.000121511;-10.696;-2.44934e-05;1.01886e-05;-0.000185223;3.40697;-4.0007;18.1397;0.773874;0.495442;0.0474895;0;0;0;0;0;0;-3.40697;4.0007;-18.1397;-10.3125;116.526;27.5529;
7.55204;-0.00181551;0.00011311;-10.6959;-2.54401e-05;8.91797e-06;-0.000176848;0.880484;-0.0789756;3.43431;-0.206299;0.0529361;0.054108;0;0;0;0;0;0;-0.880484;0.0789756;-3.43431;-1.53159;22.0784;0.900386;
7.55301;-0.00170249;0.000100915;-10.6959;-2.57223e-05;7.68144e-06;-0.000166261;0.645196;-0.261618;2.6267;0.100569;0.188743;-0.00590397;0;0;0;0;0;0;-0.645196;0.261618;-2.6267;-1.44995;16.7411;2.02355;
7.55404;-0.00160163;9.02948e-05;-10.6959;-2.60791e-05;6.54819e-06;-0.00015683;-2.95249;-0.327351;27.73;0.428525;-0.718533;-0.0955243;0;0;0;0;0;0;2.95249;0.327351;-27.73;-14.4298;180.425;0.726193;
7.55501;-0.00152966;8.45909e-05;-10.6959;-2.67003e-05;5.59879e-06;-0.000150114;2.73589;-5.48373;20.1446;0.668549;0.182089;0.0802686;0;0;0;0;0;0;-2.73589;5.48373;-20.1446;-11.3658;129.878;36.7772;
7.55603;-0.00146296;7.9883e-05;-10.6959;-2.71996e-05;4.74734e-06;-0.000143855;0;0;0;0;0;0;0;0;0;0;0;0;0;-0;-0;0;0;0;
7.55706;-0.00140268;7.64986e-05;-10.6958;-2.74455e-05;4.05824e-06;-0.000138128;0;0;0;0;0;0;0;0;0;0;0;0;0;-0;-0;0;0;0;
7.55803;-0.00134581;7.61115e-05;-10.6958;-2.75524e-05;3.45096e-06;-0.000132629;1.31687;6.18946;17.4362;-0.860219;0.318711;-0.0627402;0;0;0;0;0;0;-1.31687;-6.18946;-17.4362;-7.30243;112.36;-39.3192;
7.55905;-0.00128996;7.74628e-05;-10.6958;-2.75917e-05;2.87425e-06;-0.000127166;-5.76754;-10.5175;29.658;1.02239;-0.368479;0.285731;0;0;0;0;0;0;5.76754;10.5175;-29.658;-17.0165;192.831;64.8564;
7.56002;-0.00123886;7.83779e-05;-10.6958;-2.73862e-05;2.43609e-06;-0.000122133;0.838017;-9.20981;28.207;1.29916;-0.177664;0.0273788;0;0;0;0;0;0;-0.838017;9.20981;-28.207;-16.4313;182.591;59.9814;
7.56104;-0.00118347;7.92286e-05;-10.6958;-2.69064e-05;2.05692e-06;-0.000116637;0;0;0;0;0;0;0;0;0;0;0;0;0;-0;-0;0;0;0;
7.56201;-0.00114781;8.15502e-05;-10.6958;-2.67025e-05;1.77466e-06;-0.000113051;-6.30943;-6.44255;35.6975;0.43928;-0.909465;0.148248;0;0;0;0;0;0;6.30943;6.44255;-35.6975;-19.0672;232.502;38.3562;
7.56304;-0.00111954;8.37863e-05;-10.6958;-2.66088e-05;1.52797e-06;-0.000110196;3.63258;0.21526;41.7839;-0.537926;-0.0645803;0.0877829;0;0;0;0;0;0;-3.63258;-0.21526;-41.7839;-20.4884;270.038;0.349352;
7.564;-0.00108891;8.33401e-05;-10.6958;-2.63472e-05;1.31854e-06;-0.000107171;1.07012;8.55606;23.6258;-1.01135;0.303284;-0.161858;0;0;0;0;0;0;-1.07012;-8.55606;-23.6258;-10.0319;152.446;-54.656;
7.56503;-0.00106331;8.33358e-05;-10.6958;-2.63287e-05;1.07919e-06;-0.000104646;2.60733;-1.76522;11.3871;0.415329;0.824425;0.0327034;0;0;0;0;0;0;-2.60733;1.76522;-11.3871;-6.32836;72.5877;12.7015;
7.566;-0.00105885;8.47156e-05;-10.6958;-2.68843e-05;8.48784e-07;-0.000104208;0.937817;-0.370792;3.80996;0.2358;-0.232516;-0.0806709;0;0;0;0;0;0;-0.937817;0.370792;-3.80996;-2.19217;24.7886;2.95207;
7.56703;-0.00106909;8.49264e-05;-10.6958;-2.76607e-05;6.88052e-07;-0.000105263;0;0;0;0;0;0;0;0;0;0;0;0;0;-0;-0;0;0;0;
7.56805;-0.00108452;8.46034e-05;-10.6958;-2.8575e-05;5.33739e-07;-0.000106854;0;0;0;0;0;0;0;0;0;0;0;0;0;-0;-0;0;0;0;
7.56902;-0.00109912;8.58995e-05;-10.6958;-2.98376e-05;2.49569e-07;-0.000108355;0.600193;0.743322;3.25659;-0.159661;0.0407989;0.0138338;0;0;0;0;0;0;-0.600193;-0.743322;-3.25659;-1.40627;20.9689;-4.52072;
7.57005;-0.00112553;8.94883e-05;-10.6957;-3.16648e-05;-1.21825e-07;-0.000110993;0;0;0;0;0;0;0;0;0;0;0;0;0;-0;-0;0;0;0;
7.57102;-0.00116266;9.4889e-05;-10.6957;-3.36189e-05;-4.29168e-07;-0.000114632;0.479061;-0.187663;1.94476;0.0849974;-0.146842;-0.0351076;0;0;0;0;0;0;-0.479061;0.187663;-1.94476;-1.08345;12.6812;1.49059;
7.57204;-0.00119441;0.000101516;-10.6957;-3.58158e-05;-8.80066e-07;-0.000117729;0;0;0;0;0;0;0;0;0;0;0;0;0;-0;-0;0;0;0;
7.573;-0.0012268;0.000109758;-10.6957;-3.79772e-05;-1.32483e-06;-0.000120857;1.30769;-0.854789;5.6719;0.207675;0.410352;0.0139618;0;0;0;0;0;0;-1.30769;0.854789;-5.6719;-3.1505;36.1552;6.17517;
7.57402;-0.00128614;0.000122189;-10.6957;-4.05606e-05;-1.66815e-06;-0.000126559;0.0870292;-1.1544;4.85463;0.293891;-0.285608;-0.0731841;0;0;0;0;0;0;-0.0870292;1.1544;-4.85463;-2.85506;31.6859;7.58587;
7.57505;-0.00135981;0.000138067;-10.6957;-4.33703e-05;-1.9703e-06;-0.000133612;0;0;0;0;0;0;0;0;0;0;0;0;0;-0;-0;0;0;0;
7.57601;-0.00141002;0.000153474;-10.6957;-4.56025e-05;-2.32615e-06;-0.000138363;0.304572;-0.0711759;1.20379;0.0529332;-0.0909516;-0.0187703;0;0;0;0;0;0;-0.304572;0.0711759;-1.20379;-0.666458;7.84883;0.632694;
7.57704;-0.00142914;0.000170141;-10.6957;-4.67734e-05;-2.6364e-06;-0.000139964;10.3588;2.29962;42.0298;-1.48139;0.0574863;0.266403;0;0;0;0;0;0;-10.3588;-2.29962;-42.0298;-19.4598;270.833;-9.92662;
7.57801;-0.00144762;0.000192548;-10.6956;-4.74207e-05;-2.77064e-06;-0.000141285;2.01628;6.85033;20.1852;-1.04462;0.383657;-0.0258575;0;0;0;0;0;0;-2.01628;-6.85033;-20.1852;-8.43652;130.01;-43.2795;
7.57904;-0.0014881;0.000228162;-10.6956;-4.84663e-05;-2.83751e-06;-0.00014441;0.0126268;-0.0889033;0.237427;0.00695511;0.0185555;0.00657815;0;0;0;0;0;0;-0.0126268;0.0889033;-0.237427;-0.135468;1.51631;0.574979;
7.58001;-0.0015348;0.000266994;-10.6956;-4.96272e-05;-2.88105e-06;-0.000148055;0;0;0;0;0;0;0;0;0;0;0;0;0;-0;-0;0;0;0;
7.58104;-0.00154977;0.000298627;-10.6956;-4.9719e-05;-2.8682e-06;-0.00014873;2.32221;5.51557;18.0501;-0.903599;0.292696;0.00595745;0;0;0;0;0;0;-2.32221;-5.51557;-18.0501;-7.63587;116.257;-34.5214;
7.58206;-0.00152232;0.000318579;-10.6956;-4.82921e-05;-2.74966e-06;-0.000145493;0.0368484;-0.00796706;0.145319;0.00577671;0.0104042;-0.000894385;0;0;0;0;0;0;-0.0368484;0.00796706;-0.145319;-0.0797775;0.926103;0.0710023;
7.58301;-0.00148257;0.000336445;-10.6957;-4.64186e-05;-2.5869e-06;-0.000141057;0;0;0;0;0;0;0;0;0;0;0;0;0;-0;-0;0;0;0;
7.58403;-0.00144067;0.000358207;-10.6957;-4.45617e-05;-2.43249e-06;-0.000136246;5.20223;-1.45878;20.7028;-0.570727;-0.280664;0.118938;0;0;0;0;0;0;-5.20223;1.45878;-20.7028;-10.0042;133.704;11.9398;
7.58505;-0.00139551;0.000377889;-10.6957;-4.29819e-05;-2.36156e-06;-0.000131108;0;0;0;0;0;0;0;0;0;0;0;0;0;-0;-0;0;0;0;
7.58602;-0.00134316;0.000390534;-10.6957;-4.14488e-05;-2.34439e-06;-0.000125423;0;0;0;0;0;0;0;0;0;0;0;0;0;-0;-0;0;0;0;
7.58704;-0.00126632;0.000393785;-10.6957;-3.90909e-05;-2.26693e-06;-0.000117535;0.656731;-0.252794;2.68134;0.166028;-0.163611;-0.0560899;0;0;0;0;0;0;-0.656731;0.252794;-2.68134;-1.54205;17.4458;2.02246;
7.58805;-0.00116278;0.000385403;-10.6957;-3.56197e-05;-2.05849e-06;-0.000107286;0;0;0;0;0;0;0;0;0;0;0;0;0;-0;-0;0;0;0;
7.58906;-0.00103559;0.000366526;-10.6957;-3.13997e-05;-1.79062e-06;-9.49269e-05;0.234968;-0.0466662;1.00438;0.0626537;-0.0611798;-0.0175;0;0;0;0;0;0;-0.234968;0.0466662;-1.00438;-0.573272;6.53586;0.437787;
7.59001;-0.000911449;0.000342256;-10.6957;-2.75597e-05;-1.59603e-06;-8.30095e-05;0;0;0;0;0;0;0;0;0;0;0;0;0;-0;-0;0;0;0;
7.59104;-0.000790171;0.000312149;-10.6957;-2.40404e-05;-1.46138e-06;-7.1536e-05;0;0;0;0;0;0;0;0;0;0;0;0;0;-0;-0;0;0;0;
7.592;-0.000697326;0.000284625;-10.6957;-2.14311e-05;-1.37592e-06;-6.28747e-05;0.695283;-0.237227;2.79494;0.122387;-0.211089;-0.0483622;0;0;0;0;0;0;-0.695283;0.237227;-2.79494;-1.55408;18.2244;1.93343;
7.59303;-0.000617067;0.000257848;-10.6958;-1.91623e-05;-1.28968e-06;-5.54687e-05;0;0;0;0;0;0;0;0;0;0;0;0;0;-0;-0;0;0;0;
7.59405;-0.000544132;0.000231054;-10.6958;-1.70078e-05;-1.17756e-06;-4.88076e-05;2.39036;-1.14783;9.89712;0.610762;-0.603583;-0.217513;0;0;0;0;0;0;-2.39036;1.14783;-9.89712;-5.71135;64.3973;8.84794;
7.595;-0.000476969;0.000202956;-10.6958;-1.48823e-05;-1.02336e-06;-4.27678e-05;0;0;0;0;0;0;0;0;0;0;0;0;0;-0;-0;0;0;0;
7.59602;-0.000409464;0.000170713;-10.6958;-1.26682e-05;-8.34882e-07;-3.68065e-05;0.162876;2.02675;18.3206;-0.0388041;-0.517772;-0.134192;0;0;0;0;0;0;-0.162876;-2.02675;-18.3206;-8.98673;119.034;-12.8967;
7.59704;-0.000345596;0.000137344;-10.6958;-1.06261e-05;-6.68171e-07;-3.12487e-05;0;0;0;0;0;0;0;0;0;0;0;0;0;-0;-0;0;0;0;
7.59806;-0.000287615;0.000107285;-10.6958;-8.86499e-06;-5.49602e-07;-2.62035e-05;0;0;0;0;0;0;0;0;0;0;0;0;0;-0;-0;0;0;0;
7.59902;-0.000242699;8.54647e-05;-10.6958;-7.53161e-06;-4.72577e-07;-2.22588e-05;0.212806;4.01361;10.7186;-0.439538;0.129005;-0.092684;0;0;0;0;0;0;-0.212806;-4.01361;-10.7186;-4.55741;69.1982;-25.7678;
7.60003;-0.000209328;6.91507e-05;-10.6958;-6.53405e-06;-4.12459e-07;-1.93299e-05;0.802902;-4.98673;15.4306;0.553814;0.134903;0.0869722;0;0;0;0;0;0;-0.802902;4.98673;-15.4306;-8.82666;99.6188;32.5811;
7.60102;-0.000196058;5.98938e-05;-10.6958;-6.11243e-06;-3.72818e-07;-1.82373e-05;1.08863;8.7905;23.2242;-1.18104;0.46965;-0.122405;0;0;0;0;0;0;-1.08863;-8.7905;-23.2242;-9.6365;149.68;-56.2029;
7.60203;-0.000199218;5.53333e-05;-10.6958;-6.17112e-06;-3.50907e-07;-1.86764e-05;0;0;0;0;0;0;0;0;0;0;0;0;0;-0;-0;0;0;0;
7.60303;-0.000209749;5.27129e-05;-10.6958;-6.47364e-06;-3.46987e-07;-1.98108e-05;0;0;0;0;0;0;0;0;0;0;0;0;0;-0;-0;0;0;0;
7.60403;-0.00021947;5.1324e-05;-10.6958;-6.795e-06;-3.60957e-07;-2.08335e-05;0.565441;-0.15168;2.24565;0.0986113;-0.16965;-0.0362885;0;0;0;0;0;0;-0.565441;0.15168;-2.24565;-1.24503;14.6421;1.30247;
7.60504;-0.000224612;5.1647e-05;-10.6958;-6.99893e-06;-3.82127e-07;-2.13472e-05;0.282126;0.159213;1.19339;-0.0674022;0.0189406;0.0134075;0;0;0;0;0;0;-0.282126;-0.159213;-1.19339;-0.517787;7.67388;-0.901383;
7.60603;-0.000226902;5.24526e-05;-10.6958;-7.11237e-06;-4.00131e-07;-2.1558e-05;-0.870378;-1.15375;5.42186;0.232484;-0.393699;-0.0464569;0;0;0;0;0;0;0.870378;1.15375;-5.42186;-3.07933;35.5598;7.07268;
7.60704;-0.000232265;5.34792e-05;-10.6958;-7.31367e-06;-4.19148e-07;-2.20728e-05;2.81584;19.9976;78.6676;-2.57432;0.535171;-0.284575;0;0;0;0;0;0;-2.81584;-19.9976;-78.6676;-35.0484;508.154;-127.679;
7.60805;-0.000246377;5.66043e-05;-10.6958;-7.78582e-06;-4.52243e-07;-2.34158e-05;-13.4627;-1.58461;47.5366;0.242936;-0.792591;-0.0137382;0;0;0;0;0;0;13.4627;1.58461;-47.5366;-24.3476;309.699;3.48441;
7.60901;-0.000268889;6.31271e-05;-10.6958;-8.52089e-06;-5.02886e-07;-2.55163e-05;-4.85004;-4.30349;11.145;0.65878;-0.607059;0.0522779;0;0;0;0;0;0;4.85004;4.30349;-11.145;-6.70433;73.2002;25.3477;
7.61003;-0.000294221;7.26806e-05;-10.6958;-9.34821e-06;-5.64791e-07;-2.78187e-05;4.66246;-8.1155;29.9787;1.22684;0.940072;0.17357;0;0;0;0;0;0;-4.66246;8.1155;-29.9787;-17.1417;192.551;54.6815;
7.61104;-0.000311;8.22664e-05;-10.6958;-9.88368e-06;-6.08839e-07;-2.92541e-05;4.57223;6.51425;26.2058;-0.754254;0.678707;-0.0738539;0;0;0;0;0;0;-4.57223;-6.51425;-26.2058;-11.7934;168.412;-39.7695;
7.612;-0.000315416;8.99005e-05;-10.6958;-1.00139e-05;-6.27878e-07;-2.9491e-05;0;0;0;0;0;0;0;0;0;0;0;0;0;-0;-0;0;0;0;
7.61303;-0.000312784;9.70947e-05;-10.6958;-9.90723e-06;-6.32372e-07;-2.90267e-05;0.297346;-0.123857;1.2134;-0.0750917;0.019019;0.0203427;0;0;0;0;0;0;-0.297346;0.123857;-1.2134;-0.548559;7.80177;0.930784;
7.61405;-0.000307663;0.000103771;-10.6958;-9.72534e-06;-6.33166e-07;-2.83239e-05;0;0;0;0;0;0;0;0;0;0;0;0;0;-0;-0;0;0;0;
7.61502;-0.0003049;0.000110418;-10.6958;-9.6151e-06;-6.36392e-07;-2.78608e-05;0;0;0;0;0;0;0;0;0;0;0;0;0;-0;-0;0;0;0;
7.61604;-0.000305947;0.000119071;-10.6958;-9.60975e-06;-6.44392e-07;-2.77302e-05;0;0;0;0;0;0;0;0;0;0;0;0;0;-0;-0;0;0;0;
7.61701;-0.000302369;0.000125785;-10.6958;-9.45961e-06;-6.42142e-07;-2.71868e-05;0;0;0;0;0;0;0;0;0;0;0;0;0;-0;-0;0;0;0;
7.61804;-0.000283794;0.00012606;-10.6958;-8.83876e-06;-6.06315e-07;-2.53059e-05;0;0;0;0;0;0;0;0;0;0;0;0;0;-0;-0;0;0;0;
7.61901;-0.000252584;0.00011853;-10.6958;-7.83264e-06;-5.40927e-07;-2.23629e-05;0;0;0;0;0;0;0;0;0;0;0;0;0;-0;-0;0;0;0;
7.62004;-0.000214786;0.000106477;-10.6958;-6.62331e-06;-4.58197e-07;-1.88818e-05;0;0;0;0;0;0;0;0;0;0;0;0;0;-0;-0;0;0;0;
7.62101;-0.000182207;9.47772e-05;-10.6958;-5.58246e-06;-3.83115e-07;-1.593e-05;-7.21961;-4.16951;15.2596;0.577005;-1.00036;-0.0464456;0;0;0;0;0;0;7.21961;4.16951;-15.2596;-8.68181;100.452;23.3859;
7.62205;-0.000153343;8.26859e-05;-10.6958;-4.65837e-06;-3.09825e-07;-1.33847e-05;0;0;0;0;0;0;0;0;0;0;0;0;0;-0;-0;0;0;0;
7.62302;-0.000130421;7.1084e-05;-10.6958;-3.92954e-06;-2.47003e-07;-1.14356e-05;0;0;0;0;0;0;0;0;0;0;0;0;0;-0;-0;0;0;0;
7.62405;-0.000110166;5.89275e-05;-10.6958;-3.29102e-06;-1.86565e-07;-9.7882e-06;0.544482;-0.1251;2.15092;-0.130942;0.0333145;0.0350841;0;0;0;0;0;0;-0.544482;0.1251;-2.15092;-0.965092;13.8283;1.04857;
7.62501;-9.62225e-05;4.82756e-05;-10.6958;-2.84203e-06;-1.31235e-07;-8.77048e-06;0;0;0;0;0;0;0;0;0;0;0;0;0;-0;-0;0;0;0;
7.62604;-8.78638e-05;3.80116e-05;-10.6958;-2.55451e-06;-7.25113e-08;-8.37296e-06;0.102125;0.0632985;0.438651;0.020295;0.0317034;-0.00929987;0;0;0;0;0;0;-0.102125;-0.0632985;-0.438651;-0.234913;2.79609;-0.348791;
7.627;-8.58581e-05;2.92531e-05;-10.6958;-2.46202e-06;-1.86162e-08;-8.62254e-06;3.15511;3.60946;16.091;-0.875238;0.270295;0.110985;0;0;0;0;0;0;-3.15511;-3.60946;-16.091;-6.86847;103.52;-21.8745;
7.62803;-9.07423e-05;2.16194e-05;-10.6958;-2.57715e-06;3.5846e-08;-9.61833e-06;0;0;0;0;0;0;0;0;0;0;0;0;0;-0;-0;0;0;0;
7.629;-0.000104665;1.71819e-05;-10.6958;-2.95382e-06;8.86424e-08;-1.15284e-05;0;0;0;0;0;0;0;0;0;0;0;0;0;-0;-0;0;0;0;
7.63003;-0.000133522;1.70676e-05;-10.6958;-3.75541e-06;1.49029e-07;-1.50269e-05;-4.26551;-13.6273;36.2198;1.71686;-0.166704;0.267241;0;0;0;0;0;0;4.26551;13.6273;-36.2198;-21.3282;234.932;85.7509;
7.631;-0.000174209;2.18986e-05;-10.6958;-4.90719e-06;2.07791e-07;-1.9731e-05;-1.92831;-2.40418;5.62336;0.330156;-0.311299;-0.0198772;0;0;0;0;0;0;1.92831;2.40418;-5.62336;-3.40387;36.8871;14.6033;
7.63204;-0.000229978;3.19457e-05;-10.6958;-6.50517e-06;2.72905e-07;-2.6049e-05;0.732412;-0.166949;2.89264;0.114714;0.207137;-0.0170904;0;0;0;0;0;0;-0.732412;0.166949;-2.89264;-1.58858;18.4345;1.46618;
7.63301;-0.000294933;4.60074e-05;-10.6958;-8.3823e-06;3.40301e-07;-3.33373e-05;0.793577;7.97841;38.327;-1.00203;0.147373;-0.139955;0;0;0;0;0;0;-0.793577;-7.97841;-38.327;-17.5047;247.744;-51.0797;
7.63404;-0.000374903;6.64982e-05;-10.6958;-1.07318e-05;4.08623e-07;-4.22177e-05;0.226722;4.81208;47.7865;-0.724269;-0.30246;-0.0770006;0;0;0;0;0;0;-0.226722;-4.81208;-47.7865;-22.865;309.453;-30.9424;
7.63501;-0.000459167;9.18962e-05;-10.6958;-1.32578e-05;4.61789e-07;-5.1459e-05;0;0;0;0;0;0;0;0;0;0;0;0;0;-0;-0;0;0;0;
7.63604;-0.00055673;0.00012566;-10.6958;-1.62504e-05;5.00433e-07;-6.20401e-05;0.134438;-0.0354414;0.533557;0.033181;-0.0325921;-0.0105254;0;0;0;0;0;0;-0.134438;0.0354414;-0.533557;-0.305506;3.47117;0.307549;
7.63701;-0.000650301;0.000162559;-10.6958;-1.9198e-05;5.17652e-07;-7.20872e-05;0.465742;-0.200201;1.90612;0.0831932;-0.1439;-0.0354413;0;0;0;0;0;0;-0.465742;0.200201;-1.90612;-1.06345;12.4296;1.56533;
7.63804;-0.000744426;0.000205073;-10.6958;-2.22782e-05;5.06293e-07;-8.20777e-05;0;0;0;0;0;0;0;0;0;0;0;0;0;-0;-0;0;0;0;
7.639;-0.000823151;0.000246088;-10.6958;-2.49992e-05;4.60189e-07;-9.03072e-05;5.2119;6.49866;27.5621;-0.915361;0.783827;-0.0120883;0;0;0;0;0;0;-5.2119;-6.49866;-27.5621;-12.3171;177.017;-39.4081;
7.64003;-0.000891715;0.000287979;-10.6958;-2.75708e-05;3.68441e-07;-9.73201e-05;5.5343;12.3659;40.8078;-2.11532;0.715739;0.0556342;0;0;0;0;0;0;-5.5343;-12.3659;-40.8078;-17.2013;262.751;-77.2739;
7.64105;-0.000941429;0.000324616;-10.6957;-2.97085e-05;2.3556e-07;-0.000102243;0;0;0;0;0;0;0;0;0;0;0;0;0;-0;-0;0;0;0;
7.64202;-0.000976369;0.000353737;-10.6957;-3.1452e-05;8.60437e-08;-0.000105609;0;0;0;0;0;0;0;0;0;0;0;0;0;-0;-0;0;0;0;
7.64305;-0.00100492;0.000377756;-10.6957;-3.30787e-05;-7.38951e-08;-0.000108339;0;0;0;0;0;0;0;0;0;0;0;0;0;-0;-0;0;0;0;
7.64402;-0.00102497;0.000392422;-10.6957;-3.43843e-05;-2.11724e-07;-0.000110287;-9.49499;5.02508;40.2875;-0.556802;-0.466574;-0.0930785;0;0;0;0;0;0;9.49499;-5.02508;-40.2875;-19.2337;262.074;-37.2016;
7.64504;-0.00104054;0.000399958;-10.6957;-3.5586e-05;-3.50685e-07;-0.000111857;2.08466;-0.00124261;47.6045;-0.494254;-0.687514;0.127348;0;0;0;0;0;0;-2.08466;0.00124261;-47.6045;-23.486;308.475;0.930809;
7.64601;-0.00105276;0.000402125;-10.6957;-3.66608e-05;-4.82814e-07;-0.000113162;-0.867198;-1.67797;10.0954;0.436224;-0.738421;-0.0852618;0;0;0;0;0;0;0.867198;1.67797;-10.0954;-5.68987;66.1415;10.5047;
7.64704;-0.00105733;0.000398074;-10.6957;-3.76077e-05;-6.38637e-07;-0.000113736;0.982294;-2.05918;6.90802;0.219623;0.519754;0.123702;0;0;0;0;0;0;-0.982294;2.05918;-6.90802;-3.90588;44.0759;13.6938;
7.64801;-0.00106645;0.000392857;-10.6957;-3.86588e-05;-7.83348e-07;-0.000114887;0;0;0;0;0;0;0;0;0;0;0;0;0;-0;-0;0;0;0;
7.64903;-0.00109004;0.000388804;-10.6957;-4.02535e-05;-9.38601e-07;-0.000117693;-4.26527;-9.86483;25.7238;1.28989;-0.429931;0.120481;0;0;0;0;0;0;4.26527;9.86483;-25.7238;-15.2369;167.288;61.5553;
7.65006;-0.00114033;0.000390878;-10.6957;-4.27054e-05;-1.08363e-06;-0.00012344;0;0;0;0;0;0;0;0;0;0;0;0;0;-0;-0;0;0;0;
7.65103;-0.00121389;0.000398858;-10.6957;-4.58555e-05;-1.21034e-06;-0.000131741;0.71623;3.42869;9.54543;-0.48965;0.186873;-0.030384;0;0;0;0;0;0;-0.71623;-3.42869;-9.54543;-3.97499;61.4992;-21.7921;
7.65205;-0.00131273;0.000410988;-10.6956;-4.99348e-05;-1.34757e-06;-0.000142894;1.78375;-0.363911;11.6318;0.509954;-0.391159;-0.136395;0;0;0;0;0;0;-1.78375;0.363911;-11.6318;-6.40582;75.469;3.38939;
7.65301;-0.00142384;0.000426276;-10.6956;-5.44923e-05;-1.50106e-06;-0.000155433;0;0;0;0;0;0;0;0;0;0;0;0;0;-0;-0;0;0;0;
7.65403;-0.00156153;0.000449117;-10.6956;-6.00916e-05;-1.69029e-06;-0.0001709;0;0;0;0;0;0;0;0;0;0;0;0;0;-0;-0;0;0;0;
7.655;-0.00171245;0.000480594;-10.6956;-6.62219e-05;-1.90952e-06;-0.000187697;0;0;0;0;0;0;0;0;0;0;0;0;0;-0;-0;0;0;0;
7.65603;-0.00190097;0.00052889;-10.6955;-7.38466e-05;-2.19512e-06;-0.000208469;0;0;0;0;0;0;0;0;0;0;0;0;0;-0;-0;0;0;0;
7.65705;-0.00212057;0.000594849;-10.6955;-8.27048e-05;-2.53234e-06;-0.000232454;0;0;0;0;0;0;0;0;0;0;0;0;0;-0;-0;0;0;0;
7.65801;-0.0023521;0.000673257;-10.6955;-9.19254e-05;-2.86909e-06;-0.000257553;-0.68819;0.534857;6.9092;0.00794514;-0.212106;-0.0340706;0;0;0;0;0;0;0.68819;-0.534857;-6.9092;-3.43474;44.9828;-3.77306;
7.65903;-0.00259969;0.000769235;-10.6954;-0.000101671;-3.21804e-06;-0.000284112;3.11206;-1.94813;13.3906;0.492579;0.967968;0.0263466;0;0;0;0;0;0;-3.11206;1.94813;-13.3906;-7.43322;85.3556;14.1455;
7.66004;-0.00282745;0.000874313;-10.6954;-0.000110536;-3.54123e-06;-0.000308157;0;0;0;0;0;0;0;0;0;0;0;0;0;-0;-0;0;0;0;
7.66106;-0.00301792;0.000982404;-10.6954;-0.000117884;-3.83395e-06;-0.000327811;1.0284;-0.308253;4.1044;0.254903;-0.250664;-0.082694;0;0;0;0;0;0;-1.0284;0.308253;-4.1044;-2.35334;26.7026;2.59509;
7.66202;-0.00314685;0.00107907;-10.6953;-0.000122883;-4.07071e-06;-0.000340592;-4.41273;-2.27683;9.12585;0.388925;-0.641697;0.0279628;0;0;0;0;0;0;4.41273;2.27683;-9.12585;-5.21421;60.1272;12.48;
7.66305;-0.00322693;0.00117203;-10.6953;-0.000125854;-4.23375e-06;-0.000347799;6.43111;4.72961;49.5398;-1.12068;0.401;0.102492;0;0;0;0;0;0;-6.43111;-4.72961;-49.5398;-23.3602;319.471;-27.4629;
7.66402;-0.00323831;0.00124329;-10.6953;-0.000126036;-4.28787e-06;-0.000347519;0;0;0;0;0;0;0;0;0;0;0;0;0;-0;-0;0;0;0;
7.66505;-0.00317443;0.00129359;-10.6953;-0.000123222;-4.23892e-06;-0.000338981;-1.80521;-2.66121;10.874;0.657565;-0.620482;-0.0426883;0;0;0;0;0;0;1.80521;2.66121;-10.874;-6.40198;71.1548;16.351;
7.66601;-0.00305169;0.00131233;-10.6953;-0.000118168;-4.11143e-06;-0.000324327;6.16277;11.0474;39.3094;-2.08696;0.695783;0.131645;0;0;0;0;0;0;-6.16277;-11.0474;-39.3094;-16.6071;253.013;-68.5027;
7.66704;-0.00286736;0.00129774;-10.6954;-0.000110677;-3.87591e-06;-0.000303286;1.7406;-0.57463;6.99052;0.341318;-0.500238;-0.126957;0;0;0;0;0;0;-1.7406;0.57463;-6.99052;-3.92031;45.5535;4.72155;
7.66806;-0.00263643;0.00124356;-10.6954;-0.000101356;-3.55081e-06;-0.000277737;0.694531;-0.232189;2.78843;-0.171359;0.0434495;0.0462994;0;0;0;0;0;0;-0.694531;0.232189;-2.78843;-1.25656;17.9277;1.8058;
7.66901;-0.00240265;0.0011639;-10.6954;-9.18902e-05;-3.17946e-06;-0.000252438;-14.6383;-1.53744;44.1969;0.176744;-0.676515;0.0410587;0;0;0;0;0;0;14.6383;1.53744;-44.1969;-22.5945;288.093;2.53214;
7.67003;-0.00216422;0.00106287;-10.6955;-8.22322e-05;-2.77126e-06;-0.000227079;2.34306;-12.6202;59.787;1.26583;0.260306;0.24887;0;0;0;0;0;0;-2.34306;12.6202;-59.787;-32.648;386.32;82.5825;
7.67104;-0.0019649;0.000963202;-10.6955;-7.40896e-05;-2.39137e-06;-0.000206223;0;0;0;0;0;0;0;0;0;0;0;0;0;-0;-0;0;0;0;
7.67205;-0.00180891;0.000867526;-10.6956;-6.75627e-05;-2.03671e-06;-0.000190302;0;0;0;0;0;0;0;0;0;0;0;0;0;-0;-0;0;0;0;
7.67301;-0.00170497;0.000782475;-10.6956;-6.30204e-05;-1.72646e-06;-0.000180178;0.156331;-0.165045;0.773103;0.0267185;0.05665;0.00669106;0;0;0;0;0;0;-0.156331;0.165045;-0.773103;-0.432706;4.92956;1.13988;
7.67403;-0.00165782;0.000708799;-10.6956;-6.04671e-05;-1.43058e-06;-0.000176391;0;0;0;0;0;0;0;0;0;0;0;0;0;-0;-0;0;0;0;
7.67505;-0.00167372;0.000654522;-10.6956;-6.04019e-05;-1.2204e-06;-0.000179484;5.39199;-4.68096;25.0156;0.886127;1.82211;0.149957;0;0;0;0;0;0;-5.39199;4.68096;-25.0156;-13.9567;159.485;32.8515;
7.67602;-0.00175951;0.000624401;-10.6956;-6.29601e-05;-1.07556e-06;-0.000190144;0;0;0;0;0;0;0;0;0;0;0;0;0;-0;-0;0;0;0;
7.67705;-0.00193842;0.000615438;-10.6956;-6.89152e-05;-9.83702e-07;-0.000211127;1.82235;-0.172294;7.10987;-0.427292;0.109596;0.112176;0;0;0;0;0;0;-1.82235;0.172294;-7.10987;-3.17149;45.7077;1.92053;
7.67801;-0.00219182;0.000632248;-10.6956;-7.77808e-05;-9.81529e-07;-0.000240163;-0.0933825;-1.49232;3.58776;0.100226;0.289689;0.123105;0;0;0;0;0;0;0.0933825;1.49232;-3.58776;-2.05712;22.932;9.48499;
7.67904;-0.00254305;0.000677658;-10.6955;-9.06202e-05;-1.13083e-06;-0.000279902;0.53535;-0.20492;2.16932;0.0834202;0.155795;-0.00586984;0;0;0;0;0;0;-0.53535;0.20492;-2.16932;-1.19673;13.8257;1.60135;
7.68001;-0.00294226;0.000746808;-10.6955;-0.000105834;-1.46309e-06;-0.000324654;0;0;0;0;0;0;0;0;0;0;0;0;0;-0;-0;0;0;0;
7.68104;-0.00344096;0.000853347;-10.6954;-0.000125537;-2.05093e-06;-0.000380064;0;0;0;0;0;0;0;0;0;0;0;0;0;-0;-0;0;0;0;
7.682;-0.0039514;0.000980956;-10.6953;-0.000146509;-2.84442e-06;-0.000436314;2.44667;0.961312;9.93471;-0.569467;0.155441;0.125204;0;0;0;0;0;0;-2.44667;-0.961312;-9.93471;-4.33865;63.8756;-5.1123;
7.68303;-0.00449052;0.00113888;-10.6952;-0.000169935;-3.98484e-06;-0.000495144;0.708146;-0.766302;3.59195;0.129123;0.135257;0.01629;0;0;0;0;0;0;-0.708146;0.766302;-3.59195;-2.01535;23.0332;5.29831;
7.68405;-0.00499083;0.00131361;-10.6951;-0.00019312;-5.39869e-06;-0.000549049;5.00904;10.9426;48.0571;-1.25107;0.860092;-0.219606;0;0;0;0;0;0;-5.00904;-10.9426;-48.0571;-21.8601;309.561;-68.0543;
7.68502;-0.00540325;0.00148585;-10.695;-0.000213542;-6.87339e-06;-0.000592772;-11.4109;-11.8599;38.9362;1.21002;-1.05439;0.268556;0;0;0;0;0;0;11.4109;11.8599;-38.9362;-22.0126;254.11;70.7156;
7.68604;-0.00574945;0.00166428;-10.6949;-0.00023228;-8.49172e-06;-0.000628628;0;0;0;0;0;0;0;0;0;0;0;0;0;-0;-0;0;0;0;
7.68701;-0.00595812;0.00181746;-10.6948;-0.00024566;-9.97392e-06;-0.000649107;0;0;0;0;0;0;0;0;0;0;0;0;0;-0;-0;0;0;0;
7.68803;-0.00605246;0.0019614;-10.6947;-0.000254551;-1.1346e-05;-0.000656534;-3.30909;5.01263;54.7694;-0.704425;0.159176;-0.0745043;0;0;0;0;0;0;3.30909;-5.01263;-54.7694;-26.3825;354.524;-34.0235;
7.689;-0.00602226;0.00207001;-10.6947;-0.000257439;-1.2328e-05;-0.000650365;0.088346;2.04323;9.28898;-0.333677;0.0859083;-0.0640721;0;0;0;0;0;0;-0.088346;-2.04323;-9.28898;-4.1407;60.0037;-13.1108;
7.69003;-0.00587792;0.00214798;-10.6947;-0.000254978;-1.29885e-05;-0.000631695;1.06357;-0.489341;4.38276;0.166073;0.315343;-0.00509261;0;0;0;0;0;0;-1.06357;0.489341;-4.38276;-2.42289;27.9339;3.70682;
7.69106;-0.00564557;0.00218654;-10.6947;-0.00024752;-1.31954e-05;-0.000603788;-2.84675;2.50861;16.0799;-0.178137;-0.274996;-0.0735505;0;0;0;0;0;0;2.84675;-2.50861;-16.0799;-7.67045;104.596;-17.5909;
7.69202;-0.00534808;0.00217886;-10.6947;-0.00023599;-1.29646e-05;-0.000569455;0.985402;-0.0891964;4.05307;0.243327;-0.198251;-0.0495319;0;0;0;0;0;0;-0.985402;0.0891964;-4.05307;-2.29396;26.3223;1.12301;
7.69305;-0.0049852;0.00213304;-10.6948;-0.000220442;-1.233e-05;-0.000528484;-0.369808;-3.59954;11.517;0.614654;-0.339005;-0.0491643;0;0;0;0;0;0;0.369808;3.59954;-11.517;-6.77706;74.8895;23.1514;
7.69401;-0.0046256;0.00206432;-10.6948;-0.000204159;-1.14834e-05;-0.000488458;2.16684;-0.917589;8.8557;0.547549;-0.540327;-0.189962;0;0;0;0;0;0;-2.16684;0.917589;-8.8557;-5.1005;57.6183;7.21817;
7.69504;-0.00424859;0.00197522;-10.6949;-0.000186171;-1.03827e-05;-0.00044693;1.76147;-2.19268;10.1152;0.375002;0.0103372;0.0252645;0;0;0;0;0;0;-1.76147;2.19268;-10.1152;-5.69026;65.2574;15.0484;
7.69601;-0.00389021;0.00187371;-10.695;-0.000168692;-9.23337e-06;-0.000407856;0.648451;-0.55712;2.99951;-0.191385;0.0490039;0.0504767;0;0;0;0;0;0;-0.648451;0.55712;-2.99951;-1.37543;19.2924;3.88067;
7.69703;-0.00351347;0.00175234;-10.6951;-0.000150091;-7.95557e-06;-0.000367124;0;0;0;0;0;0;0;0;0;0;0;0;0;-0;-0;0;0;0;
7.698;-0.00317503;0.00163411;-10.6952;-0.000133273;-6.77445e-06;-0.000330749;0;0;0;0;0;0;0;0;0;0;0;0;0;-0;-0;0;0;0;
7.69903;-0.0028396;0.00150998;-10.6953;-0.000116648;-5.60284e-06;-0.00029485;0.407411;3.65791;11.7919;-0.405076;0.0497946;-0.0723846;0;0;0;0;0;0;-0.407411;-3.65791;-11.7919;-5.16826;76.2015;-23.3886;
7.7;-0.00253316;0.00138728;-10.6954;-0.000101778;-4.58289e-06;-0.000262247;0.942186;-0.102373;3.67896;0.230155;-0.22488;-0.0652006;0;0;0;0;0;0;-0.942186;0.102373;-3.67896;-2.09365;23.9328;1.20215;
7.70103;-0.00221882;0.00125149;-10.6954;-8.68967e-05;-3.60262e-06;-0.000229009;3.97739;-14.0708;49.3601;1.11067;0.254035;0.398215;0;0;0;0;0;0;-3.97739;14.0708;-49.3601;-27.3859;318.701;92.6416;
7.70205;-0.00192135;0.00111642;-10.6955;-7.32641e-05;-2.75644e-06;-0.000197676;0.321175;-0.0527082;1.25954;-0.0762052;0.0194556;0.0202461;0;0;0;0;0;0;-0.321175;0.0527082;-1.25954;-0.563556;8.09738;0.482557;
7.70302;-0.00165747;0.000991321;-10.6956;-6.16381e-05;-2.0961e-06;-0.000169976;0;0;0;0;0;0;0;0;0;0;0;0;0;-0;-0;0;0;0;
7.70405;-0.00139826;0.00086336;-10.6956;-5.06313e-05;-1.52385e-06;-0.000142857;0;0;0;0;0;0;0;0;0;0;0;0;0;-0;-0;0;0;0;
7.70502;-0.00117147;0.000746289;-10.6957;-4.14289e-05;-1.10426e-06;-0.000119221;-0.887696;-0.48676;2.18111;0.093362;-0.154555;0.00350539;0;0;0;0;0;0;0.887696;0.48676;-2.18111;-1.24087;14.3551;2.6986;
7.70605;-0.000951246;0.000627425;-10.6957;-3.28856e-05;-7.70779e-07;-9.63655e-05;0.0418078;-0.00341405;0.163005;0.0102084;-0.00996425;-0.00282694;0;0;0;0;0;0;-0.0418078;0.00341405;-0.163005;-0.0926628;1.0604;0.0459756;
7.70702;-0.000766038;0.000522423;-10.6957;-2.59918e-05;-5.43306e-07;-7.72414e-05;0.603192;0.210598;2.42831;0.107778;0.174266;-0.0418853;0;0;0;0;0;0;-0.603192;-0.210598;-2.42831;-1.3099;15.4761;-1.01681;
7.70805;-0.000596598;0.000421675;-10.6958;-1.9912e-05;-3.75648e-07;-5.98391e-05;0;0;0;0;0;0;0;0;0;0;0;0;0;-0;-0;0;0;0;
7.70902;-0.000463896;0.000338994;-10.6958;-1.53042e-05;-2.70666e-07;-4.62869e-05;-3.63408;-8.61041;20.9561;1.00821;-0.181261;0.142681;0;0;0;0;0;0;3.63408;8.61041;-20.9561;-12.4278;136.129;53.7349;
7.71005;-0.000346543;0.000262493;-10.6958;-1.13418e-05;-1.96269e-07;-3.43726e-05;0;0;0;0;0;0;0;0;0;0;0;0;0;-0;-0;0;0;0;
7.71102;-0.00025607;0.000200295;-10.6958;-8.35803e-06;-1.493e-07;-2.52563e-05;-0.260562;2.57823;16.6463;-0.291087;-0.226676;-0.06329;0;0;0;0;0;0;0.260562;-2.57823;-16.6463;-7.83585;107.952;-16.7488;
7.71205;-0.000180249;0.000145657;-10.6958;-5.9012e-06;-1.15267e-07;-1.76711e-05;0.176368;-0.0220091;0.689409;0.043102;-0.0421388;-0.0123718;0;0;0;0;0;0;-0.176368;0.0220091;-0.689409;-0.392591;4.48484;0.243611;
7.71302;-0.000126628;0.000105688;-10.6958;-4.17404e-06;-9.14122e-08;-1.23362e-05;-1.83318;2.96726;13.5097;-0.398569;0.00764673;-0.084983;0;0;0;0;0;0;1.83318;-2.96726;-13.5097;-6.10933;87.5821;-20.0362;
7.71405;-8.53092e-05;7.39063e-05;-10.6958;-2.84422e-06;-7.19459e-08;-8.24768e-06;-3.90217;-8.33238;19.9377;0.956985;-0.160351;0.153515;0;0;0;0;0;0;3.90217;8.33238;-19.9377;-11.8357;129.546;51.7901;
7.71501;-5.72431e-05;5.1577e-05;-10.6958;-1.93421e-06;-5.63446e-08;-5.4877e-06;0;0;0;0;0;0;0;0;0;0;0;0;0;-0;-0;0;0;0;
7.71604;-3.54261e-05;3.34292e-05;-10.6958;-1.21603e-06;-4.08779e-08;-3.36081e-06;-16.3998;2.95758;47.1123;-0.174839;-1.10749;-0.0953499;0;0;0;0;0;0;16.3998;-2.95758;-47.1123;-23.261;307.562;-27.301;
7.717;-2.1066e-05;2.07927e-05;-10.6958;-7.35245e-07;-2.80714e-08;-1.97705e-06;1.55496;-1.1648;6.94225;0.250311;0.503743;0.0284544;0;0;0;0;0;0;-1.55496;1.1648;-6.94225;-3.86417;44.2558;8.29093;
7.71803;-1.12439e-05;1.16526e-05;-10.6958;-4.00038e-07;-1.73194e-08;-1.04222e-06;3.83496;4.54231;19.8376;-1.0769;0.334485;0.131596;0;0;0;0;0;0;-3.83496;-4.54231;-19.8376;-8.46072;127.628;-27.5879;
7.71906;-5.55209e-06;6.05785e-06;-10.6958;-2.01819e-07;-9.85122e-09;-5.07486e-07;0;0;0;0;0;0;0;0;0;0;0;0;0;-0;-0;0;0;0;
7.72003;-2.66234e-06;3.0544e-06;-10.6958;-9.88094e-08;-5.3521e-09;-2.39839e-07;0.641772;0.882811;3.55015;-0.191118;0.0608846;0.0194089;0;0;0;0;0;0;-0.641772;-0.882811;-3.55015;-1.50873;22.8437;-5.40779;
7.72105;-9.48962e-07;1.15316e-06;-10.6958;-3.60906e-08;-2.17613e-09;-8.39743e-08;0.166154;0.170927;0.814027;0.0394122;0.059597;-0.0205586;0;0;0;0;0;0;-0.166154;-0.170927;-0.814027;-0.432335;5.19038;-1.00162;
7.72202;-1.77951e-07;2.29588e-07;-10.6958;-6.93448e-09;-4.60956e-10;-1.54344e-08;4.60566;7.50785;34.0476;-0.755183;-0.0614029;-0.23204;0;0;0;0;0;0;-4.60566;-7.50785;-34.0476;-15.6433;219.883;-46.0226;
7.72305;8.01498e-08;-1.10452e-07;-10.6958;3.21067e-09;2.35318e-10;6.78674e-09;0;0;0;0;0;0;0;0;0;0;0;0;0;-0;-0;0;0;0;
7.72402;9.42429e-08;-1.38168e-07;-10.6958;3.8769e-09;3.09187e-10;7.78597e-09;1.33258;11.4884;30.2134;-1.53526;0.612918;-0.165344;0;0;0;0;0;0;-1.33258;-11.4884;-30.2134;-12.5327;194.73;-73.4918;
7.72505;4.41835e-08;-6.91745e-08;-10.6958;1.87214e-09;1.62272e-10;3.54729e-09;0;0;0;0;0;0;0;0;0;0;0;0;0;-0;-0;0;0;0;
7.72602;1.3536e-08;-2.25425e-08;-10.6958;5.89649e-10;5.49021e-11;1.05516e-09;2.79165;5.14012;28.1328;-0.562723;0.195249;-0.127536;0;0;0;0;0;0;-2.79165;-5.14012;-28.1328;-13.0936;181.54;-31.722;
7.72705;1.37924e-09;-2.45296e-09;-10.6958;6.19125e-11;6.18745e-12;1.03868e-10;0;0;0;0;0;0;0;0;0;0;0;0;0;-0;-0;0;0;0;
7.72802;0;0;-10.6958;0;0;0;0.465026;-0.146166;1.86047;-0.114131;0.0289507;0.0308017;0;0;0;0;0;0;-0.465026;0.146166;-1.86047;-0.837717;11.9614;1.14912;
7.72904;0;0;-10.6958;0;0;0;-1.25196;1.06941;24.133;-0.225531;-0.0123165;0.00362162;0;0;0;0;0;0;1.25196;-1.06941;-24.133;-11.824;156.275;-7.55319;
7.73001;0;0;-10.6958;0;0;0;5.12628;-4.1347;23.526;0.472428;0.917183;0.114161;0;0;0;0;0;0;-5.12628;4.1347;-23.526;-12.7379;150.779;29.2191;
7.73102;0;0;-10.6958;0;0;0;0;0;0;0;0;0;0;0;0;0;0;0;0;-0;-0;0;0;0;
7.73202;0;0;-10.6958;0;0;0;4.76948;-8.78177;31.6641;1.32784;0.817962;0.13912;0;0;0;0;0;0;-4.76948;8.78177;-31.6641;-18.1587;203.566;59.0802;
7.73302;0;0;-10.6958;0;0;0;-0.203038;10.6132;83.8358;-1.88301;-0.131545;-0.120876;0;0;0;0;0;0;0.203038;-10.6132;-83.8358;-39.2845;542.558;-68.6471;
7.73403;0;0;-10.6958;0;0;0;1.51792;-1.18978;6.8621;0.251449;0.468063;0.0283897;0;0;0;0;0;0;-1.51792;1.18978;-6.8621;-3.82744;43.7766;8.43392;
7.73504;0;0;-10.6958;0;0;0;0;0;0;0;0;0;0;0;0;0;0;0;0;-0;-0;0;0;0;
7.736;0;0;-10.6958;0;0;0;0;0;0;0;0;0;0;0;0;0;0;0;0;-0;-0;0;0;0;
7.73703;0;0;-10.6958;0;0;0;0.828436;4.99029;13.5229;-0.690626;0.26901;-0.0569629;0;0;0;0;0;0;-0.828436;-4.99029;-13.5229;-5.62112;87.1389;-31.8122;
7.73805;0;0;-10.6958;0;0;0;0;0;0;0;0;0;0;0;0;0;0;0;0;-0;-0;0;0;0;
7.73902;0;0;-10.6958;0;0;0;1.51208;-2.24014;13.677;0.121128;-0.0911048;0.0539637;0;0;0;0;0;0;-1.51208;2.24014;-13.677;-7.23538;88.428;15.2011;
7.74005;0;0;-10.6958;0;0;0;0;0;0;0;0;0;0;0;0;0;0;0;0;-0;-0;0;0;0;
7.74101;0;0;-10.6958;0;0;0;0;0;0;0;0;0;0;0;0;0;0;0;0;-0;-0;0;0;0;
7.74204;0;0;-10.6958;0;0;0;0;0;0;0;0;0;0;0;0;0;0;0;0;-0;-0;0;0;0;
7.743;0;0;-10.6958;0;0;0;0;0;0;0;0;0;0;0;0;0;0;0;0;-0;-0;0;0;0;
7.74402;0;0;-10.6958;0;0;0;-3.21804;-1.28868;36.7067;0.154825;-0.216753;-0.0143902;0;0;0;0;0;0;3.21804;1.28868;-36.7067;-18.7747;238.026;6.73088;
7.74504;0;0;-10.6958;0;0;0;0.14982;-0.0233153;0.587087;0.0366607;-0.0358805;-0.0107805;0;0;0;0;0;0;-0.14982;0.0233153;-0.587087;-0.334737;3.81923;0.237097;
7.74601;0;0;-10.6958;0;0;0;0;0;0;0;0;0;0;0;0;0;0;0;0;-0;-0;0;0;0;
7.74704;0;0;-10.6958;0;0;0;0.738872;3.74184;10.3414;-0.529853;0.203305;-0.0357051;0;0;0;0;0;0;-0.738872;-3.74184;-10.3414;-4.30442;66.6299;-23.8012;
7.748;0;0;-10.6958;0;0;0;1.11659;-0.750062;5.01759;0.227242;0.107766;-0.00995255;0;0;0;0;0;0;-1.11659;0.750062;-5.01759;-2.83;32.2434;5.42521;
7.74902;0;0;-10.6958;0;0;0;1.11744;-1.11279;5.41288;0.329363;-0.328276;-0.135481;0;0;0;0;0;0;-1.11744;1.11279;-5.41288;-3.16761;35.2368;7.89795;
7.75005;0;0;-10.6958;0;0;0;-4.73801;-11.0533;27.2942;1.34469;-0.371952;0.140795;0;0;0;0;0;0;4.73801;11.0533;-27.2942;-16.202;177.436;68.9856;
7.75101;0;0;-10.6958;0;0;0;0;0;0;0;0;0;0;0;0;0;0;0;0;-0;-0;0;0;0;
7.75203;0;0;-10.6958;0;0;0;1.23039;0.574424;5.07869;-0.27834;0.0859006;0.0576351;0;0;0;0;0;0;-1.23039;-0.574424;-5.07869;-2.22242;32.6491;-3.15427;
7.753;0;0;-10.6958;0;0;0;0.776629;4.24933;11.6355;-0.595257;0.230007;-0.044268;0;0;0;0;0;0;-0.776629;-4.24933;-11.6355;-4.84004;74.9721;-27.057;
7.75403;0;0;-10.6958;0;0;0;0;0;0;0;0;0;0;0;0;0;0;0;0;-0;-0;0;0;0;
7.75506;0;0;-10.6958;0;0;0;0;0;0;0;0;0;0;0;0;0;0;0;0;-0;-0;0;0;0;
7.75603;0;0;-10.6958;0;0;0;0;0;0;0;0;0;0;0;0;0;0;0;0;-0;-0;0;0;0;
7.75705;0;0;-10.6958;0;0;0;0.136859;-0.0104994;0.533481;0.033416;-0.0326114;-0.00921434;0;0;0;0;0;0;-0.136859;0.0104994;-0.533481;-0.303205;3.47043;0.146086;
7.75801;0;0;-10.6958;0;0;0;1.72374;-0.672745;7.19565;0.125521;-0.381217;-0.0526408;0;0;0;0;0;0;-1.72374;0.672745;-7.19565;-3.81771;46.7632;5.27352;
7.75902;0;0;-10.6958;0;0;0;0.197763;0.107864;0.832354;-0.0470839;0.0131891;0.00947773;0;0;0;0;0;0;-0.197763;-0.107864;-0.832354;-0.361394;5.35219;-0.607719;
7.76003;0;0;-10.6958;0;0;0;0;0;0;0;0;0;0;0;0;0;0;0;0;-0;-0;0;0;0;
7.76103;0;0;-10.6958;0;0;0;1.17122;-1.53195;8.20497;0.500746;-0.492577;-0.163448;0;0;0;0;0;0;-1.17122;1.53195;-8.20497;-4.78751;53.4601;10.6649;
7.76204;0;0;-10.6958;0;0;0;2.94338;4.68373;19.5987;-0.619554;-0.0262547;-0.0574066;0;0;0;0;0;0;-2.94338;-4.68373;-19.5987;-8.78361;126.532;-28.7629;
7.76305;0;0;-10.6958;0;0;0;3.24854;0.0938275;12.6454;-0.380104;-0.0370611;0.0962096;0;0;0;0;0;0;-3.24854;-0.0938275;-12.6454;-5.98049;81.525;0.933168;
7.76402;0;0;-10.6958;0;0;0;3.66152;2.45904;15.9653;-0.894157;0.256008;0.165637;0;0;0;0;0;0;-3.66152;-2.45904;-15.9653;-6.90174;102.67;-14.2308;
7.76505;0;0;-10.6958;0;0;0;1.44453;2.51678;9.06352;-0.438944;0.183462;0.0187695;0;0;0;0;0;0;-1.44453;-2.51678;-9.06352;-3.87443;58.3113;-15.5743;
7.76601;0;0;-10.6958;0;0;0;1.13996;-9.05826;28.3411;1.16318;0.143793;0.124099;0;0;0;0;0;0;-1.13996;9.05826;-28.3411;-16.3478;183.104;59.0557;
7.76704;0;0;-10.6958;0;0;0;1.68926;-0.700691;6.8909;0.426189;-0.420489;-0.147234;0;0;0;0;0;0;-1.68926;0.700691;-6.8909;-3.96767;44.8342;5.53155;
7.768;0;0;-10.6958;0;0;0;-3.89178;3.37108;30.2131;-0.368702;-0.177262;-0.0636552;0;0;0;0;0;0;3.89178;-3.37108;-30.2131;-14.513;196.042;-23.7072;
7.76903;0;0;-10.6958;0;0;0;1.08489;-0.149118;4.24479;0.265252;-0.259446;-0.0769075;0;0;0;0;0;0;-1.08489;0.149118;-4.24479;-2.41848;27.6138;1.58818;
7.77006;0;0;-10.6958;0;0;0;2.41928;2.43685;11.7652;-0.644581;0.195066;0.0921426;0;0;0;0;0;0;-2.41928;-2.43685;-11.7652;-5.03774;75.6812;-14.6395;
7.77103;0;0;-10.6958;0;0;0;1.31012;-0.0356376;5.09928;0.210692;0.364524;-0.0515838;0;0;0;0;0;0;-1.31012;0.0356376;-5.09928;-2.78299;32.4957;0.942114;
7.77206;0;0;-10.6958;0;0;0;0;0;0;0;0;0;0;0;0;0;0;0;0;-0;-0;0;0;0;
7.77302;0;0;-10.6958;0;0;0;0;0;0;0;0;0;0;0;0;0;0;0;0;-0;-0;0;0;0;
7.77404;0;0;-10.6958;0;0;0;0;0;0;0;0;0;0;0;0;0;0;0;0;-0;-0;0;0;0;
7.77506;0;0;-10.6958;0;0;0;0.343854;-0.619204;2.19921;0.0711098;0.164447;0.0351829;0;0;0;0;0;0;-0.343854;0.619204;-2.19921;-1.24102;14.0296;4.14418;
7.77601;0;0;-10.6958;0;0;0;2.30375;-5.52512;18.6087;0.783703;0.30968;0.0815327;0;0;0;0;0;0;-2.30375;5.52512;-18.6087;-10.7115;119.854;36.8256;
7.77703;0;0;-10.6958;0;0;0;0;0;0;0;0;0;0;0;0;0;0;0;0;-0;-0;0;0;0;
7.77806;0;0;-10.6958;0;0;0;0;0;0;0;0;0;0;0;0;0;0;0;0;-0;-0;0;0;0;
7.77902;0;0;-10.6958;0;0;0;0;0;0;0;0;0;0;0;0;0;0;0;0;-0;-0;0;0;0;
7.78004;0;0;-10.6958;0;0;0;0;0;0;0;0;0;0;0;0;0;0;0;0;-0;-0;0;0;0;
7.78101;0;0;-10.6958;0;0;0;0.531523;1.41648;4.41627;-0.230437;0.0818697;0.00147534;0;0;0;0;0;0;-0.531523;-1.41648;-4.41627;-1.85223;28.4374;-8.89813;
7.78203;0;0;-10.6958;0;0;0;0.476115;-0.123816;1.88863;0.0744158;0.135306;-0.00988946;0;0;0;0;0;0;-0.476115;0.123816;-1.88863;-1.03821;12.0361;1.0508;
7.78306;0;0;-10.6958;0;0;0;-10.7623;2.095;42.8536;-0.228292;-0.397752;-0.0349198;0;0;0;0;0;0;10.7623;-2.095;-42.8536;-21.1489;278.732;-18.9408;
7.78403;0;0;-10.6958;0;0;0;0.00618987;-0.00306185;0.0257188;0.000968362;0.00185218;-1.25562e-05;0;0;0;0;0;0;-0.00618987;0.00306185;-0.0257188;-0.014231;0.163924;0.0229403;
7.78506;0;0;-10.6958;0;0;0;0;0;0;0;0;0;0;0;0;0;0;0;0;-0;-0;0;0;0;
7.78603;0;0;-10.6958;0;0;0;0;0;0;0;0;0;0;0;0;0;0;0;0;-0;-0;0;0;0;
7.78706;0;0;-10.6958;0;0;0;1.28728;-0.524127;9.04343;0.397716;-0.676163;-0.0958006;0;0;0;0;0;0;-1.28728;0.524127;-9.04343;-5.00582;59.0566;4.13528;
7.78803;0;0;-10.6958;0;0;0;6.9897;-3.91403;40.3758;0.426213;0.891203;0.0621992;0;0;0;0;0;0;-6.9897;3.91403;-40.3758;-21.1576;259.633;28.782;
7.78906;0;0;-10.6958;0;0;0;9.27051;-8.20169;43.3237;1.66695;2.42208;0.136082;0;0;0;0;0;0;-9.27051;8.20169;-43.3237;-24.3132;276.946;57.5975;
7.79003;0;0;-10.6958;0;0;0;-1.45887;-1.33462;3.41546;0.201731;-0.186309;0.0133658;0;0;0;0;0;0;1.45887;1.33462;-3.41546;-2.05603;22.43;7.88649;
7.79106;0;0;-10.6958;0;0;0;2.19307;-8.10963;29.0988;0.592508;0.177025;0.274872;0;0;0;0;0;0;-2.19307;8.10963;-29.0988;-16.0638;187.868;53.2979;
7.79203;0;0;-10.6958;0;0;0;1.0277;4.10107;23.5606;-0.687707;0.0698645;-0.00229822;0;0;0;0;0;0;-1.0277;-4.10107;-23.5606;-10.7697;152.26;-26.0132;
7.79306;0;0;-10.6958;0;0;0;-17.1597;9.95532;62.3182;-1.08879;-0.627151;-0.186364;0;0;0;0;0;0;17.1597;-9.95532;-62.3182;-29.3056;405.536;-72.867;
7.79403;0;0;-10.6958;0;0;0;0;0;0;0;0;0;0;0;0;0;0;0;0;-0;-0;0;0;0;
7.795;0;0;-10.6958;0;0;0;4.01652;4.37421;21.2951;-0.879558;0.112454;0.0511996;0;0;0;0;0;0;-4.01652;-4.37421;-21.2951;-9.40921;137.261;-26.3283;
7.79603;0;0;-10.6958;0;0;0;0.753428;-0.145116;2.96322;0.130507;-0.223912;-0.0441483;0;0;0;0;0;0;-0.753428;0.145116;-2.96322;-1.63776;19.32;1.36256;
7.79705;0;0;-10.6958;0;0;0;0;0;0;0;0;0;0;0;0;0;0;0;0;-0;-0;0;0;0;
7.79802;0;0;-10.6958;0;0;0;0;0;0;0;0;0;0;0;0;0;0;0;0;-0;-0;0;0;0;
7.79905;0;0;-10.6958;0;0;0;5.65929;-4.44385;26.1795;0.751245;0.370175;0.00893418;0;0;0;0;0;0;-5.65929;4.44385;-26.1795;-14.3845;168.439;31.5929;
7.80002;0;0;-10.6958;0;0;0;-3.04083;4.10825;39.6471;-0.80997;-0.0684832;0.0171714;0;0;0;0;0;0;3.04083;-4.10825;-39.6471;-18.7502;256.883;-28.1287;
7.80105;0;0;-10.6958;0;0;0;-0.517181;-2.77192;7.85882;0.467052;-0.45603;-0.130112;0;0;0;0;0;0;0.517181;2.77192;-7.85882;-4.70376;51.3531;17.8034;
7.80202;0;0;-10.6958;0;0;0;1.45195;7.1964;19.9434;-1.02226;0.391463;-0.0668319;0;0;0;0;0;0;-1.45195;-7.1964;-19.9434;-8.30269;128.493;-45.7613;
7.80305;0;0;-10.6958;0;0;0;0;0;0;0;0;0;0;0;0;0;0;0;0;-0;-0;0;0;0;
7.80402;0;0;-10.6958;0;0;0;0;0;0;0;0;0;0;0;0;0;0;0;0;-0;-0;0;0;0;
7.80505;0;0;-10.6958;0;0;0;9.06333;-3.47516;36.736;0.356071;0.821478;0.000442962;0;0;0;0;0;0;-9.06333;3.47516;-36.736;-19.21;235.946;27.0489;
7.80601;0;0;-10.6958;0;0;0;-4.15853;2.82392;32.7907;-0.434392;-0.184707;-0.0412853;0;0;0;0;0;0;4.15853;-2.82392;-32.7907;-15.8007;212.752;-20.3238;
7.80704;0;0;-10.6958;0;0;0;0.972092;-0.304699;3.88856;0.170447;-0.293718;-0.0656248;0;0;0;0;0;0;-0.972092;0.304699;-3.88856;-2.15983;25.3546;2.52666;
7.808;0;0;-10.6958;0;0;0;-9.55176;-0.299261;50.2042;0.0556104;-0.293006;0.000611779;0;0;0;0;0;0;9.55176;0.299261;-50.2042;-25.3757;326.063;-2.87609;
7.80903;0;0;-10.6958;0;0;0;4.64596;6.06364;27.1922;-0.720117;0.00328854;-0.0378024;0;0;0;0;0;0;-4.64596;-6.06364;-27.1922;-12.3699;175.46;-36.8525;
7.81006;0;0;-10.6958;0;0;0;0;0;0;0;0;0;0;0;0;0;0;0;0;-0;-0;0;0;0;
7.81102;0;0;-10.6958;0;0;0;0;0;0;0;0;0;0;0;0;0;0;0;0;-0;-0;0;0;0;
7.81205;0;0;-10.6958;0;0;0;-1.65596;0.211079;60.5787;-0.393218;-0.469489;0.0626652;0;0;0;0;0;0;1.65596;-0.211079;-60.5787;-30.1018;392.569;-2.2625;
7.81302;0;0;-10.6958;0;0;0;0.0693243;0.0122952;0.272216;-0.0159259;0.00420678;0.00386579;0;0;0;0;0;0;-0.0693243;-0.0122952;-0.272216;-0.119969;1.75004;-0.048492;
7.81405;0;0;-10.6958;0;0;0;2.6134;-7.57035;24.9463;1.06663;0.454909;0.167518;0;0;0;0;0;0;-2.6134;7.57035;-24.9463;-14.3921;160.681;50.1279;
7.81502;0;0;-10.6958;0;0;0;0.335746;-0.0253765;1.30869;0.0819752;-0.0800016;-0.0225822;0;0;0;0;0;0;-0.335746;0.0253765;-1.30869;-0.743762;8.51332;0.355894;
7.81605;0;0;-10.6958;0;0;0;0;0;0;0;0;0;0;0;0;0;0;0;0;-0;-0;0;0;0;
7.81702;0;0;-10.6958;0;0;0;0;0;0;0;0;0;0;0;0;0;0;0;0;-0;-0;0;0;0;
7.81805;0;0;-10.6958;0;0;0;0;0;0;0;0;0;0;0;0;0;0;0;0;-0;-0;0;0;0;
7.81902;0;0;-10.6958;0;0;0;1.65358;6.31001;18.1911;-0.938274;0.349537;-0.0359557;0;0;0;0;0;0;-1.65358;-6.31001;-18.1911;-7.59286;117.178;-39.9557;
7.82005;0;0;-10.6958;0;0;0;0.0602913;-0.0191782;0.241369;0.00940097;0.0173105;-0.000972834;0;0;0;0;0;0;-0.0602913;0.0191782;-0.241369;-0.132912;1.53826;0.155424;
7.82102;0;0;-10.6958;0;0;0;1.87905;2.39577;13.1366;-0.149109;-0.12364;-0.0989789;0;0;0;0;0;0;-1.87905;-2.39577;-13.1366;-6.22822;84.9267;-14.4547;
7.82205;0;0;-10.6958;0;0;0;5.78984;1.29559;22.8547;-1.33106;0.353929;0.317136;0;0;0;0;0;0;-5.78984;-1.29559;-22.8547;-10.052;146.932;-5.78279;
7.82301;0;0;-10.6958;0;0;0;-0.209712;-0.19922;1.50667;0.0654641;-0.109635;-0.00538461;0;0;0;0;0;0;0.209712;0.19922;-1.50667;-0.844412;9.87855;1.18866;
7.82404;0;0;-10.6958;0;0;0;-14.8784;-7.20996;53.3622;0.798656;-0.584215;0.151513;0;0;0;0;0;0;14.8784;7.20996;-53.3622;-28.4023;347.32;39.0007;
7.82501;0;0;-10.6958;0;0;0;0.199009;-0.0899863;0.818577;0.0310662;0.0588848;-0.00107946;0;0;0;0;0;0;-0.199009;0.0899863;-0.818577;-0.452441;5.21722;0.683525;
7.82603;0;0;-10.6958;0;0;0;-8.05034;13.3639;75.8038;-1.4529;-0.0542032;-0.266827;0;0;0;0;0;0;8.05034;-13.3639;-75.8038;-35.3933;491.299;-90.2503;
7.82706;0;0;-10.6958;0;0;0;0;0;0;0;0;0;0;0;0;0;0;0;0;-0;-0;0;0;0;
7.82802;0;0;-10.6958;0;0;0;2.80942;0.0668845;10.9364;-0.0394279;0.506597;0.00510807;0;0;0;0;0;0;-2.80942;-0.0668845;-10.9364;-5.46302;69.9682;0.977394;
7.82904;0;0;-10.6958;0;0;0;0.396966;14.9641;58.5514;-1.93464;0.439383;-0.210336;0;0;0;0;0;0;-0.396966;-14.9641;-58.5514;-26.0603;378.338;-96.4051;
7.83;0;0;-10.6958;0;0;0;0;0;0;0;0;0;0;0;0;0;0;0;0;-0;-0;0;0;0;
7.83103;0;0;-10.6958;0;0;0;5.91233;-8.21101;49.6853;-0.403524;-0.534218;0.497648;0;0;0;0;0;0;-5.91233;8.21101;-49.6853;-25.4483;321.397;55.6044;
7.83206;0;0;-10.6958;0;0;0;1.62797;-0.625351;6.59857;0.28846;-0.498262;-0.118388;0;0;0;0;0;0;-1.62797;0.625351;-6.59857;-3.67515;43.0266;4.98438;
7.83302;0;0;-10.6958;0;0;0;-0.250238;-0.536838;2.3133;0.140166;-0.133294;-0.0157706;0;0;0;0;0;0;0.250238;0.536838;-2.3133;-1.3593;15.125;3.36296;
7.83404;0;0;-10.6958;0;0;0;-3.10929;-5.8596;14.9093;0.746195;-0.237079;0.096234;0;0;0;0;0;0;3.10929;5.8596;-14.9093;-8.84408;97.0094;36.248;
7.83505;0;0;-10.6958;0;0;0;0;0;0;0;0;0;0;0;0;0;0;0;0;-0;-0;0;0;0;
7.83601;0;0;-10.6958;0;0;0;-4.45991;-7.76191;19.6951;1.05076;-0.610733;0.0338642;0;0;0;0;0;0;4.45991;7.76191;-19.6951;-11.7502;128.482;47.9376;
7.83702;0;0;-10.6958;0;0;0;0;0;0;0;0;0;0;0;0;0;0;0;0;-0;-0;0;0;0;
7.83805;0;0;-10.6958;0;0;0;-9.28937;-7.80935;52.8514;0.741161;-0.338457;0.179081;0;0;0;0;0;0;9.28937;7.80935;-52.8514;-28.1477;343.209;45.6666;
7.83901;0;0;-10.6958;0;0;0;-14.5277;10.6951;90.9846;-1.20794;-0.561635;-0.194738;0;0;0;0;0;0;14.5277;-10.6951;-90.9846;-43.5531;590.672;-76.3192;
7.84004;0;0;-10.6958;0;0;0;1.3654;-0.222664;5.35413;0.215175;0.38307;-0.0389429;0;0;0;0;0;0;-1.3654;0.222664;-5.35413;-2.93462;34.1203;2.16736;
7.84101;0;0;-10.6958;0;0;0;0;0;0;0;0;0;0;0;0;0;0;0;0;-0;-0;0;0;0;
7.84203;0;0;-10.6958;0;0;0;0;0;0;0;0;0;0;0;0;0;0;0;0;-0;-0;0;0;0;
7.843;0;0;-10.6958;0;0;0;0.0452879;-0.0167887;0.183073;0.00705721;0.0131439;-0.000540421;0;0;0;0;0;0;-0.0452879;0.0167887;-0.183073;-0.100963;1.16677;0.131974;
7.84403;0;0;-10.6958;0;0;0;0;0;0;0;0;0;0;0;0;0;0;0;0;-0;-0;0;0;0;
7.845;0;0;-10.6958;0;0;0;0.62481;-0.357333;2.64833;0.162942;-0.161372;-0.0602158;0;0;0;0;0;0;-0.62481;0.357333;-2.64833;-1.53285;17.233;2.68684;
7.84603;0;0;-10.6958;0;0;0;8.39736;8.65217;41.1636;-2.2523;0.684133;0.315671;0;0;0;0;0;0;-8.39736;-8.65217;-41.1636;-17.6164;264.795;-52.0635;
7.847;0;0;-10.6958;0;0;0;0.734057;-0.901368;3.85559;0.130705;0.284002;0.04151;0;0;0;0;0;0;-0.734057;0.901368;-3.85559;-2.1633;24.5874;6.15995;
7.84803;0;0;-10.6958;0;0;0;0.482486;-0.229175;1.99521;0.0754019;0.143611;-0.00173833;0;0;0;0;0;0;-0.482486;0.229175;-1.99521;-1.10346;12.7167;1.72751;
7.849;0;0;-10.6958;0;0;0;0;0;0;0;0;0;0;0;0;0;0;0;0;-0;-0;0;0;0;
7.85003;0;0;-10.6958;0;0;0;0;0;0;0;0;0;0;0;0;0;0;0;0;-0;-0;0;0;0;
7.851;0;0;-10.6958;0;0;0;0;0;0;0;0;0;0;0;0;0;0;0;0;-0;-0;0;0;0;
7.85203;0;0;-10.6958;0;0;0;-0.137854;-0.516449;3.02525;0.130615;-0.22215;-0.0319721;0;0;0;0;0;0;0.137854;0.516449;-3.02525;-1.70634;19.8088;3.30386;
7.853;0;0;-10.6958;0;0;0;0;0;0;0;0;0;0;0;0;0;0;0;0;-0;-0;0;0;0;
7.85403;0;0;-10.6958;0;0;0;-0.281517;-0.431903;1.67088;0.100816;-0.0953079;-0.00765016;0;0;0;0;0;0;0.281517;0.431903;-1.67088;-0.985813;10.9338;2.66017;
7.855;0;0;-10.6958;0;0;0;0;0;0;0;0;0;0;0;0;0;0;0;0;-0;-0;0;0;0;
7.85603;0;0;-10.6958;0;0;0;1.35819;-0.0333285;5.72242;0.25766;-0.316831;-0.0987904;0;0;0;0;0;0;-1.35819;0.0333285;-5.72242;-3.14365;37.2037;0.998602;
7.85701;0;0;-10.6958;0;0;0;0.21413;-0.215779;1.04149;0.0362129;0.076198;0.00834152;0;0;0;0;0;0;-0.21413;0.215779;-1.04149;-0.582491;6.64059;1.49557;
7.85804;0;0;-10.6958;0;0;0;0;0;0;0;0;0;0;0;0;0;0;0;0;-0;-0;0;0;0;
7.85901;0;0;-10.6958;0;0;0;0;0;0;0;0;0;0;0;0;0;0;0;0;-0;-0;0;0;0;
7.86004;0;0;-10.6958;0;0;0;0;0;0;0;0;0;0;0;0;0;0;0;0;-0;-0;0;0;0;
7.86101;0;0;-10.6958;0;0;0;1.26535;-0.567901;5.20072;0.197507;0.374084;-0.00720517;0;0;0;0;0;0;-1.26535;0.567901;-5.20072;-2.87428;33.1467;4.31883;
7.86204;0;0;-10.6958;0;0;0;0;0;0;0;0;0;0;0;0;0;0;0;0;-0;-0;0;0;0;
7.86301;0;0;-10.6958;0;0;0;6.3638;-1.70099;25.8133;-0.389353;-0.636863;0.121922;0;0;0;0;0;0;-6.3638;1.70099;-25.8133;-12.7846;167.006;14.0889;
7.86404;0;0;-10.6958;0;0;0;0;0;0;0;0;0;0;0;0;0;0;0;0;-0;-0;0;0;0;
7.86501;0;0;-10.6958;0;0;0;0;0;0;0;0;0;0;0;0;0;0;0;0;-0;-0;0;0;0;
7.86603;0;0;-10.6958;0;0;0;0;0;0;0;0;0;0;0;0;0;0;0;0;-0;-0;0;0;0;
7.867;0;0;-10.6958;0;0;0;3.73343;3.00806;16.9709;-0.941408;0.275818;0.158213;0;0;0;0;0;0;-3.73343;-3.00806;-16.9709;-7.30611;109.148;-17.7391;
7.86803;0;0;-10.6958;0;0;0;0;0;0;0;0;0;0;0;0;0;0;0;0;-0;-0;0;0;0;
7.869;0;0;-10.6958;0;0;0;-3.5017;-5.90118;20.396;1.22456;-1.16276;-0.126182;0;0;0;0;0;0;3.5017;5.90118;-20.396;-12.0905;133.472;36.5417;
7.87004;0;0;-10.6958;0;0;0;0.446598;0.422997;2.12764;-0.116971;0.0350708;0.0175802;0;0;0;0;0;0;-0.446598;-0.422997;-2.12764;-0.912421;13.6856;-2.52931;
7.87101;0;0;-10.6958;0;0;0;7.64664;7.38109;41.2341;-1.41708;-0.0444065;-0.0117764;0;0;0;0;0;0;-7.64664;-7.38109;-41.2341;-18.6146;266.055;-43.8905;
7.87204;0;0;-10.6958;0;0;0;-1.49388;2.28558;24.1477;-0.210793;-0.182355;-0.0494262;0;0;0;0;0;0;1.49388;-2.28558;-24.1477;-11.7244;156.563;-15.4904;
7.873;0;0;-10.6958;0;0;0;0.573725;-0.20575;2.31382;0.143385;-0.141257;-0.0481139;0;0;0;0;0;0;-0.573725;0.20575;-2.31382;-1.32959;15.0538;1.66829;
7.87403;0;0;-10.6958;0;0;0;5.8004;-3.66344;24.998;0.918797;1.8073;0.0516657;0;0;0;0;0;0;-5.8004;3.66344;-24.998;-13.8787;159.343;26.5721;
7.87506;0;0;-10.6958;0;0;0;0;0;0;0;0;0;0;0;0;0;0;0;0;-0;-0;0;0;0;
7.87603;0;0;-10.6958;0;0;0;0;0;0;0;0;0;0;0;0;0;0;0;0;-0;-0;0;0;0;
7.87705;0;0;-10.6958;0;0;0;0.707663;2.04646;6.24913;-0.3251;0.116879;-0.00146044;0;0;0;0;0;0;-0.707663;-2.04646;-6.24913;-2.61775;40.2428;-12.8822;
7.87801;0;0;-10.6958;0;0;0;0;0;0;0;0;0;0;0;0;0;0;0;0;-0;-0;0;0;0;
7.87904;0;0;-10.6958;0;0;0;1.35517;-0.634881;5.59537;0.211718;0.402671;-0.00558764;0;0;0;0;0;0;-1.35517;0.634881;-5.59537;-3.09402;35.6624;4.79581;
7.88001;0;0;-10.6958;0;0;0;-0.0631257;-0.394108;0.914466;0.0536564;-0.053038;-0.0191539;0;0;0;0;0;0;0.0631257;0.394108;-0.914466;-0.553823;5.97578;2.53716;
7.88103;0;0;-10.6958;0;0;0;-0.15;-1.02796;5.21511;0.276229;-0.336519;-0.0365497;0;0;0;0;0;0;0.15;1.02796;-5.21511;-3.00638;34.0923;6.6117;
7.882;0;0;-10.6958;0;0;0;3.37618;-7.04614;24.9388;1.10931;0.29925;0.0588348;0;0;0;0;0;0;-3.37618;7.04614;-24.9388;-14.3785;160.712;47.2291;
7.88303;0;0;-10.6958;0;0;0;2.08023;3.53006;12.8521;-0.684184;0.226033;0.0486574;0;0;0;0;0;0;-2.08023;-3.53006;-12.8521;-5.43618;82.7158;-21.8396;
7.884;0;0;-10.6958;0;0;0;1.18408;-0.0927762;4.61592;0.204232;-0.348882;-0.0594018;0;0;0;0;0;0;-1.18408;0.0927762;-4.61592;-2.5388;30.0943;1.25612;
7.88503;0;0;-10.6958;0;0;0;-1.63283;-3.68496;10.8542;0.521509;-0.309067;0.0421623;0;0;0;0;0;0;1.63283;3.68496;-10.8542;-6.35866;70.697;22.9763;
7.886;0;0;-10.6958;0;0;0;-0.684443;-0.988262;3.45633;0.207627;-0.196172;-0.0149757;0;0;0;0;0;0;0.684443;0.988262;-3.45633;-2.04781;22.6265;6.06405;
7.88703;0;0;-10.6958;0;0;0;1.42991;-3.42027;12.2905;0.60708;-0.141457;-0.044288;0;0;0;0;0;0;-1.42991;3.42027;-12.2905;-7.14124;79.5151;22.8931;
7.888;0;0;-10.6958;0;0;0;0;0;0;0;0;0;0;0;0;0;0;0;0;-0;-0;0;0;0;
7.88903;0;0;-10.6958;0;0;0;-4.08483;-2.20636;7.48467;0.307241;-0.381534;0.0586861;0;0;0;0;0;0;4.08483;2.20636;-7.48467;-4.2988;49.2153;12.1583;
7.89006;0;0;-10.6958;0;0;0;0;0;0;0;0;0;0;0;0;0;0;0;0;-0;-0;0;0;0;
7.89102;0;0;-10.6958;0;0;0;0.57927;-0.36738;2.50305;0.093051;0.148986;0.00242468;0;0;0;0;0;0;-0.57927;0.36738;-2.50305;-1.39078;15.9872;2.66626;
7.89203;0;0;-10.6958;0;0;0;0;0;0;0;0;0;0;0;0;0;0;0;0;-0;-0;0;0;0;
7.89304;0;0;-10.6958;0;0;0;0;0;0;0;0;0;0;0;0;0;0;0;0;-0;-0;0;0;0;
7.894;0;0;-10.6958;0;0;0;0.0417699;-0.0118338;0.16627;0.00652146;0.0119165;-0.000790185;0;0;0;0;0;0;-0.0417699;0.0118338;-0.16627;-0.0914658;1.05963;0.098394;
7.89503;0;0;-10.6958;0;0;0;1.12991;5.50124;15.281;-0.783558;0.299596;-0.0499177;0;0;0;0;0;0;-1.12991;-5.50124;-15.281;-6.3628;98.4523;-34.9728;
7.89606;0;0;-10.6958;0;0;0;-0.967065;0.956492;24.9084;-0.142599;0.0189926;-0.018198;0;0;0;0;0;0;0.967065;-0.956492;-24.9084;-12.3091;161.23;-6.65728;
7.89703;0;0;-10.6958;0;0;0;-12.0081;-9.81847;26.3229;1.55918;-1.42857;0.178413;0;0;0;0;0;0;12.0081;9.81847;-26.3229;-15.8035;172.936;57.2961;
7.89806;0;0;-10.6958;0;0;0;0;0;0;0;0;0;0;0;0;0;0;0;0;-0;-0;0;0;0;
7.89903;0;0;-10.6958;0;0;0;0;0;0;0;0;0;0;0;0;0;0;0;0;-0;-0;0;0;0;
7.90006;0;0;-10.6958;0;0;0;0;0;0;0;0;0;0;0;0;0;0;0;0;-0;-0;0;0;0;
7.90103;0;0;-10.6958;0;0;0;-6.3346;-5.23751;19.7372;0.797227;-0.611014;0.0560103;0;0;0;0;0;0;6.3346;5.23751;-19.7372;-11.2648;128.942;30.6386;
7.90203;0;0;-10.6958;0;0;0;0.599323;2.0525;6.03824;-0.312406;0.11487;-0.00803862;0;0;0;0;0;0;-0.599323;-2.0525;-6.03824;-2.52361;38.8913;-12.9693;
7.90302;0;0;-10.6958;0;0;0;0;0;0;0;0;0;0;0;0;0;0;0;0;-0;-0;0;0;0;
7.90406;0;0;-10.6958;0;0;0;0;0;0;0;0;0;0;0;0;0;0;0;0;-0;-0;0;0;0;
7.90506;0;0;-10.6958;0;0;0;0;0;0;0;0;0;0;0;0;0;0;0;0;-0;-0;0;0;0;
7.90601;0;0;-10.6958;0;0;0;0;0;0;0;0;0;0;0;0;0;0;0;0;-0;-0;0;0;0;
7.90702;0;0;-10.6958;0;0;0;-2.48275;-3.14378;9.64781;0.575851;-0.54206;-0.0284441;0;0;0;0;0;0;2.48275;3.14378;-9.64781;-5.75106;63.2103;19.1174;
7.90804;0;0;-10.6958;0;0;0;0;0;0;0;0;0;0;0;0;0;0;0;0;-0;-0;0;0;0;
7.90905;0;0;-10.6958;0;0;0;0;0;0;0;0;0;0;0;0;0;0;0;0;-0;-0;0;0;0;
7.91001;0;0;-10.6958;0;0;0;0;0;0;0;0;0;0;0;0;0;0;0;0;-0;-0;0;0;0;
7.91101;0;0;-10.6958;0;0;0;-13.7954;3.75674;41.7607;-0.269702;-0.865067;-0.0967451;0;0;0;0;0;0;13.7954;-3.75674;-41.7607;-20.3907;272.431;-31.158;
7.91205;0;0;-10.6958;0;0;0;0;0;0;0;0;0;0;0;0;0;0;0;0;-0;-0;0;0;0;
7.91305;0;0;-10.6958;0;0;0;0;0;0;0;0;0;0;0;0;0;0;0;0;-0;-0;0;0;0;
7.91401;0;0;-10.6958;0;0;0;1.06214;-0.523843;4.4116;0.166164;0.317687;-0.00228302;0;0;0;0;0;0;-1.06214;0.523843;-4.4116;-2.44102;28.118;3.9265;
7.91505;0;0;-10.6958;0;0;0;3.73077;-0.928191;14.778;0.00744375;0.228462;0.0169786;0;0;0;0;0;0;-3.73077;0.928191;-14.778;-7.54489;95.008;7.8676;
7.91604;0;0;-10.6958;0;0;0;0.579238;-0.284799;2.40497;0.0906101;0.173179;-0.00131549;0;0;0;0;0;0;-0.579238;0.284799;-2.40497;-1.33066;15.3284;2.1357;
7.91705;0;0;-10.6958;0;0;0;1.76437;-6.58577;23.3345;0.850081;-0.0159609;0.078758;0;0;0;0;0;0;-1.76437;6.58577;-23.3345;-13.265;150.809;43.4186;
7.91801;0;0;-10.6958;0;0;0;0;0;0;0;0;0;0;0;0;0;0;0;0;-0;-0;0;0;0;
7.91903;0;0;-10.6958;0;0;0;0;0;0;0;0;0;0;0;0;0;0;0;0;-0;-0;0;0;0;
7.92005;0;0;-10.6958;0;0;0;0.317264;-0.00979314;1.23494;0.0547469;-0.0933429;-0.014805;0;0;0;0;0;0;-0.317264;0.00979314;-1.23494;-0.67783;8.05136;0.237986;
7.92101;0;0;-10.6958;0;0;0;1.5793;5.2609;15.5641;-0.805935;0.295305;-0.0180389;0;0;0;0;0;0;-1.5793;-5.2609;-15.5641;-6.50716;100.243;-33.2233;
7.92202;0;0;-10.6958;0;0;0;3.23035;1.20541;13.0806;-0.246818;0.481959;0.0130736;0;0;0;0;0;0;-3.23035;-1.20541;-13.0806;-6.2217;83.823;-6.18457;
7.92304;0;0;-10.6958;0;0;0;0.494452;-0.059404;1.93215;0.120814;-0.118107;-0.0345485;0;0;0;0;0;0;-0.494452;0.059404;-1.93215;-1.10009;12.5691;0.66796;
7.92401;0;0;-10.6958;0;0;0;-0.970039;-0.77051;5.63388;0.244597;-0.408647;-0.0137735;0;0;0;0;0;0;0.970039;0.77051;-5.63388;-3.1599;36.9559;4.51016;
7.92504;0;0;-10.6958;0;0;0;0;0;0;0;0;0;0;0;0;0;0;0;0;-0;-0;0;0;0;
7.92601;0;0;-10.6958;0;0;0;-0.235764;-1.55794;7.64642;0.328329;-0.562301;-0.104444;0;0;0;0;0;0;0.235764;1.55794;-7.64642;-4.33638;50.0567;10.0652;
7.92704;0;0;-10.6958;0;0;0;0;0;0;0;0;0;0;0;0;0;0;0;0;-0;-0;0;0;0;
7.92801;0;0;-10.6958;0;0;0;0;0;0;0;0;0;0;0;0;0;0;0;0;-0;-0;0;0;0;
7.92904;0;0;-10.6958;0;0;0;1.94875;2.01639;11.3699;-0.163254;-0.208952;-0.0654312;0;0;0;0;0;0;-1.94875;-2.01639;-11.3699;-5.36223;73.5746;-11.9985;
7.93;0;0;-10.6958;0;0;0;0;0;0;0;0;0;0;0;0;0;0;0;0;-0;-0;0;0;0;
7.93103;0;0;-10.6958;0;0;0;0;0;0;0;0;0;0;0;0;0;0;0;0;-0;-0;0;0;0;
7.93206;0;0;-10.6958;0;0;0;0.23929;-0.0551898;0.945396;0.0415717;-0.0714316;-0.0146922;0;0;0;0;0;0;-0.23929;0.0551898;-0.945396;-0.523348;6.16396;0.492301;
7.93303;0;0;-10.6958;0;0;0;1.30877;2.9139;9.57967;-0.50349;0.174018;0.0158543;0;0;0;0;0;0;-1.30877;-2.9139;-9.57967;-4.03019;61.6732;-18.2089;
7.934;0;0;-10.6958;0;0;0;-2.34448;-10.5236;26.5254;1.21202;0.0502947;0.189489;0;0;0;0;0;0;2.34448;10.5236;-26.5254;-15.629;171.798;66.715;
7.93503;0;0;-10.6958;0;0;0;0;0;0;0;0;0;0;0;0;0;0;0;0;-0;-0;0;0;0;
7.93606;0;0;-10.6958;0;0;0;0.7879;-0.253659;3.15637;0.138301;-0.23841;-0.0536826;0;0;0;0;0;0;-0.7879;0.253659;-3.15637;-1.75375;20.5805;2.09171;
7.93703;0;0;-10.6958;0;0;0;0;0;0;0;0;0;0;0;0;0;0;0;0;-0;-0;0;0;0;
7.93806;0;0;-10.6958;0;0;0;0;0;0;0;0;0;0;0;0;0;0;0;0;-0;-0;0;0;0;
7.93902;0;0;-10.6958;0;0;0;1.3151;2.59955;8.91028;-0.42532;0.184614;0.00849848;0;0;0;0;0;0;-1.3151;-2.59955;-8.91028;-3.80267;57.3312;-16.1646;
7.94005;0;0;-10.6958;0;0;0;0;0;0;0;0;0;0;0;0;0;0;0;0;-0;-0;0;0;0;
7.94102;0;0;-10.6958;0;0;0;1.90909;-1.13331;8.14011;0.301147;0.587846;0.0112151;0;0;0;0;0;0;-1.90909;1.13331;-8.14011;-4.51534;51.8856;8.28275;
7.94205;0;0;-10.6958;0;0;0;0;0;0;0;0;0;0;0;0;0;0;0;0;-0;-0;0;0;0;
7.94302;0;0;-10.6958;0;0;0;1.04379;-1.65579;6.22055;0.262632;0.171637;0.00711169;0;0;0;0;0;0;-1.04379;1.65579;-6.22055;-3.56221;39.9694;11.2313;
7.94405;0;0;-10.6958;0;0;0;1.40026;2.28861;8.47261;-0.402903;0.175258;0.0190207;0;0;0;0;0;0;-1.40026;-2.28861;-8.47261;-3.63578;54.5004;-14.1205;
7.94502;0;0;-10.6958;0;0;0;0;0;0;0;0;0;0;0;0;0;0;0;0;-0;-0;0;0;0;
7.94605;0;0;-10.6958;0;0;0;4.2553;-2.05631;17.7255;0.398293;0.717594;0.0187022;0;0;0;0;0;0;-4.2553;2.05631;-17.7255;-9.53364;113.536;15.4288;
7.94702;0;0;-10.6958;0;0;0;1.80471;-1.19824;7.85131;0.287019;0.568195;0.0207415;0;0;0;0;0;0;-1.80471;1.19824;-7.85131;-4.36223;50.0472;8.64072;
7.94805;0;0;-10.6958;0;0;0;-0.409561;-1.76015;6.46536;0.389236;-0.375332;-0.0775245;0;0;0;0;0;0;0.409561;1.76015;-6.46536;-3.8226;42.2459;11.259;
7.94902;0;0;-10.6958;0;0;0;0;0;0;0;0;0;0;0;0;0;0;0;0;-0;-0;0;0;0;
7.95005;0;0;-10.6958;0;0;0;-7.97072;-2.38705;25.9138;0.565404;-1.27421;-0.222457;0;0;0;0;0;0;7.97072;2.38705;-25.9138;-13.8588;169.73;11.6509;
7.95102;0;0;-10.6958;0;0;0;-7.48437;-3.91804;14.3562;0.609378;-1.00564;0.0432337;0;0;0;0;0;0;7.48437;3.91804;-14.3562;-8.23405;94.6372;21.5354;
7.95206;0;0;-10.6958;0;0;0;1.18082;-9.13426;25.308;1.09497;0.344264;0.136886;0;0;0;0;0;0;-1.18082;9.13426;-25.308;-14.7595;163.275;59.5546;
7.95303;0;0;-10.6958;0;0;0;0.302186;0.104824;1.21602;-0.0699963;0.0189678;0.0157593;0;0;0;0;0;0;-0.302186;-0.104824;-1.21602;-0.532068;7.81812;-0.54172;
7.95406;0;0;-10.6958;0;0;0;1.28127;-8.81588;26.0795;1.20548;0.0190395;0.0524392;0;0;0;0;0;0;-1.28127;8.81588;-26.0795;-15.2268;168.582;57.6299;
7.95503;0;0;-10.6958;0;0;0;0;0;0;0;0;0;0;0;0;0;0;0;0;-0;-0;0;0;0;
7.95601;0;0;-10.6958;0;0;0;0;0;0;0;0;0;0;0;0;0;0;0;0;-0;-0;0;0;0;
7.95704;0;0;-10.6958;0;0;0;-3.59041;4.58006;48.7685;-1.45767;-0.173202;0.134888;0;0;0;0;0;0;3.59041;-4.58006;-48.7685;-22.6505;316.055;-31.5756;
7.95801;0;0;-10.6958;0;0;0;0;0;0;0;0;0;0;0;0;0;0;0;0;-0;-0;0;0;0;
7.95904;0;0;-10.6958;0;0;0;0.535774;1.26345;4.07912;-0.213871;0.0745967;0.00498571;0;0;0;0;0;0;-0.535774;-1.26345;-4.07912;-1.71435;26.2627;-7.90932;
7.96006;0;0;-10.6958;0;0;0;2.1485;1.04887;8.92309;-0.185718;0.317432;0.00560785;0;0;0;0;0;0;-2.1485;-1.04887;-8.92309;-4.20417;57.1977;-5.70927;
7.96102;0;0;-10.6958;0;0;0;-3.64592;13.6403;54.6723;-1.49785;0.27908;-0.274042;0;0;0;0;0;0;3.64592;-13.6403;-54.6723;-24.6761;353.804;-89.8122;
7.96204;0;0;-10.6958;0;0;0;0;0;0;0;0;0;0;0;0;0;0;0;0;-0;-0;0;0;0;
7.96301;0;0;-10.6958;0;0;0;0;0;0;0;0;0;0;0;0;0;0;0;0;-0;-0;0;0;0;
7.96404;0;0;-10.6958;0;0;0;0.528019;-3.27325;15.5264;0.905414;-0.743234;-0.153243;0;0;0;0;0;0;-0.528019;3.27325;-15.5264;-9.05495;101.143;21.5964;
7.96501;0;0;-10.6958;0;0;0;0;0;0;0;0;0;0;0;0;0;0;0;0;-0;-0;0;0;0;
7.96604;0;0;-10.6958;0;0;0;-4.18919;1.65613;19.8509;-0.200576;-0.153314;-0.0375981;0;0;0;0;0;0;4.18919;-1.65613;-19.8509;-9.63337;129.004;-12.7875;
7.96702;0;0;-10.6958;0;0;0;-2.81982;-2.99536;8.8144;0.52492;-0.489935;0.00143487;0;0;0;0;0;0;2.81982;2.99536;-8.8144;-5.26543;57.7998;17.9574;
7.96805;0;0;-10.6958;0;0;0;-4.27738;-2.93234;8.58609;0.511185;-0.462511;0.0967022;0;0;0;0;0;0;4.27738;2.93234;-8.58609;-5.13037;56.4414;16.7201;
7.96902;0;0;-10.6958;0;0;0;2.64155;1.00265;10.6971;-0.613893;0.167231;0.135921;0;0;0;0;0;0;-2.64155;-1.00265;-10.6971;-4.67427;68.7756;-5.29217;
7.97005;0;0;-10.6958;0;0;0;2.27928;-1.94863;11.3324;0.431125;-0.00798466;0.00980671;0;0;0;0;0;0;-2.27928;1.94863;-11.3324;-6.33514;73.0973;13.7456;
7.97101;0;0;-10.6958;0;0;0;0;0;0;0;0;0;0;0;0;0;0;0;0;-0;-0;0;0;0;
7.97205;0;0;-10.6958;0;0;0;0;0;0;0;0;0;0;0;0;0;0;0;0;-0;-0;0;0;0;
7.97302;0;0;-10.6958;0;0;0;0;0;0;0;0;0;0;0;0;0;0;0;0;-0;-0;0;0;0;
7.97405;0;0;-10.6958;0;0;0;1.00809;-0.23993;3.98666;0.157799;0.285507;-0.0227193;0;0;0;0;0;0;-1.00809;0.23993;-3.98666;-2.19014;25.4063;2.08285;
7.97501;0;0;-10.6958;0;0;0;1.52754;-0.660642;6.25532;0.238296;0.449749;-0.0106922;0;0;0;0;0;0;-1.52754;0.660642;-6.25532;-3.45565;39.8677;5.0544;
7.97604;0;0;-10.6958;0;0;0;-10.9724;21.0729;115.038;-2.41922;-0.182238;-0.418358;0;0;0;0;0;0;10.9724;-21.0729;-115.038;-53.4195;745.555;-141.446;
7.97701;0;0;-10.6958;0;0;0;0;0;0;0;0;0;0;0;0;0;0;0;0;-0;-0;0;0;0;
7.97804;0;0;-10.6958;0;0;0;0;0;0;0;0;0;0;0;0;0;0;0;0;-0;-0;0;0;0;
7.97901;0;0;-10.6958;0;0;0;-0.608616;-4.65282;11.8374;0.551215;-0.0263451;0.041203;0;0;0;0;0;0;0.608616;4.65282;-11.8374;-6.98071;76.6725;29.7549;
7.98004;0;0;-10.6958;0;0;0;0;0;0;0;0;0;0;0;0;0;0;0;0;-0;-0;0;0;0;
7.98101;0;0;-10.6958;0;0;0;-0.415844;7.90967;42.9036;-0.837706;0.280451;-0.186412;0;0;0;0;0;0;0.415844;-7.90967;-42.9036;-19.9823;277.338;-51.1968;
7.98204;0;0;-10.6958;0;0;0;-4.58372;3.88248;28.9302;-0.567938;-0.00231409;-0.102885;0;0;0;0;0;0;4.58372;-3.88248;-28.9302;-13.6166;187.634;-27.3249;
7.98301;0;0;-10.6958;0;0;0;0;0;0;0;0;0;0;0;0;0;0;0;0;-0;-0;0;0;0;
7.98404;0;0;-10.6958;0;0;0;0.0121148;-1.44222e-05;0.0471435;0.00296158;-0.0028822;-0.00076194;0;0;0;0;0;0;-0.0121148;1.44222e-05;-0.0471435;-0.0267117;0.306676;0.00695812;
7.98501;0;0;-10.6958;0;0;0;1.38039;-0.472089;5.5498;0.215157;0.398199;-0.0196432;0;0;0;0;0;0;-1.38039;0.472089;-5.5498;-3.05821;35.3694;3.76933;
7.98603;0;0;-10.6958;0;0;0;-5.21813;-6.66298;91.2609;0.806863;0.481333;0.0916899;0;0;0;0;0;0;5.21813;6.66298;-91.2609;-47.4477;590.479;40.3876;
7.98706;0;0;-10.6958;0;0;0;3.70939;0.404016;14.4914;-0.071003;0.656191;-0.00392968;0;0;0;0;0;0;-3.70939;-0.404016;-14.4914;-7.18862;92.7283;-0.741346;
7.98802;0;0;-10.6958;0;0;0;0;0;0;0;0;0;0;0;0;0;0;0;0;-0;-0;0;0;0;
7.98905;0;0;-10.6958;0;0;0;-4.20083;-2.90887;8.47064;0.504149;-0.456482;0.0932633;0;0;0;0;0;0;4.20083;2.90887;-8.47064;-5.06284;55.6807;16.6103;
7.99002;0;0;-10.6958;0;0;0;-0.000376184;-0.010377;0.0252317;0.0007089;0.00202805;0.000844641;0;0;0;0;0;0;0.000376184;0.010377;-0.0252317;-0.0144596;0.161253;0.0661025;
7.99105;0;0;-10.6958;0;0;0;0.760147;-0.57044;3.39517;0.122412;0.246366;0.0139863;0;0;0;0;0;0;-0.760147;0.57044;-3.39517;-1.88992;21.6434;4.05956;
7.99202;0;0;-10.6958;0;0;0;-0.185226;6.45808;21.3875;-0.661134;0.0351719;-0.146919;0;0;0;0;0;0;0.185226;-6.45808;-21.3875;-9.46559;138.356;-41.7287;
7.99305;0;0;-10.6958;0;0;0;0.621192;-0.0689941;2.42594;0.107189;-0.183351;-0.0326616;0;0;0;0;0;0;-0.621192;0.0689941;-2.42594;-1.33618;15.8164;0.791965;
7.99402;0;0;-10.6958;0;0;0;-2.52721;-2.97821;12.9026;0.551525;-0.933693;-0.107491;0;0;0;0;0;0;2.52721;2.97821;-12.9026;-7.34976;84.6636;18.1027;
7.99504;0;0;-10.6958;0;0;0;0;0;0;0;0;0;0;0;0;0;0;0;0;-0;-0;0;0;0;
7.99601;0;0;-10.6958;0;0;0;0;0;0;0;0;0;0;0;0;0;0;0;0;-0;-0;0;0;0;
7.99703;0;0;-10.6958;0;0;0;-6.36789;-8.6864;23.5256;1.39433;-1.31882;-0.109534;0;0;0;0;0;0;6.36789;8.6864;-23.5256;-14.1161;154.162;53.1007;
7.99806;0;0;-10.6958;0;0;0;0.389126;-0.115842;1.55251;0.0964186;-0.094824;-0.0312421;0;0;0;0;0;0;-0.389126;0.115842;-1.55251;-0.890112;10.1002;0.976735;
7.99903;0;0;-10.6958;0;0;0;3.17766;18.2398;49.6784;-2.53915;0.985388;-0.199377;0;0;0;0;0;0;-3.17766;-18.2398;-49.6784;-20.6583;320.104;-116.207;
8.00005;0;0;-10.6958;0;0;0;2.15705;-1.27202;9.1874;0.340134;0.663393;0.0119912;0;0;0;0;0;0;-2.15705;1.27202;-9.1874;-5.09583;58.5607;9.30433;
8.00102;0;0;-10.6958;0;0;0;0;0;0;0;0;0;0;0;0;0;0;0;0;-0;-0;0;0;0;
8.00205;0;0;-10.6958;0;0;0;0.391552;-0.235209;1.67281;0.0725779;-0.126168;-0.0347284;0;0;0;0;0;0;-0.391552;0.235209;-1.67281;-0.938837;10.9096;1.75372;
8.00303;0;0;-10.6958;0;0;0;0.156314;0.0418844;0.620772;0.0278521;-0.0468988;-0.00384898;0;0;0;0;0;0;-0.156314;-0.0418844;-0.620772;-0.336371;4.04748;-0.18839;
8.00406;0;0;-10.6958;0;0;0;0.445834;0.024657;1.73646;0.0772515;-0.131249;-0.0179706;0;0;0;0;0;0;-0.445834;-0.024657;-1.73646;-0.949529;11.321;0.0830366;
8.00502;0;0;-10.6958;0;0;0;2.11283;7.54431;22.015;-1.13759;0.420496;-0.0349224;0;0;0;0;0;0;-2.11283;-7.54431;-22.015;-9.19635;141.799;-47.7107;
8.00604;0;0;-10.6958;0;0;0;1.50597;-0.731524;6.65841;0.267993;-0.153155;-0.0252905;0;0;0;0;0;0;-1.50597;0.731524;-6.65841;-3.69552;43.0806;5.51671;
8.00701;0;0;-10.6958;0;0;0;0;0;0;0;0;0;0;0;0;0;0;0;0;-0;-0;0;0;0;
8.00804;0;0;-10.6958;0;0;0;0.39321;-0.0933599;1.55489;0.0967851;-0.0950017;-0.0301798;0;0;0;0;0;0;-0.39321;0.0933599;-1.55489;-0.889427;10.1154;0.832278;
8.009;0;0;-10.6958;0;0;0;0;0;0;0;0;0;0;0;0;0;0;0;0;-0;-0;0;0;0;
8.01003;0;0;-10.6958;0;0;0;0;0;0;0;0;0;0;0;0;0;0;0;0;-0;-0;0;0;0;
8.01106;0;0;-10.6958;0;0;0;0.204851;-0.0297102;0.802004;0.0500988;-0.0490207;-0.0146124;0;0;0;0;0;0;-0.204851;0.0297102;-0.802004;-0.45709;5.21726;0.310025;
8.01203;0;0;-10.6958;0;0;0;2.49149;8.08986;26.9727;-1.12776;0.266817;-0.135209;0;0;0;0;0;0;-2.49149;-8.08986;-26.9727;-11.649;173.991;-50.9492;
8.01305;0;0;-10.6958;0;0;0;-6.67747;-6.32638;16.0726;0.920117;-0.748648;0.100953;0;0;0;0;0;0;6.67747;6.32638;-16.0726;-9.65089;105.404;37.4655;
8.01402;0;0;-10.6958;0;0;0;0;0;0;0;0;0;0;0;0;0;0;0;0;-0;-0;0;0;0;
8.01504;0;0;-10.6958;0;0;0;0.520949;0.364488;2.29083;-0.120755;0.0408343;0.0209438;0;0;0;0;0;0;-0.520949;-0.364488;-2.29083;-0.996727;14.7281;-2.11667;
8.01601;0;0;-10.6958;0;0;0;1.07412;-0.123275;4.19578;0.185361;-0.317114;-0.0567695;0;0;0;0;0;0;-1.07412;0.123275;-4.19578;-2.31136;27.3551;1.39542;
8.01704;0;0;-10.6958;0;0;0;2.52572;4.79195;16.6725;-0.882679;0.297192;0.0482996;0;0;0;0;0;0;-2.52572;-4.79195;-16.6725;-7.03584;107.316;-29.7787;
8.01801;0;0;-10.6958;0;0;0;3.21113;6.27811;21.5962;-1.14173;0.386361;0.0574461;0;0;0;0;0;0;-3.21113;-6.27811;-21.5962;-9.10821;139.014;-39.0577;
8.01903;0;0;-10.6958;0;0;0;0;0;0;0;0;0;0;0;0;0;0;0;0;-0;-0;0;0;0;
8.02;0;0;-10.6958;0;0;0;3.89755;-9.3087;31.2485;1.34118;0.581488;0.144247;0;0;0;0;0;0;-3.89755;9.3087;-31.2485;-18.0158;201.198;62.0442;
8.02103;0;0;-10.6958;0;0;0;0;0;0;0;0;0;0;0;0;0;0;0;0;-0;-0;0;0;0;
8.02206;0;0;-10.6958;0;0;0;0.100162;-5.63295;17.2574;0.852541;-0.217026;-0.00587853;0;0;0;0;0;0;-0.100162;5.63295;-17.2574;-10.1107;111.858;36.5002;
8.02303;0;0;-10.6958;0;0;0;0.354426;-0.830126;2.68571;0.0844349;0.202964;0.0515913;0;0;0;0;0;0;-0.354426;0.830126;-2.68571;-1.52058;17.1374;5.49767;
8.02406;0;0;-10.6958;0;0;0;0;0;0;0;0;0;0;0;0;0;0;0;0;-0;-0;0;0;0;
8.02503;0;0;-10.6958;0;0;0;0.069477;-0.0224472;0.278384;0.010833;0.0199665;-0.00109363;0;0;0;0;0;0;-0.069477;0.0224472;-0.278384;-0.153321;1.77415;0.181321;
8.02606;0;0;-10.6958;0;0;0;0.728689;4.40478;11.932;-0.60932;0.237461;-0.0504493;0;0;0;0;0;0;-0.728689;-4.40478;-11.932;-4.95997;76.8864;-28.0803;
8.02702;0;0;-10.6958;0;0;0;-3.75269;12.2728;54.5668;-1.39605;0.2458;-0.235175;0;0;0;0;0;0;3.75269;-12.2728;-54.5668;-24.8621;353.165;-81.0572;
8.02806;0;0;-10.6958;0;0;0;-0.9065;-2.72782;6.24819;0.366271;-0.357823;-0.103078;0;0;0;0;0;0;0.9065;2.72782;-6.24819;-3.78725;40.873;17.2948;
8.02903;0;0;-10.6958;0;0;0;-4.47162;5.08263;26.2257;-0.591577;-0.124094;-0.106645;0;0;0;0;0;0;4.47162;-5.08263;-26.2257;-12.1103;170.246;-35.0294;
8.03006;0;0;-10.6958;0;0;0;0.507846;1.47038;4.4887;-0.233505;0.0839648;-0.00108618;0;0;0;0;0;0;-0.507846;-1.47038;-4.4887;-1.88032;28.9059;-9.25609;
8.03103;0;0;-10.6958;0;0;0;-2.70245;-1.98572;5.60378;0.332933;-0.302728;0.0532853;0;0;0;0;0;0;2.70245;1.98572;-5.60378;-3.3549;36.8287;11.4325;
8.03205;0;0;-10.6958;0;0;0;2.68667;1.02373;10.9359;-0.161208;0.427658;-0.00618041;0;0;0;0;0;0;-2.68667;-1.02373;-10.9359;-5.24522;70.0559;-5.26366;
8.03302;0;0;-10.6958;0;0;0;0;0;0;0;0;0;0;0;0;0;0;0;0;-0;-0;0;0;0;
8.03405;0;0;-10.6958;0;0;0;0;0;0;0;0;0;0;0;0;0;0;0;0;-0;-0;0;0;0;
8.03501;0;0;-10.6958;0;0;0;0;0;0;0;0;0;0;0;0;0;0;0;0;-0;-0;0;0;0;
8.03604;0;0;-10.6958;0;0;0;-0.105174;-0.711199;5.21145;0.226262;-0.383643;-0.047789;0;0;0;0;0;0;0.105174;0.711199;-5.21145;-2.92284;34.111;4.59609;
8.03702;0;0;-10.6958;0;0;0;-4.94254;9.87989;56.1317;-1.33035;0.102963;-0.139736;0;0;0;0;0;0;4.94254;-9.87989;-56.1317;-25.956;363.551;-66.2706;
8.03805;0;0;-10.6958;0;0;0;0;0;0;0;0;0;0;0;0;0;0;0;0;-0;-0;0;0;0;
8.03902;0;0;-10.6958;0;0;0;0;0;0;0;0;0;0;0;0;0;0;0;0;-0;-0;0;0;0;
8.04005;0;0;-10.6958;0;0;0;-12.7706;-6.86769;33.6116;0.882814;-1.14073;0.102529;0;0;0;0;0;0;12.7706;6.86769;-33.6116;-18.5032;219.88;37.8965;
8.04102;0;0;-10.6958;0;0;0;0.664489;-0.547897;3.03902;0.108349;0.22104;0.0161601;0;0;0;0;0;0;-0.664489;0.547897;-3.03902;-1.69419;19.3741;3.86334;
8.04205;0;0;-10.6958;0;0;0;0;0;0;0;0;0;0;0;0;0;0;0;0;-0;-0;0;0;0;
8.04302;0;0;-10.6958;0;0;0;0;0;0;0;0;0;0;0;0;0;0;0;0;-0;-0;0;0;0;
8.04405;0;0;-10.6958;0;0;0;0;0;0;0;0;0;0;0;0;0;0;0;0;-0;-0;0;0;0;
8.04502;0;0;-10.6958;0;0;0;0;0;0;0;0;0;0;0;0;0;0;0;0;-0;-0;0;0;0;
8.04605;0;0;-10.6958;0;0;0;0;0;0;0;0;0;0;0;0;0;0;0;0;-0;-0;0;0;0;
8.04702;0;0;-10.6958;0;0;0;3.55914;-3.27463;16.9448;0.6217;0.618841;0.0336655;0;0;0;0;0;0;-3.55914;3.27463;-16.9448;-9.48596;108.653;22.9453;
8.04805;0;0;-10.6958;0;0;0;0;0;0;0;0;0;0;0;0;0;0;0;0;-0;-0;0;0;0;
8.04901;0;0;-10.6958;0;0;0;0;0;0;0;0;0;0;0;0;0;0;0;0;-0;-0;0;0;0;
8.05002;0;0;-10.6958;0;0;0;1.56385;0.495552;6.45533;-0.0612189;-0.170851;-0.000660293;0;0;0;0;0;0;-1.56385;-0.495552;-6.45533;-3.14103;41.7785;-2.41764;
8.05103;0;0;-10.6958;0;0;0;0.10504;0.0116927;0.410219;-0.0241561;0.00632809;0.00600499;0;0;0;0;0;0;-0.10504;-0.0116927;-0.410219;-0.181323;2.63716;-0.0287393;
8.05204;0;0;-10.6958;0;0;0;2.22557;-2.32332;11.1941;0.474967;0.343338;0.018465;0;0;0;0;0;0;-2.22557;2.32332;-11.1941;-6.34694;71.8565;16.134;
8.05306;0;0;-10.6958;0;0;0;-4.42565;-3.83007;10.0201;0.592619;-0.545216;0.0533441;0;0;0;0;0;0;4.42565;3.83007;-10.0201;-6.02419;65.8161;22.4968;
8.05401;0;0;-10.6958;0;0;0;0;0;0;0;0;0;0;0;0;0;0;0;0;-0;-0;0;0;0;
8.05501;0;0;-10.6958;0;0;0;0;0;0;0;0;0;0;0;0;0;0;0;0;-0;-0;0;0;0;
8.05605;0;0;-10.6958;0;0;0;0;0;0;0;0;0;0;0;0;0;0;0;0;-0;-0;0;0;0;
8.05703;0;0;-10.6958;0;0;0;0.624536;-0.194257;2.49725;-0.153145;0.0388658;0.0413233;0;0;0;0;0;0;-0.624536;0.194257;-2.49725;-1.12433;16.0551;1.53008;
8.05803;0;0;-10.6958;0;0;0;0.781495;2.22979;23.6615;0.117016;-0.607474;-0.193132;0;0;0;0;0;0;-0.781495;-2.22979;-23.6615;-11.8132;153.613;-13.8393;
8.05905;0;0;-10.6958;0;0;0;0;0;0;0;0;0;0;0;0;0;0;0;0;-0;-0;0;0;0;
8.06;0;0;-10.6958;0;0;0;3.19856;10.2209;44.5607;-1.16215;-0.245186;-0.211641;0;0;0;0;0;0;-3.19856;-10.2209;-44.5607;-20.2612;288.221;-64.3037;
8.06102;0;0;-10.6958;0;0;0;0;0;0;0;0;0;0;0;0;0;0;0;0;-0;-0;0;0;0;
8.06205;0;0;-10.6958;0;0;0;0;0;0;0;0;0;0;0;0;0;0;0;0;-0;-0;0;0;0;
8.06301;0;0;-10.6958;0;0;0;0;0;0;0;0;0;0;0;0;0;0;0;0;-0;-0;0;0;0;
8.06403;0;0;-10.6958;0;0;0;1.13976;-0.167513;4.46294;-0.269569;0.068912;0.0714298;0;0;0;0;0;0;-1.13976;0.167513;-4.46294;-1.99546;28.6909;1.5865;
8.06504;0;0;-10.6958;0;0;0;0;0;0;0;0;0;0;0;0;0;0;0;0;-0;-0;0;0;0;
8.06601;0;0;-10.6958;0;0;0;0;0;0;0;0;0;0;0;0;0;0;0;0;-0;-0;0;0;0;
8.06703;0;0;-10.6958;0;0;0;0;0;0;0;0;0;0;0;0;0;0;0;0;-0;-0;0;0;0;
8.06806;0;0;-10.6958;0;0;0;4.23752;-2.18038;59.6794;-0.680461;-0.743468;0.366435;0;0;0;0;0;0;-4.23752;2.18038;-59.6794;-29.6021;386.429;15.8748;
8.06903;0;0;-10.6958;0;0;0;1.33899;0.695154;5.59756;-0.31732;0.0885182;0.0649128;0;0;0;0;0;0;-1.33899;-0.695154;-5.59756;-2.43282;35.9921;-3.88786;
8.07005;0;0;-10.6958;0;0;0;2.96196;0.736329;12.2168;0.118164;0.0644505;-0.0995655;0;0;0;0;0;0;-2.96196;-0.736329;-12.2168;-6.19867;78.6781;-3.17218;
8.07102;0;0;-10.6958;0;0;0;0;0;0;0;0;0;0;0;0;0;0;0;0;-0;-0;0;0;0;
8.07204;0;0;-10.6958;0;0;0;0;0;0;0;0;0;0;0;0;0;0;0;0;-0;-0;0;0;0;
8.07301;0;0;-10.6958;0;0;0;1.39645;-8.56862;28.0691;1.34915;-0.171687;0.0290527;0;0;0;0;0;0;-1.39645;8.56862;-28.0691;-16.348;181.632;56.1112;
8.07404;0;0;-10.6958;0;0;0;1.62652;-1.42941;7.57286;0.461987;-0.459928;-0.18604;0;0;0;0;0;0;-1.62652;1.42941;-7.57286;-4.42015;49.2914;10.2533;
8.07501;0;0;-10.6958;0;0;0;0;0;0;0;0;0;0;0;0;0;0;0;0;-0;-0;0;0;0;
8.07603;0;0;-10.6958;0;0;0;0;0;0;0;0;0;0;0;0;0;0;0;0;-0;-0;0;0;0;
8.07705;0;0;-10.6958;0;0;0;0;0;0;0;0;0;0;0;0;0;0;0;0;-0;-0;0;0;0;
8.078;0;0;-10.6958;0;0;0;2.70222;-7.54631;24.8393;1.07378;0.401686;0.135678;0;0;0;0;0;0;-2.70222;7.54631;-24.8393;-14.3432;160.031;50.0483;
8.07901;0;0;-10.6958;0;0;0;0.12357;-0.741287;2.00961;0.0592518;0.156501;0.0540854;0;0;0;0;0;0;-0.12357;0.741287;-2.00961;-1.14591;12.8328;4.8041;
8.08001;0;0;-10.6958;0;0;0;0.847757;-2.66729;8.13266;0.313773;0.307503;0.0888443;0;0;0;0;0;0;-0.847757;2.66729;-8.13266;-4.67801;52.2237;17.5949;
8.08101;0;0;-10.6958;0;0;0;0;0;0;0;0;0;0;0;0;0;0;0;0;-0;-0;0;0;0;
8.082;0;0;-10.6958;0;0;0;8.3083;8.57529;65.0432;-1.72739;0.609268;0.0831233;0;0;0;0;0;0;-8.3083;-8.57529;-65.0432;-30.1792;419.37;-51.3776;
8.08305;0;0;-10.6958;0;0;0;0;0;0;0;0;0;0;0;0;0;0;0;0;-0;-0;0;0;0;
8.08405;0;0;-10.6958;0;0;0;0;0;0;0;0;0;0;0;0;0;0;0;0;-0;-0;0;0;0;
8.08505;0;0;-10.6958;0;0;0;0.860168;1.48465;5.36633;-0.285428;0.0945862;0.019583;0;0;0;0;0;0;-0.860168;-1.48465;-5.36633;-2.26911;34.538;-9.19159;
8.08604;0;0;-10.6958;0;0;0;0;0;0;0;0;0;0;0;0;0;0;0;0;-0;-0;0;0;0;
8.08703;0;0;-10.6958;0;0;0;1.77826;-0.253561;6.9606;0.307148;-0.526054;-0.0976318;0;0;0;0;0;0;-1.77826;0.253561;-6.9606;-3.83903;45.3811;2.63392;
8.08804;0;0;-10.6958;0;0;0;-5.56102;-7.15843;28.3952;0.88401;-0.610983;0.0531776;0;0;0;0;0;0;5.56102;7.15843;-28.3952;-15.9059;184.878;43.4586;
8.08905;0;0;-10.6958;0;0;0;0;0;0;0;0;0;0;0;0;0;0;0;0;-0;-0;0;0;0;
8.09;0;0;-10.6958;0;0;0;0;0;0;0;0;0;0;0;0;0;0;0;0;-0;-0;0;0;0;
8.09102;0;0;-10.6958;0;0;0;5.40953;-3.13463;68.8987;-0.541524;-0.202261;0.277419;0;0;0;0;0;0;-5.40953;3.13463;-68.8987;-34.4811;445.417;22.7279;
8.09204;0;0;-10.6958;0;0;0;-2.32646;9.18834;62.2782;-0.753787;0.00460279;-0.309596;0;0;0;0;0;0;2.32646;-9.18834;-62.2782;-29.6986;403.152;-60.3085;
8.09305;0;0;-10.6958;0;0;0;2.27258;-1.18239;9.84412;0.494315;-0.0251122;-0.0646732;0;0;0;0;0;0;-2.27258;1.18239;-9.84412;-5.57189;63.4862;8.85923;
8.094;0;0;-10.6958;0;0;0;0;0;0;0;0;0;0;0;0;0;0;0;0;-0;-0;0;0;0;
8.09502;0;0;-10.6958;0;0;0;0.285871;-11.4956;31.4698;1.08392;0.273147;0.239089;0;0;0;0;0;0;-0.285871;11.4956;-31.4698;-18.0893;203.299;74.2787;
8.09604;0;0;-10.6958;0;0;0;4.52788;4.09145;21.2566;-1.17169;0.348936;0.182419;0;0;0;0;0;0;-4.52788;-4.09145;-21.2566;-9.12645;136.722;-24.3721;
8.09701;0;0;-10.6958;0;0;0;0;0;0;0;0;0;0;0;0;0;0;0;0;-0;-0;0;0;0;
8.09803;0;0;-10.6958;0;0;0;0;0;0;0;0;0;0;0;0;0;0;0;0;-0;-0;0;0;0;
8.09906;0;0;-10.6958;0;0;0;1.18153;5.90408;16.9986;-0.739195;0.249179;-0.0913872;0;0;0;0;0;0;-1.18153;-5.90408;-16.9986;-7.23227;109.609;-37.5112;
8.10003;0;0;-10.6958;0;0;0;0.662111;-0.450697;2.89484;0.105547;0.2096;0.00849179;0;0;0;0;0;0;-0.662111;0.450697;-2.89484;-1.60902;18.4529;3.24094;
8.10106;0;0;-10.6958;0;0;0;-0.208936;-0.712586;2.30118;0.137705;-0.132991;-0.0286792;0;0;0;0;0;0;0.208936;0.712586;-2.30118;-1.36837;15.0419;4.53366;
8.10202;0;0;-10.6958;0;0;0;0.246964;-0.0174142;0.96242;0.0394226;0.0688051;-0.00887114;0;0;0;0;0;0;-0.246964;0.0174142;-0.96242;-0.525997;6.13304;0.245947;
8.10304;0;0;-10.6958;0;0;0;0;0;0;0;0;0;0;0;0;0;0;0;0;-0;-0;0;0;0;
8.10401;0;0;-10.6958;0;0;0;-1.27202;-1.59025;52.6108;0.0313975;-0.443589;0.0232066;0;0;0;0;0;0;1.27202;1.59025;-52.6108;-26.694;340.949;9.62449;
8.10504;0;0;-10.6958;0;0;0;0;0;0;0;0;0;0;0;0;0;0;0;0;-0;-0;0;0;0;
8.10601;0;0;-10.6958;0;0;0;-2.84477;0.803539;23.4064;-0.0628755;-0.304176;-0.0901225;0;0;0;0;0;0;2.84477;-0.803539;-23.4064;-11.6478;152.022;-6.54164;
8.10703;0;0;-10.6958;0;0;0;0.657078;-0.201386;2.62536;0.102507;0.188235;-0.0112164;0;0;0;0;0;0;-0.657078;0.201386;-2.62536;-1.44525;16.7313;1.64514;
8.108;0;0;-10.6958;0;0;0;0;0;0;0;0;0;0;0;0;0;0;0;0;-0;-0;0;0;0;
8.10903;0;0;-10.6958;0;0;0;2.60313;-1.09659;10.7053;0.425685;0.185298;-0.0593098;0;0;0;0;0;0;-2.60313;1.09659;-10.7053;-5.92851;68.8142;8.46529;
8.11005;0;0;-10.6958;0;0;0;0.901768;-2.23804;7.54371;0.394601;-0.191747;-0.0803775;0;0;0;0;0;0;-0.901768;2.23804;-7.54371;-4.41915;48.9071;15.0142;
8.11102;0;0;-10.6958;0;0;0;4.29677;0.85034;16.934;-0.411309;0.580455;0.0689605;0;0;0;0;0;0;-4.29677;-0.85034;-16.934;-8.03415;108.547;-3.40588;
8.11204;0;0;-10.6958;0;0;0;0.99704;0.740374;4.44233;-0.247498;0.0717569;0.0435893;0;0;0;0;0;0;-0.99704;-0.740374;-4.44233;-1.91617;28.569;-4.33134;
8.11301;0;0;-10.6958;0;0;0;3.56946;3.59864;18.5828;-0.622465;0.0646436;0.0168446;0;0;0;0;0;0;-3.56946;-3.59864;-18.5828;-8.37814;119.803;-21.5009;
8.11404;0;0;-10.6958;0;0;0;-0.159164;8.54004;24.6692;-0.90467;0.196567;-0.217888;0;0;0;0;0;0;0.159164;-8.54004;-24.6692;-10.6668;159.422;-55.114;
8.11501;0;0;-10.6958;0;0;0;-0.208223;10.7241;38.7889;-1.11844;-0.0275533;-0.277149;0;0;0;0;0;0;0.208223;-10.7241;-38.7889;-17.3471;251.002;-69.2098;
8.11603;0;0;-10.6958;0;0;0;3.0597;-0.694792;12.0829;-0.735355;0.187184;0.196975;0;0;0;0;0;0;-3.0597;0.694792;-12.0829;-5.42117;77.679;5.8395;
8.11706;0;0;-10.6958;0;0;0;2.62944;-3.32409;20.0679;-0.0769741;-0.396876;0.0767542;0;0;0;0;0;0;-2.62944;3.32409;-20.0679;-10.3656;129.967;22.7538;
8.11802;0;0;-10.6958;0;0;0;0.553639;-0.0753708;2.16598;0.135344;-0.1324;-0.0392022;0;0;0;0;0;0;-0.553639;0.0753708;-2.16598;-1.23404;14.0902;0.805733;
8.11905;0;0;-10.6958;0;0;0;3.38093;4.03185;17.5404;-0.505785;0.540789;-0.026972;0;0;0;0;0;0;-3.38093;-4.03185;-17.5404;-7.92629;112.602;-24.3548;
8.12001;0;0;-10.6958;0;0;0;0.80309;0.0305181;3.12645;0.138982;-0.236318;-0.0333935;0;0;0;0;0;0;-0.80309;-0.0305181;-3.12645;-1.71091;20.3831;0.240516;
8.12104;0;0;-10.6958;0;0;0;0;0;0;0;0;0;0;0;0;0;0;0;0;-0;-0;0;0;0;
8.12206;0;0;-10.6958;0;0;0;0;0;0;0;0;0;0;0;0;0;0;0;0;-0;-0;0;0;0;
8.12303;0;0;-10.6958;0;0;0;0;0;0;0;0;0;0;0;0;0;0;0;0;-0;-0;0;0;0;
8.12405;0;0;-10.6958;0;0;0;10.2355;1.57912;40.1129;-0.816684;0.682092;0.173638;0;0;0;0;0;0;-10.2355;-1.57912;-40.1129;-19.2324;257.811;-5.23387;
8.12502;0;0;-10.6958;0;0;0;-13.0828;6.3816;44.9857;-0.697377;-0.541025;-0.117212;0;0;0;0;0;0;13.0828;-6.3816;-44.9857;-21.3251;292.897;-47.7606;
8.12604;0;0;-10.6958;0;0;0;2.32945;-0.292822;9.18559;-0.143224;0.0279831;0.0223204;0;0;0;0;0;0;-2.32945;0.292822;-9.18559;-4.51348;59.1668;3.04564;
8.127;0;0;-10.6958;0;0;0;0;0;0;0;0;0;0;0;0;0;0;0;0;-0;-0;0;0;0;
8.12803;0;0;-10.6958;0;0;0;7.27122;18.5088;58.4343;-3.05424;1.07804;0.0385887;0;0;0;0;0;0;-7.27122;-18.5088;-58.4343;-24.5277;376.247;-116.122;
8.12905;0;0;-10.6958;0;0;0;0;0;0;0;0;0;0;0;0;0;0;0;0;-0;-0;0;0;0;
8.13002;0;0;-10.6958;0;0;0;1.56137;-8.25621;24.8057;1.15449;-0.0148269;0.0233161;0;0;0;0;0;0;-1.56137;8.25621;-24.8057;-14.4782;160.345;54.1786;
8.13105;0;0;-10.6958;0;0;0;0.155546;-0.613273;1.75808;0.0529921;0.135359;0.0425289;0;0;0;0;0;0;-0.155546;0.613273;-1.75808;-1.00011;11.2234;4.00354;
8.13202;0;0;-10.6958;0;0;0;2.12385;5.58176;17.4803;-0.845927;0.360298;-0.0134703;0;0;0;0;0;0;-2.12385;-5.58176;-17.4803;-7.40055;112.52;-35.029;
8.13305;0;0;-10.6958;0;0;0;0;0;0;0;0;0;0;0;0;0;0;0;0;-0;-0;0;0;0;
8.13401;0;0;-10.6958;0;0;0;0.0164302;-0.393069;0.992375;0.0283774;0.0787411;0.0307187;0;0;0;0;0;0;-0.0164302;0.393069;-0.992375;-0.567695;6.34001;2.52061;
8.13504;0;0;-10.6958;0;0;0;0.0455272;-0.857951;4.45422;0.177627;-0.174844;0.00148751;0;0;0;0;0;0;-0.0455272;0.857951;-4.45422;-2.50749;28.9879;5.57215;
8.13601;0;0;-10.6958;0;0;0;-0.0931486;-1.37876;3.3079;0.194533;-0.193169;-0.0750362;0;0;0;0;0;0;0.0931486;1.37876;-3.3079;-1.99912;21.6037;8.94827;
8.13704;0;0;-10.6958;0;0;0;0.743916;-0.0850645;2.90583;0.128367;-0.219626;-0.0392922;0;0;0;0;0;0;-0.743916;0.0850645;-2.90583;-1.60074;18.945;0.964393;
8.13801;0;0;-10.6958;0;0;0;1.27135;-0.983598;5.72017;0.246889;-0.430962;-0.128978;0;0;0;0;0;0;-1.27135;0.983598;-5.72017;-3.22708;37.3114;7.13304;
8.13904;0;0;-10.6958;0;0;0;1.27084;0.368424;5.55599;0.169043;-0.217662;-0.0634466;0;0;0;0;0;0;-1.27084;-0.368424;-5.55599;-2.93102;36.036;-1.67995;
8.14001;0;0;-10.6958;0;0;0;2.8544;-2.62541;13.614;0.547885;0.611454;0.0353005;0;0;0;0;0;0;-2.8544;2.62541;-13.614;-7.66927;87.1815;18.3883;
8.14104;0;0;-10.6958;0;0;0;1.81298;-1.16898;8.23049;0.396806;0.0444247;-0.0301855;0;0;0;0;0;0;-1.81298;1.16898;-8.23049;-4.66019;53.0228;8.50649;
8.14201;0;0;-10.6958;0;0;0;0.278818;-0.106633;1.12974;0.0493837;-0.0853122;-0.0202403;0;0;0;0;0;0;-0.278818;0.106633;-1.12974;-0.629191;7.36645;0.850583;
8.14304;0;0;-10.6958;0;0;0;2.19537;3.45974;13.0191;-0.65579;0.248907;0.0442818;0;0;0;0;0;0;-2.19537;-3.45974;-13.0191;-5.556;83.761;-21.3219;
8.14401;0;0;-10.6958;0;0;0;0.515775;1.28402;4.07948;-0.213413;0.0750782;0.0033513;0;0;0;0;0;0;-0.515775;-1.28402;-4.07948;-1.71299;26.2663;-8.05074;
8.14504;0;0;-10.6958;0;0;0;0;0;0;0;0;0;0;0;0;0;0;0;0;-0;-0;0;0;0;
8.146;0;0;-10.6958;0;0;0;-0.0952693;-0.57797;2.57167;0.155991;-0.149955;-0.0279228;0;0;0;0;0;0;0.0952693;0.57797;-2.57167;-1.50943;16.7975;3.71923;
8.14702;0;0;-10.6958;0;0;0;0;0;0;0;0;0;0;0;0;0;0;0;0;-0;-0;0;0;0;
8.14804;0;0;-10.6958;0;0;0;0;0;0;0;0;0;0;0;0;0;0;0;0;-0;-0;0;0;0;
8.149;0;0;-10.6958;0;0;0;0;0;0;0;0;0;0;0;0;0;0;0;0;-0;-0;0;0;0;
8.15003;0;0;-10.6958;0;0;0;-1.71358;-6.94418;60.6125;0.764647;0.0889517;0.136581;0;0;0;0;0;0;1.71358;6.94418;-60.6125;-31.995;392.229;43.927;
8.15106;0;0;-10.6958;0;0;0;-3.26255;-4.1644;21.6196;-0.202005;-0.599756;0.255903;0;0;0;0;0;0;3.26255;4.1644;-21.6196;-11.1066;140.8;25.043;
8.15203;0;0;-10.6958;0;0;0;3.77772;-4.29837;20.5901;0.883794;-0.171322;-0.122073;0;0;0;0;0;0;-3.77772;4.29837;-20.5901;-11.6871;133.005;29.8344;
8.15306;0;0;-10.6958;0;0;0;-3.36777;-3.75489;19.4956;0.387836;-1.02885;0.0503762;0;0;0;0;0;0;3.36777;3.75489;-19.4956;-10.5854;127.498;22.5462;
8.15403;0;0;-10.6958;0;0;0;0;0;0;0;0;0;0;0;0;0;0;0;0;-0;-0;0;0;0;
8.155;0;0;-10.6958;0;0;0;0;0;0;0;0;0;0;0;0;0;0;0;0;-0;-0;0;0;0;
8.15604;0;0;-10.6958;0;0;0;-1.53167;-2.87015;8.7595;0.522644;-0.499156;-0.0721657;0;0;0;0;0;0;1.53167;2.87015;-8.7595;-5.22303;57.3242;17.8696;
8.15701;0;0;-10.6958;0;0;0;-4.74912;-8.33529;25.1452;1.42806;-1.10953;-0.0573542;0;0;0;0;0;0;4.74912;8.33529;-25.1452;-14.9307;164.268;51.5919;
8.15804;0;0;-10.6958;0;0;0;-1.38685;-0.736231;2.84859;0.121193;-0.200251;0.00724758;0;0;0;0;0;0;1.38685;0.736231;-2.84859;-1.63;18.7688;4.05731;
8.15901;0;0;-10.6958;0;0;0;0;0;0;0;0;0;0;0;0;0;0;0;0;-0;-0;0;0;0;
8.16004;0;0;-10.6958;0;0;0;-1.65293;-1.33015;4.36438;0.184244;-0.31017;-0.0247522;0;0;0;0;0;0;1.65293;1.33015;-4.36438;-2.51618;28.7121;7.79773;
8.16101;0;0;-10.6958;0;0;0;1.92133;-0.16967;7.49357;0.331378;-0.566395;-0.0977889;0;0;0;0;0;0;-1.92133;0.16967;-7.49357;-4.12338;48.8551;2.1634;
8.16204;0;0;-10.6958;0;0;0;5.96379;-0.358835;23.2373;-0.0334033;0.717908;0.0124416;0;0;0;0;0;0;-5.96379;0.358835;-23.2373;-11.7087;149.023;5.31346;
8.16301;0;0;-10.6958;0;0;0;2.51204;-0.509624;9.89398;0.147698;0.570794;-0.00580889;0;0;0;0;0;0;-2.51204;0.509624;-9.89398;-5.18301;63.1886;4.56841;
8.16404;0;0;-10.6958;0;0;0;0;0;0;0;0;0;0;0;0;0;0;0;0;-0;-0;0;0;0;
8.16501;0;0;-10.6958;0;0;0;-5.07464;11.0398;49.8957;-1.40096;0.257229;-0.247545;0;0;0;0;0;0;5.07464;-11.0398;-49.8957;-22.6283;323.062;-73.733;
8.16604;0;0;-10.6958;0;0;0;0;0;0;0;0;0;0;0;0;0;0;0;0;-0;-0;0;0;0;
8.16701;0;0;-10.6958;0;0;0;0.744766;2.96803;9.00024;-0.39016;0.107314;-0.0425463;0;0;0;0;0;0;-0.744766;-2.96803;-9.00024;-3.84638;58.047;-18.7846;
8.16804;0;0;-10.6958;0;0;0;7.42569;0.995779;30.3139;-1.09136;-0.118329;0.171594;0;0;0;0;0;0;-7.42569;-0.995779;-30.3139;-14.08;195.497;-2.87319;
8.169;0;0;-10.6958;0;0;0;0;0;0;0;0;0;0;0;0;0;0;0;0;-0;-0;0;0;0;
8.17003;0;0;-10.6958;0;0;0;0;0;0;0;0;0;0;0;0;0;0;0;0;-0;-0;0;0;0;
8.171;0;0;-10.6958;0;0;0;-8.64695;8.9404;77.8424;-1.58739;-0.847701;-0.0173331;0;0;0;0;0;0;8.64695;-8.9404;-77.8424;-36.7309;505.332;-62.1805;
8.17204;0;0;-10.6958;0;0;0;0;0;0;0;0;0;0;0;0;0;0;0;0;-0;-0;0;0;0;
8.17301;0;0;-10.6958;0;0;0;0;0;0;0;0;0;0;0;0;0;0;0;0;-0;-0;0;0;0;
8.17404;0;0;-10.6958;0;0;0;0;0;0;0;0;0;0;0;0;0;0;0;0;-0;-0;0;0;0;
8.17501;0;0;-10.6958;0;0;0;0;0;0;0;0;0;0;0;0;0;0;0;0;-0;-0;0;0;0;
8.17604;0;0;-10.6958;0;0;0;0;0;0;0;0;0;0;0;0;0;0;0;0;-0;-0;0;0;0;
8.17701;0;0;-10.6958;0;0;0;1.45791;-0.320551;5.75215;0.253013;-0.434656;-0.0883496;0;0;0;0;0;0;-1.45791;0.320551;-5.75215;-3.18288;37.5033;2.89667;
8.17803;0;0;-10.6958;0;0;0;0;0;0;0;0;0;0;0;0;0;0;0;0;-0;-0;0;0;0;
8.179;0;0;-10.6958;0;0;0;0.40126;-5.19723;14.8979;0.696748;-0.0294028;0.0232438;0;0;0;0;0;0;-0.40126;5.19723;-14.8979;-8.72268;96.374;33.8034;
8.18003;0;0;-10.6958;0;0;0;0;0;0;0;0;0;0;0;0;0;0;0;0;-0;-0;0;0;0;
8.181;0;0;-10.6958;0;0;0;0;0;0;0;0;0;0;0;0;0;0;0;0;-0;-0;0;0;0;
8.18204;0;0;-10.6958;0;0;0;0;0;0;0;0;0;0;0;0;0;0;0;0;-0;-0;0;0;0;
8.18301;0;0;-10.6958;0;0;0;0;0;0;0;0;0;0;0;0;0;0;0;0;-0;-0;0;0;0;
8.18403;0;0;-10.6958;0;0;0;0;0;0;0;0;0;0;0;0;0;0;0;0;-0;-0;0;0;0;
8.18506;0;0;-10.6958;0;0;0;3.52373;10.7642;34.8379;-1.3768;0.381481;-0.151317;0;0;0;0;0;0;-3.52373;-10.7642;-34.8379;-15.0945;224.656;-67.715;
8.18602;0;0;-10.6958;0;0;0;0.995015;2.46759;7.84852;-0.410639;0.144392;0.00666269;0;0;0;0;0;0;-0.995015;-2.46759;-7.84852;-3.29587;50.5335;-15.47;
8.18704;0;0;-10.6958;0;0;0;-2.11169;-4.21628;11.9695;0.629605;-0.314916;0.0377171;0;0;0;0;0;0;2.11169;4.21628;-11.9695;-7.082;77.9654;26.1766;
8.188;0;0;-10.6958;0;0;0;-0.355173;-0.255842;1.66095;0.071896;-0.119988;-0.0031081;0;0;0;0;0;0;0.355173;0.255842;-1.66095;-0.934268;10.9014;1.4794;
8.18903;0;0;-10.6958;0;0;0;1.53422;1.4924;7.37321;-0.404728;0.121897;0.0595431;0;0;0;0;0;0;-1.53422;-1.4924;-7.37321;-3.16008;47.4268;-8.94205;
8.19006;0;0;-10.6958;0;0;0;-0.504333;1.51052;6.10554;-0.328838;0.141677;-0.0622139;0;0;0;0;0;0;0.504333;-1.51052;-6.10554;-2.59555;39.4099;-9.96446;
8.19103;0;0;-10.6958;0;0;0;-2.82393;-2.06923;5.84776;0.347431;-0.315899;0.0559965;0;0;0;0;0;0;2.82393;2.06923;-5.84776;-3.50072;38.4322;11.9087;
8.19206;0;0;-10.6958;0;0;0;0;0;0;0;0;0;0;0;0;0;0;0;0;-0;-0;0;0;0;
8.19303;0;0;-10.6958;0;0;0;1.94799;-2.13485;9.76905;0.336136;0.716669;0.0895878;0;0;0;0;0;0;-1.94799;2.13485;-9.76905;-5.47143;62.2909;14.7036;
8.19406;0;0;-10.6958;0;0;0;3.12862;0.557193;12.2933;-0.0945638;0.534838;-0.00339524;0;0;0;0;0;0;-3.12862;-0.557193;-12.2933;-6.04254;78.6853;-2.02538;
8.19502;0;0;-10.6958;0;0;0;0;0;0;0;0;0;0;0;0;0;0;0;0;-0;-0;0;0;0;
8.19604;0;0;-10.6958;0;0;0;0;0;0;0;0;0;0;0;0;0;0;0;0;-0;-0;0;0;0;
8.197;0;0;-10.6958;0;0;0;-9.60786;4.94504;58.1736;-0.455414;-0.487945;-0.162399;0;0;0;0;0;0;9.60786;-4.94504;-58.1736;-28.355;377.817;-36.6706;
8.19803;0;0;-10.6958;0;0;0;0.399378;-0.0195816;1.55522;0.0688841;-0.117555;-0.0191694;0;0;0;0;0;0;-0.399378;0.0195816;-1.55522;-0.854317;10.1393;0.34705;
8.199;0;0;-10.6958;0;0;0;-3.5774;9.46298;55.0479;-1.0998;0.242938;-0.170503;0;0;0;0;0;0;3.5774;-9.46298;-55.0479;-25.6831;356.259;-62.8543;
8.20003;0;0;-10.6958;0;0;0;-0.0182981;4.0874;19.52;-0.435905;-0.163881;-0.0774028;0;0;0;0;0;0;0.0182981;-4.0874;-19.52;-8.98799;126.454;-26.376;
8.20105;0;0;-10.6958;0;0;0;-8.176;-8.94757;21.5934;1.27034;-1.18814;-0.0113298;0;0;0;0;0;0;8.176;8.94757;-21.5934;-13.0452;141.71;53.7806;
8.20202;0;0;-10.6958;0;0;0;-3.07748;-18.4297;49.5791;2.3584;-0.282763;0.193776;0;0;0;0;0;0;3.07748;18.4297;-49.5791;-29.1818;321.353;117.491;
8.20305;0;0;-10.6958;0;0;0;-8.1175;-14.3377;35.3599;1.85801;-0.985562;0.0895972;0;0;0;0;0;0;8.1175;14.3377;-35.3599;-21.1082;230.567;88.5816;
8.20403;0;0;-10.6958;0;0;0;0.821719;-0.124376;3.2188;0.201006;-0.196755;-0.0589169;0;0;0;0;0;0;-0.821719;0.124376;-3.2188;-1.835;20.9391;1.27755;
8.20506;0;0;-10.6958;0;0;0;0;0;0;0;0;0;0;0;0;0;0;0;0;-0;-0;0;0;0;
8.20603;0;0;-10.6958;0;0;0;4.13228;2.43042;31.9765;-0.950289;0.0109782;0.0904187;0;0;0;0;0;0;-4.13228;-2.43042;-31.9765;-14.9149;206.453;-13.7328;
8.20706;0;0;-10.6958;0;0;0;1.29026;3.25357;10.2992;-0.538504;0.18984;0.00749129;0;0;0;0;0;0;-1.29026;-3.25357;-10.2992;-4.32381;66.3135;-20.4071;
8.20803;0;0;-10.6958;0;0;0;0.0858292;-0.622629;1.65865;0.0485586;0.129694;0.0461722;0;0;0;0;0;0;-0.0858292;0.622629;-1.65865;-0.946536;10.5927;4.02529;
8.20905;0;0;-10.6958;0;0;0;0;0;0;0;0;0;0;0;0;0;0;0;0;-0;-0;0;0;0;
8.21002;0;0;-10.6958;0;0;0;0;0;0;0;0;0;0;0;0;0;0;0;0;-0;-0;0;0;0;
8.21105;0;0;-10.6958;0;0;0;0;0;0;0;0;0;0;0;0;0;0;0;0;-0;-0;0;0;0;
8.21202;0;0;-10.6958;0;0;0;2.99066;8.69372;26.514;-1.37903;0.496323;-0.00719224;0;0;0;0;0;0;-2.99066;-8.69372;-26.514;-11.1066;170.741;-54.7319;
8.21305;0;0;-10.6958;0;0;0;-3.33538;-3.32334;8.25098;0.486331;-0.451961;0.0145528;0;0;0;0;0;0;3.33538;3.32334;-8.25098;-4.97598;54.1676;19.8062;
8.21401;0;0;-10.6958;0;0;0;2.51173;5.57987;18.3574;-0.964883;0.333495;0.0306506;0;0;0;0;0;0;-2.51173;-5.57987;-18.3574;-7.72378;118.182;-34.8654;
8.21504;0;0;-10.6958;0;0;0;2.14123;2.8635;11.6871;-0.630099;0.19988;0.0664689;0;0;0;0;0;0;-2.14123;-2.8635;-11.6871;-4.97052;75.1978;-17.5137;
8.216;0;0;-10.6958;0;0;0;0;0;0;0;0;0;0;0;0;0;0;0;0;-0;-0;0;0;0;
8.21702;0;0;-10.6958;0;0;0;2.12246;-1.48083;9.32721;0.339167;0.675672;0.0300933;0;0;0;0;0;0;-2.12246;1.48083;-9.32721;-5.18632;59.4558;10.6196;
8.21804;0;0;-10.6958;0;0;0;0;0;0;0;0;0;0;0;0;0;0;0;0;-0;-0;0;0;0;
8.21901;0;0;-10.6958;0;0;0;1.08858;-0.549174;4.5467;0.177476;0.288186;-0.00404016;0;0;0;0;0;0;-1.08858;0.549174;-4.5467;-2.523;29.0184;4.10542;
8.22003;0;0;-10.6958;0;0;0;1.68605;-0.0869637;6.56617;-0.392935;0.101206;0.102238;0;0;0;0;0;0;-1.68605;0.0869637;-6.56617;-2.92361;42.2109;1.30977;
8.221;0;0;-10.6958;0;0;0;0.986199;4.27292;12.066;-0.620302;0.234453;-0.032327;0;0;0;0;0;0;-0.986199;-4.27292;-12.066;-5.02992;77.7299;-27.1153;
8.22203;0;0;-10.6958;0;0;0;-2.60463;11.5007;86.9489;-1.89988;-0.0859363;-0.133058;0;0;0;0;0;0;2.60463;-11.5007;-86.9489;-40.7496;562.879;-75.5849;
8.22301;0;0;-10.6958;0;0;0;-6.1226;-6.6301;26.8186;1.14608;-1.57079;-0.275202;0;0;0;0;0;0;6.1226;6.6301;-26.8186;-15.3209;175.692;40.0855;
8.22404;0;0;-10.6958;0;0;0;0.574623;1.79965;5.39481;-0.279886;0.101762;-0.00413497;0;0;0;0;0;0;-0.574623;-1.79965;-5.39481;-2.25748;34.7434;-11.3496;
8.22501;0;0;-10.6958;0;0;0;0.0920813;-0.00055209;0.358329;0.0225047;-0.0219092;-0.00581689;0;0;0;0;0;0;-0.0920813;0.00055209;-0.358329;-0.203075;2.33096;0.0557764;
8.22604;0;0;-10.6958;0;0;0;0.781646;-3.76778;16.1546;0.914557;-0.668192;-0.150528;0;0;0;0;0;0;-0.781646;3.76778;-16.1546;-9.43034;105.105;24.9206;
8.22701;0;0;-10.6958;0;0;0;1.25342;-0.0693556;4.88187;-0.292251;0.0752485;0.076104;0;0;0;0;0;0;-1.25342;0.0693556;-4.88187;-2.17403;31.3833;1.00404;
8.22804;0;0;-10.6958;0;0;0;1.10922;-0.434661;4.50303;0.172916;0.323432;-0.0113742;0;0;0;0;0;0;-1.10922;0.434661;-4.50303;-2.48497;28.6986;3.38229;
8.22901;0;0;-10.6958;0;0;0;0.638541;-0.279612;2.618;0.0996509;0.188249;-0.00419957;0;0;0;0;0;0;-0.638541;0.279612;-2.618;-1.44654;16.6854;2.13488;
8.23004;0;0;-10.6958;0;0;0;0;0;0;0;0;0;0;0;0;0;0;0;0;-0;-0;0;0;0;
8.23101;0;0;-10.6958;0;0;0;-3.28381;-2.5911;12.659;0.543403;-0.910399;-0.0453829;0;0;0;0;0;0;3.28381;2.5911;-12.659;-7.18032;83.1395;15.1547;
8.23204;0;0;-10.6958;0;0;0;1.51422;2.06354;8.33889;-0.449113;0.142925;0.046184;0;0;0;0;0;0;-1.51422;-2.06354;-8.33889;-3.54495;53.6553;-12.6339;
8.23302;0;0;-10.6958;0;0;0;0;0;0;0;0;0;0;0;0;0;0;0;0;-0;-0;0;0;0;
8.23405;0;0;-10.6958;0;0;0;-3.68268;-4.12368;9.89056;0.581621;-0.544815;-0.0105878;0;0;0;0;0;0;3.68268;4.12368;-9.89056;-5.97745;64.9027;24.8343;
8.23502;0;0;-10.6958;0;0;0;0.466441;-0.0544034;1.82226;0.113949;-0.111399;-0.0324933;0;0;0;0;0;0;-0.466441;0.0544034;-1.82226;-1.0374;11.8541;0.619445;
8.23605;0;0;-10.6958;0;0;0;9.69023;6.58074;47.8339;-1.23253;-0.177995;-0.0427887;0;0;0;0;0;0;-9.69023;-6.58074;-47.8339;-22.2052;308.677;-37.6509;
8.23703;0;0;-10.6958;0;0;0;0.39344;-0.341471;1.82519;0.0646794;0.132934;0.0109279;0;0;0;0;0;0;-0.39344;0.341471;-1.82519;-1.01838;11.6361;2.39648;
8.23806;0;0;-10.6958;0;0;0;-5.16016;-3.54393;10.3665;0.617103;-0.558514;0.116241;0;0;0;0;0;0;5.16016;3.54393;-10.3665;-6.19462;68.1439;20.2123;
8.23903;0;0;-10.6958;0;0;0;7.00037;-1.50239;28.3246;0.458907;-0.921613;-0.105053;0;0;0;0;0;0;-7.00037;1.50239;-28.3246;-14.8786;183.472;13.3516;
8.24;0;0;-10.6958;0;0;0;-1.0748;-1.09761;3.14045;0.186714;-0.173901;0.00312242;0;0;0;0;0;0;1.0748;1.09761;-3.14045;-1.87878;20.5993;6.5566;
8.24104;0;0;-10.6958;0;0;0;-10.0026;-9.23979;23.5774;1.39217;-1.28696;0.0862705;0;0;0;0;0;0;10.0026;9.23979;-23.5774;-14.1958;154.828;54.6533;
8.24201;0;0;-10.6958;0;0;0;0;0;0;0;0;0;0;0;0;0;0;0;0;-0;-0;0;0;0;
8.24304;0;0;-10.6958;0;0;0;0.510828;0.965895;3.36499;-0.178173;0.0599717;0.00983337;0;0;0;0;0;0;-0.510828;-0.965895;-3.36499;-1.4202;21.6593;-6.00153;
8.24401;0;0;-10.6958;0;0;0;1.82209;-2.0182;9.17507;0.315266;0.673331;0.0855003;0;0;0;0;0;0;-1.82209;2.0182;-9.17507;-5.13965;58.5039;13.8895;
8.24504;0;0;-10.6958;0;0;0;-17.5573;10.1523;77.847;-1.1149;-0.584641;-0.192934;0;0;0;0;0;0;17.5573;-10.1523;-77.847;-37.0846;505.989;-74.334;
8.24601;0;0;-10.6958;0;0;0;0;0;0;0;0;0;0;0;0;0;0;0;0;-0;-0;0;0;0;
8.24705;0;0;-10.6958;0;0;0;-1.87724;-2.70612;8.56716;0.216774;-0.302274;0.0580061;0;0;0;0;0;0;1.87724;2.70612;-8.56716;-4.80386;55.9172;16.504;
8.24802;0;0;-10.6958;0;0;0;0.424516;3.15057;12.1758;-0.3463;0.051755;-0.0627723;0;0;0;0;0;0;-0.424516;-3.15057;-12.1758;-5.47176;78.6793;-20.1066;
8.24905;0;0;-10.6958;0;0;0;0;0;0;0;0;0;0;0;0;0;0;0;0;-0;-0;0;0;0;
8.25002;0;0;-10.6958;0;0;0;0;0;0;0;0;0;0;0;0;0;0;0;0;-0;-0;0;0;0;
8.25105;0;0;-10.6958;0;0;0;1.80667;3.29238;11.926;-0.586668;0.183093;0.0218764;0;0;0;0;0;0;-1.80667;-3.29238;-11.926;-5.09135;76.7934;-20.4124;
8.25202;0;0;-10.6958;0;0;0;0;0;0;0;0;0;0;0;0;0;0;0;0;-0;-0;0;0;0;
8.25305;0;0;-10.6958;0;0;0;-2.38789;-3.3277;47.4301;0.284708;-0.614543;0.0224553;0;0;0;0;0;0;2.38789;3.3277;-47.4301;-24.5121;307.711;20.3037;
8.25403;0;0;-10.6958;0;0;0;3.52624;-0.394895;13.7724;0.566744;0.698876;-0.127248;0;0;0;0;0;0;-3.52624;0.394895;-13.7724;-7.54446;88.0509;4.45851;
8.255;0;0;-10.6958;0;0;0;0;0;0;0;0;0;0;0;0;0;0;0;0;-0;-0;0;0;0;
8.25604;0;0;-10.6958;0;0;0;0;0;0;0;0;0;0;0;0;0;0;0;0;-0;-0;0;0;0;
8.25701;0;0;-10.6958;0;0;0;0;0;0;0;0;0;0;0;0;0;0;0;0;-0;-0;0;0;0;
8.25804;0;0;-10.6958;0;0;0;-1.77396;3.6784;16.0487;-0.403285;-0.062392;-0.0715415;0;0;0;0;0;0;1.77396;-3.6784;-16.0487;-7.31295;104.07;-24.6202;
8.25902;0;0;-10.6958;0;0;0;0;0;0;0;0;0;0;0;0;0;0;0;0;-0;-0;0;0;0;
8.26005;0;0;-10.6958;0;0;0;0;0;0;0;0;0;0;0;0;0;0;0;0;-0;-0;0;0;0;
8.26102;0;0;-10.6958;0;0;0;0;0;0;0;0;0;0;0;0;0;0;0;0;-0;-0;0;0;0;
8.26205;0;0;-10.6958;0;0;0;0.191456;-0.0753519;0.777517;0.0298475;0.0558477;-0.00193726;0;0;0;0;0;0;-0.191456;0.0753519;-0.777517;-0.429089;4.95525;0.58589;
8.26303;0;0;-10.6958;0;0;0;0;0;0;0;0;0;0;0;0;0;0;0;0;-0;-0;0;0;0;
8.26406;0;0;-10.6958;0;0;0;-0.15707;-5.64741;15.2358;0.683954;0.0891934;0.087521;0;0;0;0;0;0;0.15707;5.64741;-15.2358;-8.92531;98.4975;36.3703;
8.26503;0;0;-10.6958;0;0;0;0;0;0;0;0;0;0;0;0;0;0;0;0;-0;-0;0;0;0;
8.26606;0;0;-10.6958;0;0;0;2.898;-1.99722;12.7564;0.540009;0.501861;-0.0233244;0;0;0;0;0;0;-2.898;1.99722;-12.7564;-7.16646;81.7372;14.4046;
8.26703;0;0;-10.6958;0;0;0;0;0;0;0;0;0;0;0;0;0;0;0;0;-0;-0;0;0;0;
8.26806;0;0;-10.6958;0;0;0;0;0;0;0;0;0;0;0;0;0;0;0;0;-0;-0;0;0;0;
8.26902;0;0;-10.6958;0;0;0;0;0;0;0;0;0;0;0;0;0;0;0;0;-0;-0;0;0;0;
8.27005;0;0;-10.6958;0;0;0;0;0;0;0;0;0;0;0;0;0;0;0;0;-0;-0;0;0;0;
8.27102;0;0;-10.6958;0;0;0;0;0;0;0;0;0;0;0;0;0;0;0;0;-0;-0;0;0;0;
8.27205;0;0;-10.6958;0;0;0;-1.04422;-5.53204;14.4515;0.683757;-0.07144;0.060354;0;0;0;0;0;0;1.04422;5.53204;-14.4515;-8.51842;93.6725;35.2041;
8.27302;0;0;-10.6958;0;0;0;0;0;0;0;0;0;0;0;0;0;0;0;0;-0;-0;0;0;0;
8.27405;0;0;-10.6958;0;0;0;-2.89582;-4.59154;10.3611;0.606666;-0.580011;-0.0874769;0;0;0;0;0;0;2.89582;4.59154;-10.3611;-6.28643;67.9028;28.3344;
8.27502;0;0;-10.6958;0;0;0;0;0;0;0;0;0;0;0;0;0;0;0;0;-0;-0;0;0;0;
8.27605;0;0;-10.6958;0;0;0;0;0;0;0;0;0;0;0;0;0;0;0;0;-0;-0;0;0;0;
8.27702;0;0;-10.6958;0;0;0;3.60698;7.90106;26.1657;-1.03275;0.663391;-0.0623683;0;0;0;0;0;0;-3.60698;-7.90106;-26.1657;-11.357;168.259;-49.2378;
8.27805;0;0;-10.6958;0;0;0;0;0;0;0;0;0;0;0;0;0;0;0;0;-0;-0;0;0;0;
8.27901;0;0;-10.6958;0;0;0;1.87872;-1.45352;8.45293;0.303743;0.613793;0.0380354;0;0;0;0;0;0;-1.87872;1.45352;-8.45293;-4.70776;53.8856;10.3122;
8.28003;0;0;-10.6958;0;0;0;-6.67896;6.16216;66.4001;-0.349701;-0.718375;-0.312623;0;0;0;0;0;0;6.67896;-6.16216;-66.4001;-32.4833;430.975;-42.9192;
8.28105;0;0;-10.6958;0;0;0;0.468887;-0.740196;6.87969;0.300059;-0.510805;-0.0754089;0;0;0;0;0;0;-0.468887;0.740196;-6.87969;-3.84004;44.9731;5.10044;
8.28201;0;0;-10.6958;0;0;0;0;0;0;0;0;0;0;0;0;0;0;0;0;-0;-0;0;0;0;
8.28301;0;0;-10.6958;0;0;0;0;0;0;0;0;0;0;0;0;0;0;0;0;-0;-0;0;0;0;
8.28402;0;0;-10.6958;0;0;0;0;0;0;0;0;0;0;0;0;0;0;0;0;-0;-0;0;0;0;
8.28504;0;0;-10.6958;0;0;0;2.03398;4.75348;15.3894;-0.807129;0.281251;0.0198037;0;0;0;0;0;0;-2.03398;-4.75348;-15.3894;-6.46923;99.0791;-29.7486;
8.28606;0;0;-10.6958;0;0;0;0.159226;0.172175;0.794456;-0.0433477;0.0132736;0.00581114;0;0;0;0;0;0;-0.159226;-0.172175;-0.794456;-0.339623;5.11064;-1.03951;
8.28702;0;0;-10.6958;0;0;0;0;0;0;0;0;0;0;0;0;0;0;0;0;-0;-0;0;0;0;
8.28805;0;0;-10.6958;0;0;0;0.15459;-0.0417383;0.614113;0.024157;0.0440003;-0.00309052;0;0;0;0;0;0;-0.15459;0.0417383;-0.614113;-0.337713;3.91361;0.351002;
8.28902;0;0;-10.6958;0;0;0;0.438486;-0.468775;2.17851;0.075202;0.159683;0.0192242;0;0;0;0;0;0;-0.438486;0.468775;-2.17851;-1.21966;13.8906;3.23449;
8.29005;0;0;-10.6958;0;0;0;-4.39709;-4.50623;15.8045;0.326625;-0.434258;0.114965;0;0;0;0;0;0;4.39709;4.50623;-15.8045;-8.74009;103.125;26.8237;
8.29102;0;0;-10.6958;0;0;0;3.97738;-0.478732;15.6345;-0.329661;-0.288566;0.0525912;0;0;0;0;0;0;-3.97738;0.478732;-15.6345;-7.59453;101.04;5.04835;
8.29205;0;0;-10.6958;0;0;0;0.383464;-0.0626935;1.50372;0.066289;-0.113645;-0.0216424;0;0;0;0;0;0;-0.383464;0.0626935;-1.50372;-0.830108;9.80381;0.620427;
8.29302;0;0;-10.6958;0;0;0;-3.6639;7.79511;64.6312;-0.864867;0.0223647;-0.208114;0;0;0;0;0;0;3.6639;-7.79511;-64.6312;-30.9134;418.487;-52.0694;
8.29405;0;0;-10.6958;0;0;0;-1.88916;-6.16457;14.9756;0.713526;-0.107046;0.0706675;0;0;0;0;0;0;1.88916;6.16457;-14.9756;-8.87561;97.1833;38.8603;
8.29502;0;0;-10.6958;0;0;0;0.486795;-0.106376;1.92032;0.0763292;0.137476;-0.0117337;0;0;0;0;0;0;-0.486795;0.106376;-1.92032;-1.05439;12.2375;0.945188;
8.29605;0;0;-10.6958;0;0;0;0.566096;-0.288258;2.3606;0.0886771;0.170054;-0.000500001;0;0;0;0;0;0;-0.566096;0.288258;-2.3606;-1.30678;15.0455;2.15062;
8.29701;0;0;-10.6958;0;0;0;0.435591;-0.0962823;1.71886;0.0682867;0.12306;-0.0104119;0;0;0;0;0;0;-0.435591;0.0962823;-1.71886;-0.943852;10.9537;0.852765;
8.29804;0;0;-10.6958;0;0;0;-3.88241;-10.7437;26.0866;1.22001;-0.0764536;0.20108;0;0;0;0;0;0;3.88241;10.7437;-26.0866;-15.4384;169.237;67.3513;
8.299;0;0;-10.6958;0;0;0;-1.61235;-14.5263;50.2484;1.60678;-0.287508;0.293199;0;0;0;0;0;0;1.61235;14.5263;-50.2484;-28.3764;325.539;92.8748;
8.30003;0;0;-10.6958;0;0;0;0;0;0;0;0;0;0;0;0;0;0;0;0;-0;-0;0;0;0;
8.30106;0;0;-10.6958;0;0;0;0.295323;-0.0787329;1.17259;0.0729018;-0.071639;-0.0231709;0;0;0;0;0;0;-0.295323;0.0787329;-1.17259;-0.671512;7.62831;0.681322;
8.30203;0;0;-10.6958;0;0;0;3.58397;14.5201;43.2592;-1.97667;0.609383;-0.179781;0;0;0;0;0;0;-3.58397;-14.5201;-43.2592;-18.361;278.904;-91.9551;
8.30305;0;0;-10.6958;0;0;0;0;0;0;0;0;0;0;0;0;0;0;0;0;-0;-0;0;0;0;
8.30402;0;0;-10.6958;0;0;0;0;0;0;0;0;0;0;0;0;0;0;0;0;-0;-0;0;0;0;
8.30504;0;0;-10.6958;0;0;0;5.46921;6.77366;28.8382;-0.958574;0.819703;-0.0111239;0;0;0;0;0;0;-5.46921;-6.77366;-28.8382;-12.8905;185.206;-41.0569;
8.30601;0;0;-10.6958;0;0;0;0.389326;-0.381489;3.36629;0.207791;-0.20125;-0.0468388;0;0;0;0;0;0;-0.389326;0.381489;-3.36629;-1.94187;21.941;2.71108;
8.30704;0;0;-10.6958;0;0;0;0;0;0;0;0;0;0;0;0;0;0;0;0;-0;-0;0;0;0;
8.30801;0;0;-10.6958;0;0;0;0.532041;-0.0115416;2.07067;0.129964;-0.126609;-0.0340988;0;0;0;0;0;0;-0.532041;0.0115416;-2.07067;-1.17427;13.4698;0.376797;
8.30904;0;0;-10.6958;0;0;0;0.569057;-0.469603;2.60315;0.0928231;0.189334;0.013864;0;0;0;0;0;0;-0.569057;0.469603;-2.60315;-1.45128;16.5951;3.31098;
8.31001;0;0;-10.6958;0;0;0;0;0;0;0;0;0;0;0;0;0;0;0;0;-0;-0;0;0;0;
8.31103;0;0;-10.6958;0;0;0;2.12586;5.56937;17.444;-0.910721;0.322928;0.00788586;0;0;0;0;0;0;-2.12586;-5.56937;-17.444;-7.31896;112.321;-34.9688;
8.31206;0;0;-10.6958;0;0;0;-1.7419;2.07853;14.5667;-0.228814;-0.206867;-0.0377831;0;0;0;0;0;0;1.7419;-2.07853;-14.5667;-6.90121;94.6231;-14.2871;
8.31302;0;0;-10.6958;0;0;0;1.08016;0.385433;4.3548;-0.250426;0.0680047;0.0560968;0;0;0;0;0;0;-1.08016;-0.385433;-4.3548;-1.90478;27.9978;-2.00556;
8.31405;0;0;-10.6958;0;0;0;0;0;0;0;0;0;0;0;0;0;0;0;0;-0;-0;0;0;0;
8.31501;0;0;-10.6958;0;0;0;0;0;0;0;0;0;0;0;0;0;0;0;0;-0;-0;0;0;0;
8.31604;0;0;-10.6958;0;0;0;0;0;0;0;0;0;0;0;0;0;0;0;0;-0;-0;0;0;0;
8.31701;0;0;-10.6958;0;0;0;0;0;0;0;0;0;0;0;0;0;0;0;0;-0;-0;0;0;0;
8.31804;0;0;-10.6958;0;0;0;5.97433;11.0355;38.7979;-2.0566;0.689608;0.120538;0;0;0;0;0;0;-5.97433;-11.0355;-38.7979;-16.3829;249.721;-68.5068;
8.31901;0;0;-10.6958;0;0;0;2.36377;-1.27198;9.92979;0.37107;0.715901;0.00337253;0;0;0;0;0;0;-2.36377;1.27198;-9.92979;-5.50091;63.2895;9.41672;
8.32004;0;0;-10.6958;0;0;0;0;0;0;0;0;0;0;0;0;0;0;0;0;-0;-0;0;0;0;
8.32101;0;0;-10.6958;0;0;0;-7.35149;4.45894;57.6403;-0.495129;0.0241829;-0.0994175;0;0;0;0;0;0;7.35149;-4.45894;-57.6403;-28.0957;373.626;-32.4519;
8.32204;0;0;-10.6958;0;0;0;0.118002;-0.0112405;0.460399;0.0187669;0.0329179;-0.00400634;0;0;0;0;0;0;-0.118002;0.0112405;-0.460399;-0.251831;2.93388;0.136175;
8.32301;0;0;-10.6958;0;0;0;0;0;0;0;0;0;0;0;0;0;0;0;0;-0;-0;0;0;0;
8.32403;0;0;-10.6958;0;0;0;1.27263;-0.806165;5.48761;0.201695;0.396737;0.0115082;0;0;0;0;0;0;-1.27263;0.806165;-5.48761;-3.04701;34.9787;5.84522;
8.32506;0;0;-10.6958;0;0;0;-2.61433;-1.93617;5.44206;0.323218;-0.294128;0.0506269;0;0;0;0;0;0;2.61433;1.93617;-5.44206;-3.25883;35.7644;11.1587;
8.32603;0;0;-10.6958;0;0;0;2.52776;-1.33024;10.5863;0.396455;0.762963;0.00120719;0;0;0;0;0;0;-2.52776;1.33024;-10.5863;-5.86286;67.4731;9.8784;
8.32706;0;0;-10.6958;0;0;0;0;0;0;0;0;0;0;0;0;0;0;0;0;-0;-0;0;0;0;
8.32803;0;0;-10.6958;0;0;0;0;0;0;0;0;0;0;0;0;0;0;0;0;-0;-0;0;0;0;
8.32906;0;0;-10.6958;0;0;0;0;0;0;0;0;0;0;0;0;0;0;0;0;-0;-0;0;0;0;
8.33003;0;0;-10.6958;0;0;0;0;0;0;0;0;0;0;0;0;0;0;0;0;-0;-0;0;0;0;
8.33106;0;0;-10.6958;0;0;0;0.93746;5.14147;14.0745;-0.719931;0.278419;-0.0537551;0;0;0;0;0;0;-0.93746;-5.14147;-14.0745;-5.85522;90.685;-32.7375;
8.33203;0;0;-10.6958;0;0;0;1.32077;1.21986;23.2448;-0.468136;-0.117152;0.0697409;0;0;0;0;0;0;-1.32077;-1.21986;-23.2448;-11.1198;150.371;-7.29642;
8.33306;0;0;-10.6958;0;0;0;0.655603;-0.326261;2.72602;0.102622;0.196314;-0.00118479;0;0;0;0;0;0;-0.655603;0.326261;-2.72602;-1.50862;17.3744;2.44226;
8.33403;0;0;-10.6958;0;0;0;0;0;0;0;0;0;0;0;0;0;0;0;0;-0;-0;0;0;0;
8.33506;0;0;-10.6958;0;0;0;3.60509;7.52965;25.2923;-1.33298;0.456232;0.0541767;0;0;0;0;0;0;-3.60509;-7.52965;-25.2923;-10.6541;162.815;-46.9523;
8.33603;0;0;-10.6958;0;0;0;-1.10503;-0.608966;2.47551;0.10553;-0.174742;0.00412105;0;0;0;0;0;0;1.10503;0.608966;-2.47551;-1.41366;16.3012;3.37899;
8.33706;0;0;-10.6958;0;0;0;0;0;0;0;0;0;0;0;0;0;0;0;0;-0;-0;0;0;0;
8.33803;0;0;-10.6958;0;0;0;1.82072;-1.80784;23.3896;0.56512;-0.813296;-0.191821;0;0;0;0;0;0;-1.82072;1.80784;-23.3896;-12.5294;151.954;12.8051;
8.33905;0;0;-10.6958;0;0;0;-5.02632;5.92747;99.8009;-1.07505;-0.890248;-0.0583971;0;0;0;0;0;0;5.02632;-5.92747;-99.8009;-48.6082;647.071;-40.8224;
8.34002;0;0;-10.6958;0;0;0;-10.0859;-7.66254;22.6871;0.890308;-0.658237;0.150764;0;0;0;0;0;0;10.0859;7.66254;-22.6871;-13.0874;148.446;44.3422;
8.34105;0;0;-10.6958;0;0;0;0;0;0;0;0;0;0;0;0;0;0;0;0;-0;-0;0;0;0;
8.34202;0;0;-10.6958;0;0;0;1.28833;1.81127;7.2027;-0.387249;0.123917;0.0381049;0;0;0;0;0;0;-1.28833;-1.81127;-7.2027;-3.05978;46.3459;-11.1074;
8.34306;0;0;-10.6958;0;0;0;1.24136;4.56567;13.2496;-0.684036;0.253863;-0.0233909;0;0;0;0;0;0;-1.24136;-4.56567;-13.2496;-5.53327;85.3423;-28.8895;
8.34402;0;0;-10.6958;0;0;0;-6.7474;-5.71346;15.0849;0.892591;-0.820102;0.0886348;0;0;0;0;0;0;6.7474;5.71346;-15.0849;-9.06457;99.0904;33.4763;
8.34505;0;0;-10.6958;0;0;0;0;0;0;0;0;0;0;0;0;0;0;0;0;-0;-0;0;0;0;
8.34602;0;0;-10.6958;0;0;0;-1.3584;-8.68801;24.1314;1.26785;-0.665165;-0.117079;0;0;0;0;0;0;1.3584;8.68801;-24.1314;-14.2953;156.923;55.6411;
8.34705;0;0;-10.6958;0;0;0;1.13109;-4.41463;14.2068;0.648201;0.0615136;0.0464621;0;0;0;0;0;0;-1.13109;4.41463;-14.2068;-8.24766;91.7382;29.0845;
8.34801;0;0;-10.6958;0;0;0;3.27196;-2.75859;15.0552;0.535468;1.09561;0.0843758;0;0;0;0;0;0;-3.27196;2.75859;-15.0552;-8.39639;95.9785;19.4111;
8.34905;0;0;-10.6958;0;0;0;0;0;0;0;0;0;0;0;0;0;0;0;0;-0;-0;0;0;0;
8.35002;0;0;-10.6958;0;0;0;0.0325596;-1.2885;4.06528;0.242964;-0.238829;-0.0776433;0;0;0;0;0;0;-0.0325596;1.2885;-4.06528;-2.42008;26.5365;8.43017;
8.35105;0;0;-10.6958;0;0;0;1.32096;1.65985;9.5075;-0.221229;-0.0906566;-0.0726902;0;0;0;0;0;0;-1.32096;-1.65985;-9.5075;-4.40209;61.4684;-10.0005;
8.35203;0;0;-10.6958;0;0;0;0.164477;0.00268693;0.640094;0.0284253;-0.0483853;-0.00710099;0;0;0;0;0;0;-0.164477;-0.00268693;-0.640094;-0.350621;4.17308;0.072577;
8.35306;0;0;-10.6958;0;0;0;2.25671;-0.445698;8.88042;0.390927;-0.671097;-0.133025;0;0;0;0;0;0;-2.25671;0.445698;-8.88042;-4.90934;57.8981;4.15341;
8.35403;0;0;-10.6958;0;0;0;0;0;0;0;0;0;0;0;0;0;0;0;0;-0;-0;0;0;0;
8.35501;0;0;-10.6958;0;0;0;-1.18669;1.23187;11.7444;-0.17311;-0.186704;-0.0395716;0;0;0;0;0;0;1.18669;-1.23187;-11.7444;-5.61998;76.2875;-8.52802;
8.35604;0;0;-10.6958;0;0;0;0;0;0;0;0;0;0;0;0;0;0;0;0;-0;-0;0;0;0;
8.35701;0;0;-10.6958;0;0;0;0;0;0;0;0;0;0;0;0;0;0;0;0;-0;-0;0;0;0;
8.35805;0;0;-10.6958;0;0;0;0;0;0;0;0;0;0;0;0;0;0;0;0;-0;-0;0;0;0;
8.35902;0;0;-10.6958;0;0;0;1.30886;-0.7707;5.57341;0.20643;0.402403;0.00716685;0;0;0;0;0;0;-1.30886;0.7707;-5.57341;-3.09142;35.5244;5.63836;
8.36005;0;0;-10.6958;0;0;0;0;0;0;0;0;0;0;0;0;0;0;0;0;-0;-0;0;0;0;
8.36102;0;0;-10.6958;0;0;0;0.050733;-0.0196543;0.20577;0.00899186;-0.0155391;-0.00370119;0;0;0;0;0;0;-0.050733;0.0196543;-0.20577;-0.114624;1.34172;0.156415;
8.36206;0;0;-10.6958;0;0;0;0.573087;-1.86253;7.00825;0.422302;-0.41671;-0.145279;0;0;0;0;0;0;-0.573087;1.86253;-7.00825;-4.13955;45.7001;12.4839;
8.36303;0;0;-10.6958;0;0;0;1.10533;0.238286;4.37077;-0.0112134;0.149821;-0.00925391;0;0;0;0;0;0;-1.10533;-0.238286;-4.37077;-2.1668;28.0167;-0.975532;
8.36401;0;0;-10.6958;0;0;0;0;0;0;0;0;0;0;0;0;0;0;0;0;-0;-0;0;0;0;
8.36504;0;0;-10.6958;0;0;0;0;0;0;0;0;0;0;0;0;0;0;0;0;-0;-0;0;0;0;
8.36602;0;0;-10.6958;0;0;0;0;0;0;0;0;0;0;0;0;0;0;0;0;-0;-0;0;0;0;
8.36705;0;0;-10.6958;0;0;0;2.04471;-1.5127;9.10242;0.328835;0.660237;0.0358549;0;0;0;0;0;0;-2.04471;1.5127;-9.10242;-5.06603;58.0242;10.7808;
8.36802;0;0;-10.6958;0;0;0;0;0;0;0;0;0;0;0;0;0;0;0;0;-0;-0;0;0;0;
8.36905;0;0;-10.6958;0;0;0;0;0;0;0;0;0;0;0;0;0;0;0;0;-0;-0;0;0;0;
8.37002;0;0;-10.6958;0;0;0;-3.67241;-1.9662;6.70845;0.283722;-0.468721;0.0179393;0;0;0;0;0;0;3.67241;1.9662;-6.70845;-3.86033;44.238;10.8526;
8.37105;0;0;-10.6958;0;0;0;0.109556;0.0279668;0.434286;0.0194713;-0.0328137;-0.00279887;0;0;0;0;0;0;-0.109556;-0.0279668;-0.434286;-0.235452;2.83151;-0.122944;
8.37202;0;0;-10.6958;0;0;0;0;0;0;0;0;0;0;0;0;0;0;0;0;-0;-0;0;0;0;
8.37306;0;0;-10.6958;0;0;0;0.9027;-0.714671;4.08494;0.146401;0.296785;0.0195711;0;0;0;0;0;0;-0.9027;0.714671;-4.08494;-2.27592;26.0408;5.05886;
8.37403;0;0;-10.6958;0;0;0;12.5823;-1.44177;55.2578;0.158381;0.0927713;0.0224242;0;0;0;0;0;0;-12.5823;1.44177;-55.2578;-28.1405;356.144;15.644;
8.375;0;0;-10.6958;0;0;0;-2.20661;7.95066;31.9672;-0.914262;0.0931983;-0.159544;0;0;0;0;0;0;2.20661;-7.95066;-31.9672;-14.3934;206.944;-52.39;
8.37603;0;0;-10.6958;0;0;0;0;0;0;0;0;0;0;0;0;0;0;0;0;-0;-0;0;0;0;
8.37706;0;0;-10.6958;0;0;0;0;0;0;0;0;0;0;0;0;0;0;0;0;-0;-0;0;0;0;
8.37803;0;0;-10.6958;0;0;0;0;0;0;0;0;0;0;0;0;0;0;0;0;-0;-0;0;0;0;
8.379;0;0;-10.6958;0;0;0;-4.1163;-4.56812;13.38;0.787585;-0.705257;0.00709685;0;0;0;0;0;0;4.1163;4.56812;-13.38;-7.98591;87.6813;27.4733;
8.38003;0;0;-10.6958;0;0;0;-11.2689;13.8127;97.2454;-2.00621;-0.874039;-0.284857;0;0;0;0;0;0;11.2689;-13.8127;-97.2454;-45.5998;631.146;-94.7554;
8.381;0;0;-10.6958;0;0;0;2.82167;-1.01104;11.3791;0.705052;-0.694812;-0.236566;0;0;0;0;0;0;-2.82167;1.01104;-11.3791;-6.53891;74.0304;8.19913;
8.38204;0;0;-10.6958;0;0;0;-12.0348;0.355456;29.0423;-0.0361077;-0.750466;-0.0409581;0;0;0;0;0;0;12.0348;-0.355456;-29.0423;-14.5592;189.849;-8.32159;
8.383;0;0;-10.6958;0;0;0;0;0;0;0;0;0;0;0;0;0;0;0;0;-0;-0;0;0;0;
8.38403;0;0;-10.6958;0;0;0;0;0;0;0;0;0;0;0;0;0;0;0;0;-0;-0;0;0;0;
8.38506;0;0;-10.6958;0;0;0;3.68259;-0.360742;14.4503;0.0323285;-0.56606;-0.00147673;0;0;0;0;0;0;-3.68259;0.360742;-14.4503;-7.34824;93.6851;4.19056;
8.38602;0;0;-10.6958;0;0;0;0;0;0;0;0;0;0;0;0;0;0;0;0;-0;-0;0;0;0;
8.38705;0;0;-10.6958;0;0;0;-7.49536;-4.9633;17.439;0.738592;-1.23308;-0.0334954;0;0;0;0;0;0;7.49536;4.9633;-17.439;-10.0214;114.808;28.3682;
8.38802;0;0;-10.6958;0;0;0;1.19164;-0.699413;5.07162;0.187914;0.366146;0.00634158;0;0;0;0;0;0;-1.19164;0.699413;-5.07162;-2.81298;32.326;5.11893;
8.38905;0;0;-10.6958;0;0;0;0;0;0;0;0;0;0;0;0;0;0;0;0;-0;-0;0;0;0;
8.39002;0;0;-10.6958;0;0;0;4.21948;-7.98236;28.0684;1.08955;1.16305;0.22378;0;0;0;0;0;0;-4.21948;7.98236;-28.0684;-16.0298;180.006;53.5449;
8.39105;0;0;-10.6958;0;0;0;0;0;0;0;0;0;0;0;0;0;0;0;0;-0;-0;0;0;0;
8.39201;0;0;-10.6958;0;0;0;0.237429;-0.163013;1.0399;-0.0656541;0.0167123;0.0176099;0;0;0;0;0;0;-0.237429;0.163013;-1.0399;-0.474561;6.68725;1.15663;
8.39304;0;0;-10.6958;0;0;0;0.549987;-0.0296999;2.14203;-0.128211;0.0330259;0.0333773;0;0;0;0;0;0;-0.549987;0.0296999;-2.14203;-0.953876;13.77;0.435842;
8.39401;0;0;-10.6958;0;0;0;2.00767;-1.26093;8.6437;0.318012;0.624791;0.0172791;0;0;0;0;0;0;-2.00767;1.26093;-8.6437;-4.7989;55.0956;9.15189;
8.39504;0;0;-10.6958;0;0;0;1.96065;-1.24713;8.46073;0.310858;0.611719;0.0181321;0;0;0;0;0;0;-1.96065;1.24713;-8.46073;-4.69818;53.9296;9.03808;
8.39601;0;0;-10.6958;0;0;0;-6.50212;-4.45733;13.0516;0.776939;-0.703196;0.146906;0;0;0;0;0;0;6.50212;4.45733;-13.0516;-7.79877;85.7941;25.4147;
8.39704;0;0;-10.6958;0;0;0;0;0;0;0;0;0;0;0;0;0;0;0;0;-0;-0;0;0;0;
8.39801;0;0;-10.6958;0;0;0;0;0;0;0;0;0;0;0;0;0;0;0;0;-0;-0;0;0;0;
8.39904;0;0;-10.6958;0;0;0;0;0;0;0;0;0;0;0;0;0;0;0;0;-0;-0;0;0;0;
8.40001;0;0;-10.6958;0;0;0;2.93655;-0.119143;11.4334;0.136175;0.631113;-0.0294843;0;0;0;0;0;0;-2.93655;0.119143;-11.4334;-5.90803;73.0443;2.27967;
8.40104;0;0;-10.6958;0;0;0;0;0;0;0;0;0;0;0;0;0;0;0;0;-0;-0;0;0;0;
8.40201;0;0;-10.6958;0;0;0;2.45787;1.92375;12.0103;-0.30744;-0.116738;-0.00129047;0;0;0;0;0;0;-2.45787;-1.92375;-12.0103;-5.55035;77.5728;-11.2064;
8.40304;0;0;-10.6958;0;0;0;-4.53444;-1.12064;14.8237;0.124179;-0.284658;0.026731;0;0;0;0;0;0;4.53444;1.12064;-14.8237;-7.70435;96.6426;4.93903;
8.40401;0;0;-10.6958;0;0;0;-1.43882;-1.03318;3.10059;0.0545985;-0.15165;0.00325209;0;0;0;0;0;0;1.43882;1.03318;-3.10059;-1.72015;20.3555;5.95619;
8.40504;0;0;-10.6958;0;0;0;1.48266;-0.7899;6.21975;0.232676;0.448338;0.0014733;0;0;0;0;0;0;-1.48266;0.7899;-6.21975;-3.44523;39.6426;5.85582;
8.406;0;0;-10.6958;0;0;0;0;0;0;0;0;0;0;0;0;0;0;0;0;-0;-0;0;0;0;
8.40703;0;0;-10.6958;0;0;0;-6.73506;-5.24106;14.3766;0.852618;-0.7787;0.11555;0;0;0;0;0;0;6.73506;5.24106;-14.3766;-8.62049;94.4649;30.3992;
8.40805;0;0;-10.6958;0;0;0;0;0;0;0;0;0;0;0;0;0;0;0;0;-0;-0;0;0;0;
8.40901;0;0;-10.6958;0;0;0;-10.2022;-0.728504;41.0459;0.309177;-0.75958;-0.0599322;0;0;0;0;0;0;10.2022;0.728504;-41.0459;-21.0603;267.333;-0.366604;
8.41003;0;0;-10.6958;0;0;0;-0.576829;1.22251;16.44;-0.0163748;-0.328016;-0.0556553;0;0;0;0;0;0;0.576829;-1.22251;-16.44;-8.1433;106.747;-8.14415;
8.41106;0;0;-10.6958;0;0;0;0;0;0;0;0;0;0;0;0;0;0;0;0;-0;-0;0;0;0;
8.41202;0;0;-10.6958;0;0;0;0.828721;1.356;5.01604;-0.267508;0.0878791;0.0204396;0;0;0;0;0;0;-0.828721;-1.356;-5.01604;-2.12359;32.2809;-8.37577;
8.41306;0;0;-10.6958;0;0;0;-6.76356;2.04542;37.4526;0.0490029;-0.540113;-0.129323;0;0;0;0;0;0;6.76356;-2.04542;-37.4526;-18.7119;243.522;-16.5111;
8.41403;0;0;-10.6958;0;0;0;0;0;0;0;0;0;0;0;0;0;0;0;0;-0;-0;0;0;0;
8.41506;0;0;-10.6958;0;0;0;1.11087;-0.774171;4.8806;0.299124;-0.297052;-0.115203;0;0;0;0;0;0;-1.11087;0.774171;-4.8806;-2.83546;31.7614;5.68344;
8.41603;0;0;-10.6958;0;0;0;0;0;0;0;0;0;0;0;0;0;0;0;0;-0;-0;0;0;0;
8.41705;0;0;-10.6958;0;0;0;0;0;0;0;0;0;0;0;0;0;0;0;0;-0;-0;0;0;0;
8.41801;0;0;-10.6958;0;0;0;-7.61199;-5.40947;15.5339;0.923693;-0.838153;0.160757;0;0;0;0;0;0;7.61199;5.40947;-15.5339;-9.29144;102.099;31.0017;
8.41904;0;0;-10.6958;0;0;0;1.47888;10.9497;29.1211;-1.4824;0.586652;-0.145303;0;0;0;0;0;0;-1.47888;-10.9497;-29.1211;-12.091;187.668;-69.9503;
8.42005;0;0;-10.6958;0;0;0;2.79436;9.33512;27.6013;-1.42898;0.524069;-0.0325771;0;0;0;0;0;0;-2.79436;-9.33512;-27.6013;-11.5406;177.766;-58.9544;
8.42101;0;0;-10.6958;0;0;0;0.899678;6.89599;18.2902;-0.930621;0.36915;-0.093405;0;0;0;0;0;0;-0.899678;-6.89599;-18.2902;-7.59258;117.871;-44.0678;
8.42202;0;0;-10.6958;0;0;0;0.876399;-0.168084;3.44656;0.214879;-0.210655;-0.0649132;0;0;0;0;0;0;-0.876399;0.168084;-3.44656;-1.96804;22.4208;1.59387;
8.42304;0;0;-10.6958;0;0;0;-4.99963;-1.96209;8.44424;0.360774;-0.587335;0.0771335;0;0;0;0;0;0;4.99963;1.96209;-8.44424;-4.81145;55.7194;10.0981;
8.42401;0;0;-10.6958;0;0;0;0;0;0;0;0;0;0;0;0;0;0;0;0;-0;-0;0;0;0;
8.42504;0;0;-10.6958;0;0;0;1.19605;2.52652;8.45346;-0.445286;0.152702;0.0173633;0;0;0;0;0;0;-1.19605;-2.52652;-8.45346;-3.56023;54.4181;-15.7604;
8.42601;0;0;-10.6958;0;0;0;0;0;0;0;0;0;0;0;0;0;0;0;0;-0;-0;0;0;0;
8.42704;0;0;-10.6958;0;0;0;-3.3847;-0.236077;50.0668;-1.02965;-0.183362;0.253228;0;0;0;0;0;0;3.3847;0.236077;-50.0668;-24.2168;324.436;-0.431049;
8.428;0;0;-10.6958;0;0;0;0;0;0;0;0;0;0;0;0;0;0;0;0;-0;-0;0;0;0;
8.42903;0;0;-10.6958;0;0;0;4.71392;-0.23699;18.432;-0.805802;0.100275;0.195423;0;0;0;0;0;0;-4.71392;0.23699;-18.432;-8.50367;118.676;3.7126;
8.43006;0;0;-10.6958;0;0;0;-12.7382;-9.09087;65.2134;0.526429;-1.25714;0.246817;0;0;0;0;0;0;12.7382;9.09087;-65.2134;-34.2907;424.439;52.1504;
8.43102;0;0;-10.6958;0;0;0;0.0457798;-0.00315219;0.178392;0.0111754;-0.0109077;-0.00306063;0;0;0;0;0;0;-0.0457798;0.00315219;-0.178392;-0.101362;1.16045;0.0465171;
8.43203;0;0;-10.6958;0;0;0;3.73253;-1.09659;14.9324;0.165469;0.409852;0.012371;0;0;0;0;0;0;-3.73253;1.09659;-14.9324;-7.79801;95.8228;8.9625;
8.43305;0;0;-10.6958;0;0;0;-14.6759;-9.33786;33.4209;1.16926;-0.948885;0.216961;0;0;0;0;0;0;14.6759;9.33786;-33.4209;-18.9418;218.64;52.802;
8.43402;0;0;-10.6958;0;0;0;0;0;0;0;0;0;0;0;0;0;0;0;0;-0;-0;0;0;0;
8.43504;0;0;-10.6958;0;0;0;0;0;0;0;0;0;0;0;0;0;0;0;0;-0;-0;0;0;0;
8.43601;0;0;-10.6958;0;0;0;3.03028;-0.385781;11.8473;0.479801;0.847245;-0.0951339;0;0;0;0;0;0;-3.03028;0.385781;-11.8473;-6.48694;75.4969;4.11759;
8.43704;0;0;-10.6958;0;0;0;0;0;0;0;0;0;0;0;0;0;0;0;0;-0;-0;0;0;0;
8.43801;0;0;-10.6958;0;0;0;0;0;0;0;0;0;0;0;0;0;0;0;0;-0;-0;0;0;0;
8.43904;0;0;-10.6958;0;0;0;0;0;0;0;0;0;0;0;0;0;0;0;0;-0;-0;0;0;0;
8.44001;0;0;-10.6958;0;0;0;1.3833;-0.724444;5.78949;0.216934;0.417219;0.000374494;0;0;0;0;0;0;-1.3833;0.724444;-5.78949;-3.20617;36.8999;5.38338;
8.44104;0;0;-10.6958;0;0;0;-9.81486;-7.3429;29.525;0.789472;-0.627174;0.170685;0;0;0;0;0;0;9.81486;7.3429;-29.525;-16.3995;192.626;42.3905;
8.44201;0;0;-10.6958;0;0;0;0;0;0;0;0;0;0;0;0;0;0;0;0;-0;-0;0;0;0;
8.44303;0;0;-10.6958;0;0;0;0;0;0;0;0;0;0;0;0;0;0;0;0;-0;-0;0;0;0;
8.44405;0;0;-10.6958;0;0;0;8.0445;-12.3383;79.8088;0.905344;0.618965;0.265734;0;0;0;0;0;0;-8.0445;12.3383;-79.8088;-42.348;514.907;83.6113;
8.44501;0;0;-10.6958;0;0;0;0;0;0;0;0;0;0;0;0;0;0;0;0;-0;-0;0;0;0;
8.44604;0;0;-10.6958;0;0;0;0.158928;0.0129279;0.61964;-0.0365944;0.00955746;0.00918651;0;0;0;0;0;0;-0.158928;-0.0129279;-0.61964;-0.274274;3.98335;-0.0127598;
8.44701;0;0;-10.6958;0;0;0;0.127641;-0.187772;0.729978;0.0241978;0.0541361;0.00969429;0;0;0;0;0;0;-0.127641;0.187772;-0.729978;-0.410764;4.65575;1.26942;
8.44804;0;0;-10.6958;0;0;0;-0.207148;-0.583049;2.90165;0.176655;-0.168258;-0.0211979;0;0;0;0;0;0;0.207148;0.583049;-2.90165;-1.69688;18.9615;3.68894;
8.44901;0;0;-10.6958;0;0;0;0;0;0;0;0;0;0;0;0;0;0;0;0;-0;-0;0;0;0;
8.45004;0;0;-10.6958;0;0;0;0;0;0;0;0;0;0;0;0;0;0;0;0;-0;-0;0;0;0;
8.45102;0;0;-10.6958;0;0;0;0;0;0;0;0;0;0;0;0;0;0;0;0;-0;-0;0;0;0;
8.45205;0;0;-10.6958;0;0;0;2.57261;4.17361;17.8311;-0.484856;-0.0970401;-0.0801729;0;0;0;0;0;0;-2.57261;-4.17361;-17.8311;-8.07994;115.2;-25.6254;
8.45302;0;0;-10.6958;0;0;0;1.37081;-0.103046;15.645;-0.349555;-0.0835632;0.116657;0;0;0;0;0;0;-1.37081;0.103046;-15.645;-7.54244;101.163;1.2406;
8.45406;0;0;-10.6958;0;0;0;0;0;0;0;0;0;0;0;0;0;0;0;0;-0;-0;0;0;0;
8.45503;0;0;-10.6958;0;0;0;0.150832;-0.646654;8.40933;0.368572;-0.621389;-0.0543938;0;0;0;0;0;0;-0.150832;0.646654;-8.40933;-4.66986;55.0114;4.31398;
8.45606;0;0;-10.6958;0;0;0;0;0;0;0;0;0;0;0;0;0;0;0;0;-0;-0;0;0;0;
8.45703;0;0;-10.6958;0;0;0;2.16801;-1.31993;9.28331;0.342678;0.670641;0.0153256;0;0;0;0;0;0;-2.16801;1.31993;-9.28331;-5.15173;59.1715;9.61633;
8.458;0;0;-10.6958;0;0;0;0.126607;-0.0787035;0.54409;0.0200403;0.0393208;0.00102456;0;0;0;0;0;0;-0.126607;0.0787035;-0.54409;-0.302031;3.46804;0.571939;
8.45904;0;0;-10.6958;0;0;0;4.25377;-3.68545;19.8351;0.776478;1.03752;0.0571991;0;0;0;0;0;0;-4.25377;3.68545;-19.8351;-11.1384;126.862;25.9292;
8.46001;0;0;-10.6958;0;0;0;3.45755;-1.96358;14.6464;0.461749;1.01045;0.0293326;0;0;0;0;0;0;-3.45755;1.96358;-14.6464;-8.03714;93.3996;14.4161;
8.46104;0;0;-10.6958;0;0;0;-16.2833;-2.68738;29.6819;0.348744;-1.1325;0.048123;0;0;0;0;0;0;16.2833;2.68738;-29.6819;-15.5713;194.794;9.13489;
8.46201;0;0;-10.6958;0;0;0;-2.99934;-2.90175;7.75601;0.459258;-0.426208;0.0181436;0;0;0;0;0;0;2.99934;2.90175;-7.75601;-4.65739;50.9051;17.244;
8.46305;0;0;-10.6958;0;0;0;0.311259;-0.577827;2.02749;0.0653677;0.151775;0.0332202;0;0;0;0;0;0;-0.311259;0.577827;-2.02749;-1.14469;12.9341;3.8619;
8.46402;0;0;-10.6958;0;0;0;0;0;0;0;0;0;0;0;0;0;0;0;0;-0;-0;0;0;0;
8.46506;0;0;-10.6958;0;0;0;0;0;0;0;0;0;0;0;0;0;0;0;0;-0;-0;0;0;0;
8.46603;0;0;-10.6958;0;0;0;2.54417;0.225977;25.6013;-0.0271211;-0.462695;-0.08642;0;0;0;0;0;0;-2.54417;-0.225977;-25.6013;-12.8478;165.838;-0.0938491;
8.467;0;0;-10.6958;0;0;0;-1.04001;9.50256;41.7887;-1.45996;0.147527;-0.0938393;0;0;0;0;0;0;1.04001;-9.50256;-41.7887;-18.6403;270.313;-61.908;
8.46803;0;0;-10.6958;0;0;0;3.25896;-4.47674;23.5645;0.499728;0.0557024;0.049921;0;0;0;0;0;0;-3.25896;4.47674;-23.5645;-12.8198;152.071;30.5546;
8.469;0;0;-10.6958;0;0;0;0;0;0;0;0;0;0;0;0;0;0;0;0;-0;-0;0;0;0;
8.47003;0;0;-10.6958;0;0;0;0.725602;5.26125;15.5846;-0.574495;0.10906;-0.110596;0;0;0;0;0;0;-0.725602;-5.26125;-15.5846;-6.74957;100.644;-33.5621;
8.471;0;0;-10.6958;0;0;0;0.209357;0.0704279;0.840853;0.0372553;0.0603192;-0.0143281;0;0;0;0;0;0;-0.209357;-0.0704279;-0.840853;-0.453807;5.35869;-0.335842;
8.47203;0;0;-10.6958;0;0;0;1.12903;9.3885;25.7158;-1.12872;0.357611;-0.174427;0;0;0;0;0;0;-1.12903;-9.3885;-25.7158;-10.8857;165.901;-59.9967;
8.473;0;0;-10.6958;0;0;0;0;0;0;0;0;0;0;0;0;0;0;0;0;-0;-0;0;0;0;
8.47404;0;0;-10.6958;0;0;0;-2.27648;-4.3853;22.8348;0.173882;-0.977577;0.0980061;0;0;0;0;0;0;2.27648;4.3853;-22.8348;-12.1172;148.938;27.1263;
8.47501;0;0;-10.6958;0;0;0;1.20207;1.60865;6.56319;-0.353817;0.112293;0.0372794;0;0;0;0;0;0;-1.20207;-1.60865;-6.56319;-2.79143;42.2285;-9.83906;
8.47604;0;0;-10.6958;0;0;0;0.588612;-2.628;7.96355;0.356043;0.0620817;0.0298669;0;0;0;0;0;0;-0.588612;2.628;-7.96355;-4.6313;51.3999;17.2688;
8.47701;0;0;-10.6958;0;0;0;5.19911;10.7936;40.9352;-1.26174;-0.0551379;-0.186058;0;0;0;0;0;0;-5.19911;-10.7936;-40.9352;-18.2792;264.368;-67.025;
8.47805;0;0;-10.6958;0;0;0;2.19965;-2.02955;10.3929;0.633281;-0.630974;-0.257252;0;0;0;0;0;0;-2.19965;2.02955;-10.3929;-6.07242;67.6482;14.4958;
8.47902;0;0;-10.6958;0;0;0;0.874044;-0.675883;3.93211;-0.249618;0.0637424;0.0664426;0;0;0;0;0;0;-0.874044;0.675883;-3.93211;-1.79905;25.2878;4.74658;
8.48006;0;0;-10.6958;0;0;0;-4.88063;-0.215339;14.0073;0.026554;-0.323771;0.0101877;0;0;0;0;0;0;4.88063;0.215339;-14.0073;-7.10479;91.4342;-1.07583;
8.48103;0;0;-10.6958;0;0;0;0;0;0;0;0;0;0;0;0;0;0;0;0;-0;-0;0;0;0;
8.48206;0;0;-10.6958;0;0;0;0.638979;-0.132369;2.51723;0.156843;-0.153849;-0.0479035;0;0;0;0;0;0;-0.638979;0.132369;-2.51723;-1.43825;16.3753;1.22619;
8.48303;0;0;-10.6958;0;0;0;0;0;0;0;0;0;0;0;0;0;0;0;0;-0;-0;0;0;0;
8.48406;0;0;-10.6958;0;0;0;0;0;0;0;0;0;0;0;0;0;0;0;0;-0;-0;0;0;0;
8.48503;0;0;-10.6958;0;0;0;0;0;0;0;0;0;0;0;0;0;0;0;0;-0;-0;0;0;0;
8.486;0;0;-10.6958;0;0;0;-5.74801;4.03987;64.86;-1.28655;-0.260598;0.164571;0;0;0;0;0;0;5.74801;-4.03987;-64.86;-30.9842;420.455;-29.1967;
8.48704;0;0;-10.6958;0;0;0;0;0;0;0;0;0;0;0;0;0;0;0;0;-0;-0;0;0;0;
8.48801;0;0;-10.6958;0;0;0;0.600461;0.0403376;2.33969;-0.138369;0.0360836;0.0348892;0;0;0;0;0;0;-0.600461;-0.0403376;-2.33969;-1.03629;15.0406;0.00664675;
8.48904;0;0;-10.6958;0;0;0;0;0;0;0;0;0;0;0;0;0;0;0;0;-0;-0;0;0;0;
8.49001;0;0;-10.6958;0;0;0;0;0;0;0;0;0;0;0;0;0;0;0;0;-0;-0;0;0;0;
8.49104;0;0;-10.6958;0;0;0;0.525353;-0.47053;2.45975;-0.157245;0.0403668;0.0413062;0;0;0;0;0;0;-0.525353;0.47053;-2.45975;-1.12909;15.8206;3.2675;
8.49202;0;0;-10.6958;0;0;0;0;0;0;0;0;0;0;0;0;0;0;0;0;-0;-0;0;0;0;
8.49304;0;0;-10.6958;0;0;0;0;0;0;0;0;0;0;0;0;0;0;0;0;-0;-0;0;0;0;
8.49401;0;0;-10.6958;0;0;0;0;0;0;0;0;0;0;0;0;0;0;0;0;-0;-0;0;0;0;
8.49504;0;0;-10.6958;0;0;0;0.829716;-0.743448;3.8853;0.236892;-0.23596;-0.0957396;0;0;0;0;0;0;-0.829716;0.743448;-3.8853;-2.26875;25.2891;5.32355;
8.49601;0;0;-10.6958;0;0;0;0.503609;-0.354898;2.21784;0.0805784;0.160686;0.00741588;0;0;0;0;0;0;-0.503609;0.354898;-2.21784;-1.23346;14.1374;2.54234;
8.49704;0;0;-10.6958;0;0;0;1.3878;-0.0403438;5.40182;-0.322527;0.0832832;0.0834836;0;0;0;0;0;0;-1.3878;0.0403438;-5.40182;-2.40289;34.7253;0.876683;
8.49801;0;0;-10.6958;0;0;0;0;0;0;0;0;0;0;0;0;0;0;0;0;-0;-0;0;0;0;
8.49904;0;0;-10.6958;0;0;0;0.827899;4.95101;13.4264;-0.685684;0.267168;-0.0562379;0;0;0;0;0;0;-0.827899;-4.95101;-13.4264;-5.58225;86.5133;-31.5577;
8.50002;0;0;-10.6958;0;0;0;2.60447;-1.13076;10.6694;0.465396;-0.805559;-0.198981;0;0;0;0;0;0;-2.60447;1.13076;-10.6694;-5.95379;69.571;8.82661;
8.50105;0;0;-10.6958;0;0;0;0;0;0;0;0;0;0;0;0;0;0;0;0;-0;-0;0;0;0;
8.50202;0;0;-10.6958;0;0;0;0.360032;-0.127656;1.45089;0.0634735;-0.109587;-0.0253927;0;0;0;0;0;0;-0.360032;0.127656;-1.45089;-0.807204;9.46016;1.03266;
8.50305;0;0;-10.6958;0;0;0;0;0;0;0;0;0;0;0;0;0;0;0;0;-0;-0;0;0;0;
8.50402;0;0;-10.6958;0;0;0;0;0;0;0;0;0;0;0;0;0;0;0;0;-0;-0;0;0;0;
8.50505;0;0;-10.6958;0;0;0;-5.19844;-3.28169;55.4912;0.301104;0.12118;0.0833307;0;0;0;0;0;0;5.19844;3.28169;-55.4912;-28.5857;359.405;18.529;
8.50602;0;0;-10.6958;0;0;0;-6.50259;-6.82948;67.67;0.489097;-0.631045;0.171323;0;0;0;0;0;0;6.50259;6.82948;-67.67;-35.2648;439.08;40.7367;
8.50705;0;0;-10.6958;0;0;0;0;0;0;0;0;0;0;0;0;0;0;0;0;-0;-0;0;0;0;
8.50802;0;0;-10.6958;0;0;0;6.73605;7.46682;35.9427;-1.29154;0.190324;0.0452583;0;0;0;0;0;0;-6.73605;-7.46682;-35.9427;-16.0677;231.669;-44.959;
8.50905;0;0;-10.6958;0;0;0;5.07949;8.74741;34.3455;-1.44333;0.270559;-0.0263073;0;0;0;0;0;0;-5.07949;-8.74741;-34.3455;-14.983;221.422;-54.0069;
8.51002;0;0;-10.6958;0;0;0;-3.10165;-4.44624;13.4417;0.564848;-0.969498;-0.190352;0;0;0;0;0;0;3.10165;4.44624;-13.4417;-7.78216;88.2428;27.3932;
8.51105;0;0;-10.6958;0;0;0;1.87899;5.90178;27.91;-0.694341;-0.170865;-0.266478;0;0;0;0;0;0;-1.87899;-5.90178;-27.91;-12.775;180.549;-36.969;
8.51202;0;0;-10.6958;0;0;0;2.90722;1.81115;13.1346;-0.257292;-0.0884504;0.00429604;0;0;0;0;0;0;-2.90722;-1.81115;-13.1346;-6.17826;84.7724;-10.2571;
8.51305;0;0;-10.6958;0;0;0;-1.76127;-3.45893;37.7187;-0.525803;-0.839115;0.212699;0;0;0;0;0;0;1.76127;3.45893;-37.7187;-18.823;245.04;21.2779;
8.51402;0;0;-10.6958;0;0;0;1.2817;1.3422;6.31965;-0.345431;0.105272;0.0476998;0;0;0;0;0;0;-1.2817;-1.3422;-6.31965;-2.70384;40.6518;-8.08546;
8.51504;0;0;-10.6958;0;0;0;3.39413;0.975627;13.5468;-0.329626;0.460875;0.0443458;0;0;0;0;0;0;-3.39413;-0.975627;-13.5468;-6.39733;86.8412;-4.64633;
8.51601;0;0;-10.6958;0;0;0;0;0;0;0;0;0;0;0;0;0;0;0;0;-0;-0;0;0;0;
8.51704;0;0;-10.6958;0;0;0;0;0;0;0;0;0;0;0;0;0;0;0;0;-0;-0;0;0;0;
8.51801;0;0;-10.6958;0;0;0;-6.3104;-6.18688;23.9651;0.980182;-0.98562;-0.0216879;0;0;0;0;0;0;6.3104;6.18688;-23.9651;-13.6735;156.662;36.8691;
8.51904;0;0;-10.6958;0;0;0;0;0;0;0;0;0;0;0;0;0;0;0;0;-0;-0;0;0;0;
8.52;0;0;-10.6958;0;0;0;0;0;0;0;0;0;0;0;0;0;0;0;0;-0;-0;0;0;0;
8.52103;0;0;-10.6958;0;0;0;-11.4411;10.3419;54.6177;-0.996958;-0.519761;-0.24161;0;0;0;0;0;0;11.4411;-10.3419;-54.6177;-25.4825;355.021;-72.4298;
8.52205;0;0;-10.6958;0;0;0;0;0;0;0;0;0;0;0;0;0;0;0;0;-0;-0;0;0;0;
8.52302;0;0;-10.6958;0;0;0;1.08799;3.0574;9.40243;-0.489589;0.175425;-0.000391068;0;0;0;0;0;0;-1.08799;-3.0574;-9.40243;-3.94088;60.5454;-19.2316;
8.52405;0;0;-10.6958;0;0;0;1.98981;-0.427383;7.84585;0.488708;-0.479518;-0.150063;0;0;0;0;0;0;-1.98981;0.427383;-7.84585;-4.48418;51.0395;3.9175;
8.52502;0;0;-10.6958;0;0;0;-4.60458;-3.24955;9.36611;0.557037;-0.505243;0.0985586;0;0;0;0;0;0;4.60458;3.24955;-9.36611;-5.60119;61.5615;18.6049;
8.52605;0;0;-10.6958;0;0;0;4.36782;4.18681;20.8926;-0.551707;0.671938;-0.0194897;0;0;0;0;0;0;-4.36782;-4.18681;-20.8926;-9.55423;134.057;-24.867;
8.52702;0;0;-10.6958;0;0;0;0;0;0;0;0;0;0;0;0;0;0;0;0;-0;-0;0;0;0;
8.52804;0;0;-10.6958;0;0;0;8.61075;4.48498;36.6528;-0.925081;0.571828;0.0704991;0;0;0;0;0;0;-8.61075;-4.48498;-36.6528;-17.0908;235.694;-24.7485;
8.529;0;0;-10.6958;0;0;0;0;0;0;0;0;0;0;0;0;0;0;0;0;-0;-0;0;0;0;
8.53003;0;0;-10.6958;0;0;0;0;0;0;0;0;0;0;0;0;0;0;0;0;-0;-0;0;0;0;
8.53105;0;0;-10.6958;0;0;0;4.71771;-1.16809;18.8405;0.182496;-0.537512;-0.0558694;0;0;0;0;0;0;-4.71771;1.16809;-18.8405;-9.79119;121.955;9.98966;
8.53202;0;0;-10.6958;0;0;0;1.55734;7.91845;46.9978;-0.871694;0.565807;-0.165765;0;0;0;0;0;0;-1.55734;-7.91845;-46.9978;-22.0118;303.335;-50.2788;
8.53304;0;0;-10.6958;0;0;0;2.00869;-2.45668;25.2521;0.338409;0.124257;0.0270373;0;0;0;0;0;0;-2.00869;2.45668;-25.2521;-13.3063;163.045;16.8787;
8.53401;0;0;-10.6958;0;0;0;-10.4788;0.987168;39.8335;-0.136909;-0.426223;-0.00561628;0;0;0;0;0;0;10.4788;-0.987168;-39.8335;-19.8319;259.183;-11.6601;
8.53503;0;0;-10.6958;0;0;0;0;0;0;0;0;0;0;0;0;0;0;0;0;-0;-0;0;0;0;
8.53606;0;0;-10.6958;0;0;0;-2.5598;-3.0167;9.36221;0.559031;-0.524698;-0.0162196;0;0;0;0;0;0;2.5598;3.0167;-9.36221;-5.5779;61.3508;18.2434;
8.53702;0;0;-10.6958;0;0;0;-0.421738;-5.2778;14.4174;0.671873;-0.0207764;0.0589345;0;0;0;0;0;0;0.421738;5.2778;-14.4174;-8.46405;93.3375;33.8737;
8.53805;0;0;-10.6958;0;0;0;-5.1695;-5.39561;17.558;0.679831;-0.302603;0.0921445;0;0;0;0;0;0;5.1695;5.39561;-17.558;-10.066;114.414;32.2108;
8.53902;0;0;-10.6958;0;0;0;0;0;0;0;0;0;0;0;0;0;0;0;0;-0;-0;0;0;0;
8.54006;0;0;-10.6958;0;0;0;0;0;0;0;0;0;0;0;0;0;0;0;0;-0;-0;0;0;0;
8.54102;0;0;-10.6958;0;0;0;0;0;0;0;0;0;0;0;0;0;0;0;0;-0;-0;0;0;0;
8.54205;0;0;-10.6958;0;0;0;0.978997;6.74429;18.0453;-0.919506;0.362173;-0.0854741;0;0;0;0;0;0;-0.978997;-6.74429;-18.0453;-7.49574;116.285;-43.0541;
8.54302;0;0;-10.6958;0;0;0;3.26008;-1.40351;13.3682;-0.120797;0.608223;0.103945;0;0;0;0;0;0;-3.26008;1.40351;-13.3682;-6.75461;85.5519;10.6186;
8.54405;0;0;-10.6958;0;0;0;4.51176;-1.29688;62.4289;0.390761;0.398225;-0.0811746;0;0;0;0;0;0;-4.51176;1.29688;-62.4289;-31.9717;403.038;10.7444;
8.54502;0;0;-10.6958;0;0;0;0;0;0;0;0;0;0;0;0;0;0;0;0;-0;-0;0;0;0;
8.54606;0;0;-10.6958;0;0;0;0;0;0;0;0;0;0;0;0;0;0;0;0;-0;-0;0;0;0;
8.54702;0;0;-10.6958;0;0;0;0.629143;0.518851;2.89131;-0.150337;0.0410098;0.023752;0;0;0;0;0;0;-0.629143;-0.518851;-2.89131;-1.25428;18.6015;-3.06354;
8.54804;0;0;-10.6958;0;0;0;0;0;0;0;0;0;0;0;0;0;0;0;0;-0;-0;0;0;0;
8.54901;0;0;-10.6958;0;0;0;0;0;0;0;0;0;0;0;0;0;0;0;0;-0;-0;0;0;0;
8.55003;0;0;-10.6958;0;0;0;0.695733;-0.36615;2.91375;0.109139;0.209991;0.000328302;0;0;0;0;0;0;-0.695733;0.36615;-2.91375;-1.61375;18.571;2.71901;
8.55106;0;0;-10.6958;0;0;0;0;0;0;0;0;0;0;0;0;0;0;0;0;-0;-0;0;0;0;
8.55203;0;0;-10.6958;0;0;0;3.07981;-3.95191;16.7413;0.652636;0.764518;0.105737;0;0;0;0;0;0;-3.07981;3.95191;-16.7413;-9.48275;107.236;27.013;
8.55306;0;0;-10.6958;0;0;0;2.71152;4.39901;16.3347;-0.871503;0.285922;0.0676672;0;0;0;0;0;0;-2.71152;-4.39901;-16.3347;-6.91696;105.121;-27.1614;
8.55403;0;0;-10.6958;0;0;0;0;0;0;0;0;0;0;0;0;0;0;0;0;-0;-0;0;0;0;
8.55506;0;0;-10.6958;0;0;0;2.84652;-1.50758;11.9315;0.446644;0.859966;0.00210237;0;0;0;0;0;0;-2.84652;1.50758;-11.9315;-6.60871;76.0468;11.1853;
8.55603;0;0;-10.6958;0;0;0;0;0;0;0;0;0;0;0;0;0;0;0;0;-0;-0;0;0;0;
8.55706;0;0;-10.6958;0;0;0;7.15642;-5.23451;31.9411;0.979194;1.53086;0.088992;0;0;0;0;0;0;-7.15642;5.23451;-31.9411;-17.5953;204.398;37.3814;
8.55803;0;0;-10.6958;0;0;0;0.666675;-0.14903;2.63155;0.16386;-0.160828;-0.0506202;0;0;0;0;0;0;-0.666675;0.14903;-2.63155;-1.50454;17.119;1.35065;
8.559;0;0;-10.6958;0;0;0;1.97203;5.08025;15.9855;-0.835074;0.295461;0.00911963;0;0;0;0;0;0;-1.97203;-5.08025;-15.9855;-6.70923;102.926;-31.8827;
8.56004;0;0;-10.6958;0;0;0;0;0;0;0;0;0;0;0;0;0;0;0;0;-0;-0;0;0;0;
8.56101;0;0;-10.6958;0;0;0;0.250443;-0.559087;1.83645;0.058046;0.138504;0.0342502;0;0;0;0;0;0;-0.250443;0.559087;-1.83645;-1.03925;11.7174;3.70898;
8.56205;0;0;-10.6958;0;0;0;-2.40856;-3.58046;9.17559;0.507239;-0.359698;0.00597351;0;0;0;0;0;0;2.40856;3.58046;-9.17559;-5.48859;59.9632;21.9447;
8.56302;0;0;-10.6958;0;0;0;0.375631;0.195061;1.57035;-0.0890133;0.0248505;0.0182053;0;0;0;0;0;0;-0.375631;-0.195061;-1.57035;-0.682571;10.097;-1.09093;
8.56405;0;0;-10.6958;0;0;0;-1.21639;-0.762227;3.33863;0.142725;-0.23763;-0.00225189;0;0;0;0;0;0;1.21639;0.762227;-3.33863;-1.90107;21.959;4.32073;
8.56503;0;0;-10.6958;0;0;0;0;0;0;0;0;0;0;0;0;0;0;0;0;-0;-0;0;0;0;
8.566;0;0;-10.6958;0;0;0;1.77649;-1.73321;8.61821;0.345492;0.38697;0.0247501;0;0;0;0;0;0;-1.77649;1.73321;-8.61821;-4.86094;55.1912;12.0834;
8.56704;0;0;-10.6958;0;0;0;0.225741;-1.34286;3.64363;0.107524;0.28367;0.0978848;0;0;0;0;0;0;-0.225741;1.34286;-3.64363;-2.07771;23.2664;8.70358;
8.56801;0;0;-10.6958;0;0;0;-8.60106;0.764975;33.2462;-0.0792708;-0.380426;-0.0169028;0;0;0;0;0;0;8.60106;-0.764975;-33.2462;-16.5932;216.331;-9.2653;
8.56904;0;0;-10.6958;0;0;0;0;0;0;0;0;0;0;0;0;0;0;0;0;-0;-0;0;0;0;
8.57001;0;0;-10.6958;0;0;0;0;0;0;0;0;0;0;0;0;0;0;0;0;-0;-0;0;0;0;
8.57104;0;0;-10.6958;0;0;0;1.58364;-9.7105;27.4738;1.17805;0.420584;0.171889;0;0;0;0;0;0;-1.58364;9.7105;-27.4738;-15.9921;177.165;63.4487;
8.57201;0;0;-10.6958;0;0;0;0;0;0;0;0;0;0;0;0;0;0;0;0;-0;-0;0;0;0;
8.57304;0;0;-10.6958;0;0;0;1.75229;-1.26874;7.7627;0.281175;0.56276;0.0285077;0;0;0;0;0;0;-1.75229;1.26874;-7.7627;-4.31909;49.483;9.06251;
8.57401;0;0;-10.6958;0;0;0;1.53937;-0.741531;6.37597;0.240779;0.45895;-0.00475549;0;0;0;0;0;0;-1.53937;0.741531;-6.37597;-3.52724;40.6366;5.57766;
8.57504;0;0;-10.6958;0;0;0;0;0;0;0;0;0;0;0;0;0;0;0;0;-0;-0;0;0;0;
8.57601;0;0;-10.6958;0;0;0;-1.17574;-5.26284;18.6377;1.12002;-1.08227;-0.234951;0;0;0;0;0;0;1.17574;5.26284;-18.6377;-11.0369;121.778;33.6909;
8.57705;0;0;-10.6958;0;0;0;0;0;0;0;0;0;0;0;0;0;0;0;0;-0;-0;0;0;0;
8.57802;0;0;-10.6958;0;0;0;0;0;0;0;0;0;0;0;0;0;0;0;0;-0;-0;0;0;0;
8.57905;0;0;-10.6958;0;0;0;0;0;0;0;0;0;0;0;0;0;0;0;0;-0;-0;0;0;0;
8.58002;0;0;-10.6958;0;0;0;0;0;0;0;0;0;0;0;0;0;0;0;0;-0;-0;0;0;0;
8.58106;0;0;-10.6958;0;0;0;0;0;0;0;0;0;0;0;0;0;0;0;0;-0;-0;0;0;0;
8.58203;0;0;-10.6958;0;0;0;0;0;0;0;0;0;0;0;0;0;0;0;0;-0;-0;0;0;0;
8.58306;0;0;-10.6958;0;0;0;0;0;0;0;0;0;0;0;0;0;0;0;0;-0;-0;0;0;0;
8.58403;0;0;-10.6958;0;0;0;3.30396;5.79131;20.798;-1.10526;0.367473;0.0732556;0;0;0;0;0;0;-3.30396;-5.79131;-20.798;-8.7923;133.855;-35.876;
8.58506;0;0;-10.6958;0;0;0;0;0;0;0;0;0;0;0;0;0;0;0;0;-0;-0;0;0;0;
8.58603;0;0;-10.6958;0;0;0;0;0;0;0;0;0;0;0;0;0;0;0;0;-0;-0;0;0;0;
8.58706;0;0;-10.6958;0;0;0;0;0;0;0;0;0;0;0;0;0;0;0;0;-0;-0;0;0;0;
8.58803;0;0;-10.6958;0;0;0;0;0;0;0;0;0;0;0;0;0;0;0;0;-0;-0;0;0;0;
8.589;0;0;-10.6958;0;0;0;-1.97657;9.01705;33.3405;-0.958269;-0.0129527;-0.18557;0;0;0;0;0;0;1.97657;-9.01705;-33.3405;-14.9349;215.909;-59.1466;
8.59003;0;0;-10.6958;0;0;0;0.261275;0.456116;1.6408;-0.0872141;0.0289763;0.00583273;0;0;0;0;0;0;-0.261275;-0.456116;-1.6408;-0.693704;10.5601;-2.82508;
8.59101;0;0;-10.6958;0;0;0;0.0363147;-0.00164049;0.141399;0.00582412;0.0101069;-0.00137852;0;0;0;0;0;0;-0.0363147;0.00164049;-0.141399;-0.0772241;0.901043;0.0302869;
8.59204;0;0;-10.6958;0;0;0;2.28455;6.03163;20.1625;-0.835338;0.180527;-0.0615911;0;0;0;0;0;0;-2.28455;-6.03163;-20.1625;-8.71801;130.033;-37.8095;
8.59301;0;0;-10.6958;0;0;0;0;0;0;0;0;0;0;0;0;0;0;0;0;-0;-0;0;0;0;
8.59404;0;0;-10.6958;0;0;0;0;0;0;0;0;0;0;0;0;0;0;0;0;-0;-0;0;0;0;
8.59501;0;0;-10.6958;0;0;0;3.54135;-0.355921;13.8215;-0.739507;0.133349;0.193598;0;0;0;0;0;0;-3.54135;0.355921;-13.8215;-6.25931;88.9306;3.89316;
8.59604;0;0;-10.6958;0;0;0;-6.21238;-3.78677;16.4526;0.433734;-0.528402;0.0858881;0;0;0;0;0;0;6.21238;3.78677;-16.4526;-9.10189;107.592;21.2831;
8.59702;0;0;-10.6958;0;0;0;1.61076;-0.869594;6.76959;0.252957;0.488048;0.00250423;0;0;0;0;0;0;-1.61076;0.869594;-6.76959;-3.75056;43.1468;6.43487;
8.59805;0;0;-10.6958;0;0;0;0;0;0;0;0;0;0;0;0;0;0;0;0;-0;-0;0;0;0;
8.59902;0;0;-10.6958;0;0;0;0;0;0;0;0;0;0;0;0;0;0;0;0;-0;-0;0;0;0;
8.60005;0;0;-10.6958;0;0;0;0;0;0;0;0;0;0;0;0;0;0;0;0;-0;-0;0;0;0;
8.60102;0;0;-10.6958;0;0;0;0;0;0;0;0;0;0;0;0;0;0;0;0;-0;-0;0;0;0;
8.60205;0;0;-10.6958;0;0;0;0.731333;-0.087522;2.8577;0.178655;-0.174722;-0.0510717;0;0;0;0;0;0;-0.731333;0.087522;-2.8577;-1.62712;18.5895;0.985742;
8.60302;0;0;-10.6958;0;0;0;0.923497;-0.716603;4.15812;0.149405;0.301941;0.0188537;0;0;0;0;0;0;-0.923497;0.716603;-4.15812;-2.31604;26.5068;5.0825;
8.60406;0;0;-10.6958;0;0;0;-11.337;18.2533;90.086;-2.05767;-0.522601;-0.509976;0;0;0;0;0;0;11.337;-18.2533;-90.086;-41.4981;584.475;-123.292;
8.60503;0;0;-10.6958;0;0;0;0;0;0;0;0;0;0;0;0;0;0;0;0;-0;-0;0;0;0;
8.606;0;0;-10.6958;0;0;0;3.59634;-2.22894;15.4471;0.569204;1.11625;0.0285492;0;0;0;0;0;0;-3.59634;2.22894;-15.4471;-8.57467;98.4591;16.2035;
8.60703;0;0;-10.6958;0;0;0;0;0;0;0;0;0;0;0;0;0;0;0;0;-0;-0;0;0;0;
8.60801;0;0;-10.6958;0;0;0;0.577965;-1.33928;4.34736;0.1369;0.328358;0.0829561;0;0;0;0;0;0;-0.577965;1.33928;-4.34736;-2.46127;27.7393;8.87278;
8.60904;0;0;-10.6958;0;0;0;0;0;0;0;0;0;0;0;0;0;0;0;0;-0;-0;0;0;0;
8.61001;0;0;-10.6958;0;0;0;0;0;0;0;0;0;0;0;0;0;0;0;0;-0;-0;0;0;0;
8.61105;0;0;-10.6958;0;0;0;2.29338;5.79286;18.3286;-0.9582;0.338045;0.0130546;0;0;0;0;0;0;-2.29338;-5.79286;-18.3286;-7.69518;118.01;-36.3349;
8.61202;0;0;-10.6958;0;0;0;0;0;0;0;0;0;0;0;0;0;0;0;0;-0;-0;0;0;0;
8.61306;0;0;-10.6958;0;0;0;-2.93349;-1.24885;5.03907;0.214714;-0.350862;0.0380404;0;0;0;0;0;0;2.93349;1.24885;-5.03907;-2.8785;33.2454;6.56356;
8.61403;0;0;-10.6958;0;0;0;0.953976;0.0359038;3.71665;-0.0230177;0.16656;0.00298133;0;0;0;0;0;0;-0.953976;-0.0359038;-3.71665;-1.84581;23.7829;0.245344;
8.61501;0;0;-10.6958;0;0;0;0;0;0;0;0;0;0;0;0;0;0;0;0;-0;-0;0;0;0;
8.61604;0;0;-10.6958;0;0;0;-0.424457;13.334;40.8053;-1.44339;0.245457;-0.231023;0;0;0;0;0;0;0.424457;-13.334;-40.8053;-17.7781;263.789;-86.2481;
8.61701;0;0;-10.6958;0;0;0;0;0;0;0;0;0;0;0;0;0;0;0;0;-0;-0;0;0;0;
8.61804;0;0;-10.6958;0;0;0;4.29694;-9.51003;53.9969;1.08315;0.792762;0.153542;0;0;0;0;0;0;-4.29694;9.51003;-53.9969;-29.2394;348.113;63.5369;
8.61902;0;0;-10.6958;0;0;0;2.52001;0.568539;21.8948;-0.482875;-0.109778;0.0518388;0;0;0;0;0;0;-2.52001;-0.568539;-21.8948;-10.4906;141.507;-2.46047;
8.62005;0;0;-10.6958;0;0;0;-1.4559;-0.743117;2.74226;0.116395;-0.191938;0.00978295;0;0;0;0;0;0;1.4559;0.743117;-2.74226;-1.57239;18.079;4.06438;
8.62103;0;0;-10.6958;0;0;0;1.59345;-0.97633;58.2076;0.338836;0.347057;-0.0793138;0;0;0;0;0;0;-1.59345;0.97633;-58.2076;-29.7613;376.071;7.19851;
8.622;0;0;-10.6958;0;0;0;4.12746;-6.25082;36.8036;0.68505;0.49949;0.114271;0;0;0;0;0;0;-4.12746;6.25082;-36.8036;-19.8528;237.19;42.4051;
8.62303;0;0;-10.6958;0;0;0;0;0;0;0;0;0;0;0;0;0;0;0;0;-0;-0;0;0;0;
8.62401;0;0;-10.6958;0;0;0;1.23212;-0.2673;4.85956;0.302663;-0.297004;-0.0930758;0;0;0;0;0;0;-1.23212;0.2673;-4.85956;-2.77767;31.6127;2.44312;
8.62504;0;0;-10.6958;0;0;0;0.504133;-8.08518;24.7536;1.27492;-0.550191;-0.128092;0;0;0;0;0;0;-0.504133;8.08518;-24.7536;-14.5558;160.645;52.6896;
8.62601;0;0;-10.6958;0;0;0;0;0;0;0;0;0;0;0;0;0;0;0;0;-0;-0;0;0;0;
8.62704;0;0;-10.6958;0;0;0;0;0;0;0;0;0;0;0;0;0;0;0;0;-0;-0;0;0;0;
8.62801;0;0;-10.6958;0;0;0;1.14189;-0.327242;4.54772;0.178343;0.325915;-0.0213282;0;0;0;0;0;0;-1.14189;0.327242;-4.54772;-2.50225;28.9814;2.71371;
8.62904;0;0;-10.6958;0;0;0;0;0;0;0;0;0;0;0;0;0;0;0;0;-0;-0;0;0;0;
8.63001;0;0;-10.6958;0;0;0;0.495157;0.276177;2.09083;-0.118137;0.0332025;0.0235918;0;0;0;0;0;0;-0.495157;-0.276177;-2.09083;-0.907544;13.4439;-1.56088;
8.63104;0;0;-10.6958;0;0;0;-0.764124;-0.617425;4.73541;0.205725;-0.343889;-0.0116413;0;0;0;0;0;0;0.764124;0.617425;-4.73541;-2.65326;31.0564;3.62114;
8.63201;0;0;-10.6958;0;0;0;1.99894;-2.17795;10.4434;0.460611;0.215148;0.0137473;0;0;0;0;0;0;-1.99894;2.17795;-10.4434;-5.94017;67.1486;15.0837;
8.63302;0;0;-10.6958;0;0;0;0;0;0;0;0;0;0;0;0;0;0;0;0;-0;-0;0;0;0;
8.63404;0;0;-10.6958;0;0;0;0.115916;-0.019928;0.454923;0.0200436;-0.0343834;-0.00661338;0;0;0;0;0;0;-0.115916;0.019928;-0.454923;-0.251229;2.96592;0.193936;
8.635;0;0;-10.6958;0;0;0;0;0;0;0;0;0;0;0;0;0;0;0;0;-0;-0;0;0;0;
8.63604;0;0;-10.6958;0;0;0;0;0;0;0;0;0;0;0;0;0;0;0;0;-0;-0;0;0;0;
8.637;0;0;-10.6958;0;0;0;-0.0259265;2.48013;17.0605;-0.281338;-0.0794959;-0.0467594;0;0;0;0;0;0;0.0259265;-2.48013;-17.0605;-8.06517;110.456;-16.0116;
8.63804;0;0;-10.6958;0;0;0;0.607711;-0.0207493;2.36565;0.104819;-0.178831;-0.0284954;0;0;0;0;0;0;-0.607711;0.0207493;-2.36565;-1.2987;15.4226;0.468896;
8.63901;0;0;-10.6958;0;0;0;-1.96779;6.07342;35.15;-0.574415;-0.285647;-0.169686;0;0;0;0;0;0;1.96779;-6.07342;-35.15;-16.5255;227.887;-40.114;
8.64004;0;0;-10.6958;0;0;0;-3.21415;0.603543;15.8167;-0.0656976;-0.173981;-0.00913172;0;0;0;0;0;0;3.21415;-0.603543;-15.8167;-7.84222;102.823;-5.51479;
8.641;0;0;-10.6958;0;0;0;0.765036;2.33437;7.03882;-0.365463;0.132483;-0.00421563;0;0;0;0;0;0;-0.765036;-2.33437;-7.03882;-2.94677;45.3289;-14.7127;
8.64203;0;0;-10.6958;0;0;0;13.8346;4.83531;56.2379;-0.627437;0.919063;-0.044634;0;0;0;0;0;0;-13.8346;-4.83531;-56.2379;-27.2205;361.528;-24.2678;
8.64306;0;0;-10.6958;0;0;0;0.582826;-0.223598;2.36211;-0.14576;0.0369737;0.0394648;0;0;0;0;0;0;-0.582826;0.223598;-2.36211;-1.06666;15.1864;1.70074;
8.64402;0;0;-10.6958;0;0;0;0;0;0;0;0;0;0;0;0;0;0;0;0;-0;-0;0;0;0;
8.64505;0;0;-10.6958;0;0;0;2.20318;-2.74377;81.9459;-0.868673;0.164469;0.363479;0;0;0;0;0;0;-2.20318;2.74377;-81.9459;-40.6903;529.768;18.4975;
8.64602;0;0;-10.6958;0;0;0;0;0;0;0;0;0;0;0;0;0;0;0;0;-0;-0;0;0;0;
8.64705;0;0;-10.6958;0;0;0;0.263524;-0.209911;1.19437;0.0427834;0.0867836;0.00581263;0;0;0;0;0;0;-0.263524;0.209911;-1.19437;-0.665533;7.61382;1.48498;
8.64801;0;0;-10.6958;0;0;0;0;0;0;0;0;0;0;0;0;0;0;0;0;-0;-0;0;0;0;
8.64902;0;0;-10.6958;0;0;0;14.573;-0.663873;56.7732;-0.351832;-0.242727;0.0616772;0;0;0;0;0;0;-14.573;0.663873;-56.7732;-28.3168;366.079;11.5751;
8.65004;0;0;-10.6958;0;0;0;0.526962;-0.659478;2.79645;0.0276408;0.167919;0.0370726;0;0;0;0;0;0;-0.526962;0.659478;-2.79645;-1.50256;17.871;4.49494;
8.65106;0;0;-10.6958;0;0;0;6.00046;-1.91502;24.0706;0.366062;0.627631;-0.0154316;0;0;0;0;0;0;-6.00046;1.91502;-24.0706;-12.6846;154.497;15.4278;
8.65202;0;0;-10.6958;0;0;0;0.390689;-0.112299;1.55619;0.096664;-0.0950755;-0.031129;0;0;0;0;0;0;-0.390689;0.112299;-1.55619;-0.891917;10.1237;0.954478;
8.65306;0;0;-10.6958;0;0;0;-11.1386;0.967229;28.8012;-0.0646491;-0.720485;-0.0245947;0;0;0;0;0;0;11.1386;-0.967229;-28.8012;-14.3484;188.167;-11.8445;
8.65403;0;0;-10.6958;0;0;0;0.107156;-0.0855064;0.48588;-0.0308896;0.00789752;0.0082022;0;0;0;0;0;0;-0.107156;0.0855064;-0.48588;-0.222463;3.12479;0.59897;
8.655;0;0;-10.6958;0;0;0;0.592118;-0.769596;3.18953;0.107414;0.235403;0.0368592;0;0;0;0;0;0;-0.592118;0.769596;-3.18953;-1.7914;20.3401;5.24038;
8.65604;0;0;-10.6958;0;0;0;0;0;0;0;0;0;0;0;0;0;0;0;0;-0;-0;0;0;0;
8.65701;0;0;-10.6958;0;0;0;0;0;0;0;0;0;0;0;0;0;0;0;0;-0;-0;0;0;0;
8.65804;0;0;-10.6958;0;0;0;2.55353;-1.70441;11.231;0.240908;0.254356;0.0132304;0;0;0;0;0;0;-2.55353;1.70441;-11.231;-6.06981;72.149;12.3;
8.65901;0;0;-10.6958;0;0;0;0;0;0;0;0;0;0;0;0;0;0;0;0;-0;-0;0;0;0;
8.66003;0;0;-10.6958;0;0;0;2.68222;-1.18277;11.0047;0.41878;0.791289;-0.0170242;0;0;0;0;0;0;-2.68222;1.18277;-11.0047;-6.0814;70.135;9.02032;
8.66105;0;0;-10.6958;0;0;0;2.17014;-1.21161;9.16492;0.341357;0.66109;0.00656777;0;0;0;0;0;0;-2.17014;1.21161;-9.16492;-5.08002;58.4143;8.92533;
8.66202;0;0;-10.6958;0;0;0;0;0;0;0;0;0;0;0;0;0;0;0;0;-0;-0;0;0;0;
8.66304;0;0;-10.6958;0;0;0;0.265641;-0.764363;2.33693;0.0721412;0.177982;0.0500141;0;0;0;0;0;0;-0.265641;0.764363;-2.33693;-1.32607;14.9142;5.02889;
8.66401;0;0;-10.6958;0;0;0;-4.80476;1.22822;20.3172;-0.072658;-0.21173;-0.0350131;0;0;0;0;0;0;4.80476;-1.22822;-20.3172;-10.04;132.136;-10.3317;
8.66505;0;0;-10.6958;0;0;0;0;0;0;0;0;0;0;0;0;0;0;0;0;-0;-0;0;0;0;
8.66602;0;0;-10.6958;0;0;0;1.80966;-8.13268;24.6339;1.19617;-0.237984;-0.0805393;0;0;0;0;0;0;-1.80966;8.13268;-24.6339;-14.4215;159.427;53.607;
8.66705;0;0;-10.6958;0;0;0;-13.4683;5.66138;44.9824;-0.511224;-0.718634;-0.117245;0;0;0;0;0;0;13.4683;-5.66138;-44.9824;-21.5836;293.084;-43.2946;
8.66802;0;0;-10.6958;0;0;0;0;0;0;0;0;0;0;0;0;0;0;0;0;-0;-0;0;0;0;
8.66906;0;0;-10.6958;0;0;0;0;0;0;0;0;0;0;0;0;0;0;0;0;-0;-0;0;0;0;
8.67003;0;0;-10.6958;0;0;0;0;0;0;0;0;0;0;0;0;0;0;0;0;-0;-0;0;0;0;
8.67101;0;0;-10.6958;0;0;0;1.31327;-0.72572;5.56417;0.21018;0.302632;-0.00147696;0;0;0;0;0;0;-1.31327;0.72572;-5.56417;-3.08611;35.5634;5.35817;
8.67204;0;0;-10.6958;0;0;0;3.27003;3.46726;16.1971;-0.532744;0.463212;0.00840167;0;0;0;0;0;0;-3.27003;-3.46726;-16.1971;-7.27992;103.997;-20.7925;
8.67302;0;0;-10.6958;0;0;0;-6.13219;-9.39201;21.5212;1.08839;-0.424807;0.155341;0;0;0;0;0;0;6.13219;9.39201;-21.5212;-12.8718;140.272;57.5172;
8.67405;0;0;-10.6958;0;0;0;0.961484;-5.41173;14.8906;0.62524;0.294029;0.0872829;0;0;0;0;0;0;-0.961484;5.41173;-14.8906;-8.66932;95.9449;35.4085;
8.67503;0;0;-10.6958;0;0;0;0.528903;-0.188943;2.13249;0.0824704;0.153037;-0.00689496;0;0;0;0;0;0;-0.528903;0.188943;-2.13249;-1.17575;13.5902;1.49573;
8.67601;0;0;-10.6958;0;0;0;0.530317;-0.962242;9.68603;0.422928;-0.718293;-0.0945132;0;0;0;0;0;0;-0.530317;0.962242;-9.68603;-5.39914;63.3293;6.58695;
8.67704;0;0;-10.6958;0;0;0;4.60055;-0.694652;18.0205;-1.08878;0.278555;0.288699;0;0;0;0;0;0;-4.60055;0.694652;-18.0205;-8.05952;115.845;6.52313;
8.67802;0;0;-10.6958;0;0;0;1.1003;-1.69608;6.44746;0.212544;0.479025;0.0897408;0;0;0;0;0;0;-1.1003;1.69608;-6.44746;-3.6307;41.1228;11.4374;
8.67905;0;0;-10.6958;0;0;0;3.79115;-3.82328;18.5426;0.682778;1.14731;0.118707;0;0;0;0;0;0;-3.79115;3.82328;-18.5426;-10.4076;118.435;26.5261;
8.68003;0;0;-10.6958;0;0;0;1.26216;-1.42023;6.39482;0.219383;0.469518;0.0609752;0;0;0;0;0;0;-1.26216;1.42023;-6.39482;-3.58338;40.7755;9.76311;
8.681;0;0;-10.6958;0;0;0;-18.3108;-10.3328;34.3219;1.17268;-1.22625;0.234211;0;0;0;0;0;0;18.3108;10.3328;-34.3219;-19.4993;225.108;57.3891;
8.68204;0;0;-10.6958;0;0;0;0;0;0;0;0;0;0;0;0;0;0;0;0;-0;-0;0;0;0;
8.68301;0;0;-10.6958;0;0;0;-1.00758;-0.967006;2.59863;0.153912;-0.142789;0.00654267;0;0;0;0;0;0;1.00758;0.967006;-2.59863;-1.55999;17.0556;5.74192;
8.68405;0;0;-10.6958;0;0;0;0.102434;-0.0122479;0.400262;0.0176723;-0.0302552;-0.00544846;0;0;0;0;0;0;-0.102434;0.0122479;-0.400262;-0.220551;2.6095;0.136293;
8.68502;0;0;-10.6958;0;0;0;2.45106;-2.35261;11.8058;0.470904;0.548022;0.0330755;0;0;0;0;0;0;-2.45106;2.35261;-11.8058;-6.65438;75.5845;16.422;
8.68606;0;0;-10.6958;0;0;0;0;0;0;0;0;0;0;0;0;0;0;0;0;-0;-0;0;0;0;
8.68703;0;0;-10.6958;0;0;0;0;0;0;0;0;0;0;0;0;0;0;0;0;-0;-0;0;0;0;
8.68801;0;0;-10.6958;0;0;0;0;0;0;0;0;0;0;0;0;0;0;0;0;-0;-0;0;0;0;
8.68905;0;0;-10.6958;0;0;0;-0.0407308;-0.420136;0.996346;0.027675;0.0809188;0.035253;0;0;0;0;0;0;0.0407308;0.420136;-0.996346;-0.571728;6.36905;2.66231;
8.69002;0;0;-10.6958;0;0;0;4.4726;2.4105;18.8804;-0.343843;0.697521;-0.0142598;0;0;0;0;0;0;-4.4726;-2.4105;-18.8804;-8.92655;121.002;-13.3272;
8.69105;0;0;-10.6958;0;0;0;0;0;0;0;0;0;0;0;0;0;0;0;0;-0;-0;0;0;0;
8.69202;0;0;-10.6958;0;0;0;0;0;0;0;0;0;0;0;0;0;0;0;0;-0;-0;0;0;0;
8.69305;0;0;-10.6958;0;0;0;0.133906;2.32143;7.09446;-0.369067;0.148171;-0.0415182;0;0;0;0;0;0;-0.133906;-2.32143;-7.09446;-2.97252;45.7363;-14.9096;
8.69402;0;0;-10.6958;0;0;0;4.57026;14.3673;43.0331;-2.23209;0.812469;-0.0342009;0;0;0;0;0;0;-4.57026;-14.3673;-43.0331;-18.0084;277.134;-90.6132;
8.69505;0;0;-10.6958;0;0;0;4.63441;10.9974;36.5774;-1.76094;0.531771;-0.0153017;0;0;0;0;0;0;-4.63441;-10.9974;-36.5774;-15.5648;235.643;-68.7979;
8.69601;0;0;-10.6958;0;0;0;0;0;0;0;0;0;0;0;0;0;0;0;0;-0;-0;0;0;0;
8.69704;0;0;-10.6958;0;0;0;0;0;0;0;0;0;0;0;0;0;0;0;0;-0;-0;0;0;0;
8.69801;0;0;-10.6958;0;0;0;4.94551;1.44184;19.7314;-0.257379;0.793844;0.000852667;0;0;0;0;0;0;-4.94551;-1.44184;-19.7314;-9.5388;126.363;-6.83732;
8.69905;0;0;-10.6958;0;0;0;7.59208;0.178102;29.6512;-0.242485;-0.490014;0.0334673;0;0;0;0;0;0;-7.59208;-0.178102;-29.6512;-14.6779;191.559;2.63918;
8.70002;0;0;-10.6958;0;0;0;0.266686;-0.0164881;1.03893;0.0650961;-0.0635301;-0.0177179;0;0;0;0;0;0;-0.266686;0.0164881;-1.03893;-0.590161;6.75821;0.258744;
8.70105;0;0;-10.6958;0;0;0;0;0;0;0;0;0;0;0;0;0;0;0;0;-0;-0;0;0;0;
8.70202;0;0;-10.6958;0;0;0;1.77821;-0.756253;7.2703;0.449364;-0.443732;-0.156065;0;0;0;0;0;0;-1.77821;0.756253;-7.2703;-4.18791;47.301;5.94453;
8.70305;0;0;-10.6958;0;0;0;0;0;0;0;0;0;0;0;0;0;0;0;0;-0;-0;0;0;0;
8.70402;0;0;-10.6958;0;0;0;-3.76873;-2.61961;7.61252;0.452924;-0.410426;0.0829942;0;0;0;0;0;0;3.76873;2.61961;-7.61252;-4.55058;50.0375;14.9659;
8.70506;0;0;-10.6958;0;0;0;3.65198;-2.70966;16.6598;0.706029;0.464739;-0.00666924;0;0;0;0;0;0;-3.65198;2.70966;-16.6598;-9.3707;106.95;19.3767;
8.70603;0;0;-10.6958;0;0;0;2.05163;-0.614126;8.18762;0.358911;-0.618582;-0.136332;0;0;0;0;0;0;-2.05163;0.614126;-8.18762;-4.54536;53.3831;5.14305;
8.707;0;0;-10.6958;0;0;0;3.67833;7.0664;26.3975;-1.04319;0.160616;-0.0456019;0;0;0;0;0;0;-3.67833;-7.0664;-26.3975;-11.5478;170.25;-43.8175;
8.70803;0;0;-10.6958;0;0;0;0.110961;-0.0229359;0.437103;0.0192307;-0.0330333;-0.00661518;0;0;0;0;0;0;-0.110961;0.0229359;-0.437103;-0.241741;2.84976;0.210902;
8.70901;0;0;-10.6958;0;0;0;4.64618;0.296444;18.1077;0.534048;1.16766;-0.15904;0;0;0;0;0;0;-4.64618;-0.296444;-18.1077;-9.62701;115.515;0.581933;
8.71004;0;0;-10.6958;0;0;0;0;0;0;0;0;0;0;0;0;0;0;0;0;-0;-0;0;0;0;
8.71101;0;0;-10.6958;0;0;0;1.12565;-1.03872;5.39099;0.220285;0.223184;0.0121751;0;0;0;0;0;0;-1.12565;1.03872;-5.39099;-3.04034;34.5412;7.27493;
8.71205;0;0;-10.6958;0;0;0;-0.22295;9.36879;40.7932;-1.16888;-0.0836364;-0.197292;0;0;0;0;0;0;0.22295;-9.36879;-40.7932;-18.4441;264.019;-60.5267;
8.71302;0;0;-10.6958;0;0;0;0;0;0;0;0;0;0;0;0;0;0;0;0;-0;-0;0;0;0;
8.71405;0;0;-10.6958;0;0;0;1.36686;0.379288;5.43605;-0.314922;0.0845125;0.0732886;0;0;0;0;0;0;-1.36686;-0.379288;-5.43605;-2.38576;34.9472;-1.83847;
8.71502;0;0;-10.6958;0;0;0;-2.37521;-13.5944;62.3817;1.49537;0.272444;0.272698;0;0;0;0;0;0;2.37521;13.5944;-62.3817;-34.2853;403.545;86.48;
8.71606;0;0;-10.6958;0;0;0;0.978354;-0.145133;3.83139;-0.04352;-0.0579477;0.00901118;0;0;0;0;0;0;-0.978354;0.145133;-3.83139;-1.90127;24.7472;1.42283;
8.71703;0;0;-10.6958;0;0;0;0;0;0;0;0;0;0;0;0;0;0;0;0;-0;-0;0;0;0;
8.718;0;0;-10.6958;0;0;0;0.227194;-0.0205845;0.886206;0.0361689;0.0633559;-0.0078009;0;0;0;0;0;0;-0.227194;0.0205845;-0.886206;-0.484702;5.64721;0.255433;
8.71903;0;0;-10.6958;0;0;0;5.39077;3.28881;58.5785;-0.61221;0.529151;0.0171526;0;0;0;0;0;0;-5.39077;-3.28881;-58.5785;-28.5702;377.906;-18.5783;
8.72001;0;0;-10.6958;0;0;0;3.00928;4.83591;19.248;-0.714704;0.141929;-0.0162099;0;0;0;0;0;0;-3.00928;-4.83591;-19.248;-8.49794;124.082;-29.7538;
8.72104;0;0;-10.6958;0;0;0;4.15335;-6.62003;25.2123;1.00149;0.975956;0.166109;0;0;0;0;0;0;-4.15335;6.62003;-25.2123;-14.3668;161.72;44.7548;
8.72201;0;0;-10.6958;0;0;0;0.38772;0.0464394;1.51504;-0.0891301;0.0233981;0.0220925;0;0;0;0;0;0;-0.38772;-0.0464394;-1.51504;-0.669494;9.73933;-0.1272;
8.72305;0;0;-10.6958;0;0;0;4.06934;6.34213;23.9854;-1.28235;0.417902;0.107061;0;0;0;0;0;0;-4.06934;-6.34213;-23.9854;-10.1661;154.349;-39.0875;
8.72402;0;0;-10.6958;0;0;0;2.59223;10.3223;29.5418;-1.52176;0.57026;-0.0657242;0;0;0;0;0;0;-2.59223;-10.3223;-29.5418;-12.3272;190.291;-65.4084;
8.72505;0;0;-10.6958;0;0;0;0.399138;-0.363199;2.10585;0.110638;-0.0443198;-0.0139953;0;0;0;0;0;0;-0.399138;0.363199;-2.10585;-1.20795;13.6281;2.5648;
8.72603;0;0;-10.6958;0;0;0;1.00446;-4.75713;14.5241;0.652551;0.0995754;0.0570417;0;0;0;0;0;0;-1.00446;4.75713;-14.5241;-8.44642;93.7637;31.2253;
8.727;0;0;-10.6958;0;0;0;0;0;0;0;0;0;0;0;0;0;0;0;0;-0;-0;0;0;0;
8.72804;0;0;-10.6958;0;0;0;0;0;0;0;0;0;0;0;0;0;0;0;0;-0;-0;0;0;0;
8.72901;0;0;-10.6958;0;0;0;-4.3556;2.59777;69.8178;-0.884321;-0.351908;0.00725302;0;0;0;0;0;0;4.3556;-2.59777;-69.8178;-34.0297;452.476;-19.0079;
8.73005;0;0;-10.6958;0;0;0;0.700503;-0.176824;2.77571;0.172639;-0.169622;-0.0543743;0;0;0;0;0;0;-0.700503;0.176824;-2.77571;-1.58876;18.0569;1.55125;
8.73102;0;0;-10.6958;0;0;0;1.89784;-1.30036;8.75367;0.464713;-0.183208;-0.0806818;0;0;0;0;0;0;-1.89784;1.30036;-8.75367;-5.0051;56.6251;9.44951;
8.73206;0;0;-10.6958;0;0;0;1.32727;-2.12856;8.31474;0.372747;0.104409;0.00934669;0;0;0;0;0;0;-1.32727;2.12856;-8.31474;-4.77499;53.555;14.4301;
8.73303;0;0;-10.6958;0;0;0;-7.04175;-3.3431;12.4209;0.527334;-0.866208;0.0658195;0;0;0;0;0;0;7.04175;3.3431;-12.4209;-7.11995;81.929;18.0148;
8.73401;0;0;-10.6958;0;0;0;-8.37057;-8.95209;21.9192;1.19957;-0.739119;0.117425;0;0;0;0;0;0;8.37057;8.95209;-21.9192;-13.1394;143.385;53.5812;
8.73504;0;0;-10.6958;0;0;0;7.26276;-0.902894;28.3925;0.0455962;1.15101;0.0311978;0;0;0;0;0;0;-7.26276;0.902894;-28.3925;-14.4402;181.807;9.46907;
8.73602;0;0;-10.6958;0;0;0;3.68382;-8.8585;30.9549;1.44531;0.0223288;0.00741141;0;0;0;0;0;0;-3.68382;8.8585;-30.9549;-17.928;199.872;59.1588;
8.73705;0;0;-10.6958;0;0;0;-3.86943;-6.49245;15.1293;0.793704;-0.42812;0.0379962;0;0;0;0;0;0;3.86943;6.49245;-15.1293;-9.06633;98.6948;40.0156;
8.73803;0;0;-10.6958;0;0;0;2.74576;13.4255;37.5307;-1.71247;0.808125;-0.187247;0;0;0;0;0;0;-2.74576;-13.4255;-37.5307;-15.8504;241.723;-85.2859;
8.73905;0;0;-10.6958;0;0;0;0;0;0;0;0;0;0;0;0;0;0;0;0;-0;-0;0;0;0;
8.74002;0;0;-10.6958;0;0;0;0;0;0;0;0;0;0;0;0;0;0;0;0;-0;-0;0;0;0;
8.74105;0;0;-10.6958;0;0;0;2.7263;0.210832;10.6275;-0.627857;0.163975;0.157813;0;0;0;0;0;0;-2.7263;-0.210832;-10.6275;-4.70518;68.3179;-0.148281;
8.74203;0;0;-10.6958;0;0;0;5.7021;-0.162553;22.2427;-0.458515;0.824347;0.109968;0;0;0;0;0;0;-5.7021;0.162553;-22.2427;-10.7637;142.504;3.8144;
8.74306;0;0;-10.6958;0;0;0;1.29401;-0.430025;5.19338;0.201836;0.372502;-0.0194463;0;0;0;0;0;0;-1.29401;0.430025;-5.19338;-2.86135;33.0965;3.45342;
8.74402;0;0;-10.6958;0;0;0;3.41789;10.5696;51.2681;-1.33567;0.0704105;-0.201926;0;0;0;0;0;0;-3.41789;-10.5696;-51.2681;-23.4343;331.267;-66.4564;
8.74505;0;0;-10.6958;0;0;0;0;0;0;0;0;0;0;0;0;0;0;0;0;-0;-0;0;0;0;
8.74602;0;0;-10.6958;0;0;0;0;0;0;0;0;0;0;0;0;0;0;0;0;-0;-0;0;0;0;
8.74705;0;0;-10.6958;0;0;0;-15.2;-13.8178;35.473;1.96112;-1.25942;0.325899;0;0;0;0;0;0;15.2;13.8178;-35.473;-21.2169;232.276;81.4108;
8.74802;0;0;-10.6958;0;0;0;0;0;0;0;0;0;0;0;0;0;0;0;0;-0;-0;0;0;0;
8.74905;0;0;-10.6958;0;0;0;0;0;0;0;0;0;0;0;0;0;0;0;0;-0;-0;0;0;0;
8.75002;0;0;-10.6958;0;0;0;-7.95305;-6.67344;17.6884;1.04676;-0.9614;0.10793;0;0;0;0;0;0;7.95305;6.67344;-17.6884;-10.6268;116.194;39.0592;
8.75106;0;0;-10.6958;0;0;0;2.51726;0.00668695;9.79689;0.0497324;0.501727;-0.0145331;0;0;0;0;0;0;-2.51726;-0.00668695;-9.79689;-4.98475;62.6272;1.23947;
8.75203;0;0;-10.6958;0;0;0;-12.8025;-6.86021;26.6854;1.13522;-1.87754;0.0619569;0;0;0;0;0;0;12.8025;6.86021;-26.6854;-15.2667;175.802;37.8703;
8.75305;0;0;-10.6958;0;0;0;-1.4204;-8.27352;22.3263;1.0232;0.0799977;0.134799;0;0;0;0;0;0;1.4204;8.27352;-22.3263;-13.1001;144.502;52.6753;
8.75402;0;0;-10.6958;0;0;0;1.83254;-1.23853;9.0498;0.488985;-0.238826;-0.0676741;0;0;0;0;0;0;-1.83254;1.23853;-9.0498;-5.17238;58.603;9.00359;
8.75505;0;0;-10.6958;0;0;0;-2.4858;-9.76356;23.6915;1.10049;-0.0480658;0.132474;0;0;0;0;0;0;2.4858;9.76356;-23.6915;-14.0145;153.57;61.7806;
8.75601;0;0;-10.6958;0;0;0;0;0;0;0;0;0;0;0;0;0;0;0;0;-0;-0;0;0;0;
8.75705;0;0;-10.6958;0;0;0;0;0;0;0;0;0;0;0;0;0;0;0;0;-0;-0;0;0;0;
8.75801;0;0;-10.6958;0;0;0;0;0;0;0;0;0;0;0;0;0;0;0;0;-0;-0;0;0;0;
8.75904;0;0;-10.6958;0;0;0;-1.56064;6.92305;30.3772;-0.446404;-0.413896;-0.264945;0;0;0;0;0;0;1.56064;-6.92305;-30.3772;-14.1641;197.096;-45.3101;
8.76001;0;0;-10.6958;0;0;0;0.569292;0.616084;2.84134;-0.155011;0.0475033;0.0207581;0;0;0;0;0;0;-0.569292;-0.616084;-2.84134;-1.21473;18.2775;-3.71971;
8.76103;0;0;-10.6958;0;0;0;3.61999;6.76904;23.6841;-1.25459;0.421792;0.0712081;0;0;0;0;0;0;-3.61999;-6.76904;-23.6841;-9.9993;152.44;-42.0398;
8.762;0;0;-10.6958;0;0;0;1.91033;-0.919316;7.91156;0.344488;-0.597218;-0.152577;0;0;0;0;0;0;-1.91033;0.919316;-7.91156;-4.42246;51.5897;7.06252;
8.76303;0;0;-10.6958;0;0;0;0;0;0;0;0;0;0;0;0;0;0;0;0;-0;-0;0;0;0;
8.76401;0;0;-10.6958;0;0;0;4.94601;5.16794;24.3674;-0.769524;0.714405;0.00467978;0;0;0;0;0;0;-4.94601;-5.16794;-24.3674;-10.9891;156.435;-30.9469;
8.76504;0;0;-10.6958;0;0;0;-1.35963;1.62855;9.34673;-0.18633;-0.0862978;-0.0351862;0;0;0;0;0;0;1.35963;-1.62855;-9.34673;-4.35941;60.6912;-11.1857;
8.76601;0;0;-10.6958;0;0;0;-3.04676;-5.66581;37.4409;0.631636;-0.0430093;0.112786;0;0;0;0;0;0;3.04676;5.66581;-37.4409;-20.0621;242.572;35.0073;
8.76704;0;0;-10.6958;0;0;0;4.65279;2.77832;20.0484;-1.02219;0.253769;0.185438;0;0;0;0;0;0;-4.65279;-2.77832;-20.0484;-8.79989;128.983;-15.8157;
8.76802;0;0;-10.6958;0;0;0;0;0;0;0;0;0;0;0;0;0;0;0;0;-0;-0;0;0;0;
8.76905;0;0;-10.6958;0;0;0;2.61462;-0.944938;10.5552;0.206686;0.645189;0.00971089;0;0;0;0;0;0;-2.61462;0.944938;-10.5552;-5.61911;67.3799;7.42083;
8.77003;0;0;-10.6958;0;0;0;0.345044;-0.0568558;1.35323;0.0596361;-0.102279;-0.0195032;0;0;0;0;0;0;-0.345044;0.0568558;-1.35323;-0.747093;8.82243;0.561167;
8.771;0;0;-10.6958;0;0;0;5.94182;4.89396;37.0726;-0.953007;-0.0748176;0.0862383;0;0;0;0;0;0;-5.94182;-4.89396;-37.0726;-17.234;239.321;-28.7542;
8.77204;0;0;-10.6958;0;0;0;-1.56877;-4.37254;44.6732;0.391829;-0.0794026;0.0914591;0;0;0;0;0;0;1.56877;4.37254;-44.6732;-23.3364;289.25;27.4063;
8.77301;0;0;-10.6958;0;0;0;0.560119;-0.0628507;2.18759;0.136795;-0.133761;-0.0388684;0;0;0;0;0;0;-0.560119;0.0628507;-2.18759;-1.24521;14.2303;0.727671;
8.77405;0;0;-10.6958;0;0;0;0.479394;-0.0565464;1.87303;0.117097;-0.114523;-0.033428;0;0;0;0;0;0;-0.479394;0.0565464;-1.87303;-1.0664;12.184;0.640775;
8.77502;0;0;-10.6958;0;0;0;4.95216;3.48223;31.7839;-0.833711;-0.0452572;-0.0610141;0;0;0;0;0;0;-4.95216;-3.48223;-31.7839;-14.8302;205.175;-19.9724;
8.77606;0;0;-10.6958;0;0;0;0;0;0;0;0;0;0;0;0;0;0;0;0;-0;-0;0;0;0;
8.77703;0;0;-10.6958;0;0;0;4.74644;-6.23352;27.2221;0.852794;0.36161;0.0975153;0;0;0;0;0;0;-4.74644;6.23352;-27.2221;-15.1919;175.276;42.6216;
8.778;0;0;-10.6958;0;0;0;-2.93455;7.50919;28.4532;-0.815474;-0.000658631;-0.148238;0;0;0;0;0;0;2.93455;-7.50919;-28.4532;-12.767;184.373;-49.9109;
8.77904;0;0;-10.6958;0;0;0;3.13094;6.85119;22.7075;-0.855253;0.598366;-0.0671065;0;0;0;0;0;0;-3.13094;-6.85119;-22.7075;-9.89846;145.994;-42.6793;
8.78001;0;0;-10.6958;0;0;0;0;0;0;0;0;0;0;0;0;0;0;0;0;-0;-0;0;0;0;
8.78105;0;0;-10.6958;0;0;0;0;0;0;0;0;0;0;0;0;0;0;0;0;-0;-0;0;0;0;
8.78202;0;0;-10.6958;0;0;0;0;0;0;0;0;0;0;0;0;0;0;0;0;-0;-0;0;0;0;
8.783;0;0;-10.6958;0;0;0;-8.32843;-7.0587;26.0231;0.604258;-0.729798;0.228383;0;0;0;0;0;0;8.32843;7.0587;-26.0231;-14.422;169.921;41.242;
8.78403;0;0;-10.6958;0;0;0;1.53357;6.52862;18.4853;-0.95061;0.358887;-0.0478871;0;0;0;0;0;0;-1.53357;-6.52862;-18.4853;-7.70825;119.078;-41.4164;
8.78501;0;0;-10.6958;0;0;0;3.73884;-2.06764;15.7677;0.587883;1.13716;0.00971921;0;0;0;0;0;0;-3.73884;2.06764;-15.7677;-8.73885;100.497;15.2505;
8.78604;0;0;-10.6958;0;0;0;0;0;0;0;0;0;0;0;0;0;0;0;0;-0;-0;0;0;0;
8.78701;0;0;-10.6958;0;0;0;1.75764;14.6027;39.5896;-1.75931;0.638509;-0.265529;0;0;0;0;0;0;-1.75764;-14.6027;-39.5896;-16.7231;255.311;-93.3212;
8.78805;0;0;-10.6958;0;0;0;0;0;0;0;0;0;0;0;0;0;0;0;0;-0;-0;0;0;0;
8.78903;0;0;-10.6958;0;0;0;0.114018;-0.0293354;0.452102;0.0178361;0.0323822;-0.00239702;0;0;0;0;0;0;-0.114018;0.0293354;-0.452102;-0.248546;2.88107;0.249625;
8.79006;0;0;-10.6958;0;0;0;0;0;0;0;0;0;0;0;0;0;0;0;0;-0;-0;0;0;0;
8.79104;0;0;-10.6958;0;0;0;0.119396;-0.0293261;0.472656;0.0186911;0.0338486;-0.00262135;0;0;0;0;0;0;-0.119396;0.0293261;-0.472656;-0.259755;3.01203;0.252499;
8.79201;0;0;-10.6958;0;0;0;0;0;0;0;0;0;0;0;0;0;0;0;0;-0;-0;0;0;0;
8.79305;0;0;-10.6958;0;0;0;0;0;0;0;0;0;0;0;0;0;0;0;0;-0;-0;0;0;0;
8.79402;0;0;-10.6958;0;0;0;3.57144;-7.81965;28.0251;1.21588;0.472222;0.153346;0;0;0;0;0;0;-3.57144;7.81965;-28.0251;-16.1185;180.478;52.2352;
8.79506;0;0;-10.6958;0;0;0;0.566865;-0.068143;2.21513;0.097794;-0.167441;-0.0301771;0;0;0;0;0;0;-0.566865;0.068143;-2.21513;-1.22061;14.4414;0.756618;
8.79604;0;0;-10.6958;0;0;0;0;0;0;0;0;0;0;0;0;0;0;0;0;-0;-0;0;0;0;
8.79701;0;0;-10.6958;0;0;0;2.03519;7.22987;21.4685;-1.03164;0.360713;-0.054376;0;0;0;0;0;0;-2.03519;-7.22987;-21.4685;-9.05993;138.326;-45.6939;
8.79805;0;0;-10.6958;0;0;0;1.15341;-1.19392;5.66334;0.196393;0.414638;0.0474141;0;0;0;0;0;0;-1.15341;1.19392;-5.66334;-3.16923;36.1088;8.25774;
8.79902;0;0;-10.6958;0;0;0;0;0;0;0;0;0;0;0;0;0;0;0;0;-0;-0;0;0;0;
8.80005;0;0;-10.6958;0;0;0;-5.8739;-4.0433;14.9887;0.636252;-1.06397;-0.0376724;0;0;0;0;0;0;5.8739;4.0433;-14.9887;-8.59273;98.6218;23.2364;
8.80103;0;0;-10.6958;0;0;0;0;0;0;0;0;0;0;0;0;0;0;0;0;-0;-0;0;0;0;
8.802;0;0;-10.6958;0;0;0;1.23233;-0.524951;5.03921;0.192333;0.362197;-0.00930355;0;0;0;0;0;0;-1.23233;0.524951;-5.03921;-2.78371;32.1155;4.02633;
8.80304;0;0;-10.6958;0;0;0;2.02779;-0.38801;7.97417;0.497105;-0.487452;-0.15013;0;0;0;0;0;0;-2.02779;0.38801;-7.97417;-4.55341;51.8731;3.68197;
8.80401;0;0;-10.6958;0;0;0;0.893901;1.49453;5.5453;-0.279179;0.083233;0.0163943;0;0;0;0;0;0;-0.893901;-1.49453;-5.5453;-2.36484;35.7025;-9.23492;
8.80504;0;0;-10.6958;0;0;0;0;0;0;0;0;0;0;0;0;0;0;0;0;-0;-0;0;0;0;
8.80602;0;0;-10.6958;0;0;0;0;0;0;0;0;0;0;0;0;0;0;0;0;-0;-0;0;0;0;
8.80705;0;0;-10.6958;0;0;0;0;0;0;0;0;0;0;0;0;0;0;0;0;-0;-0;0;0;0;
8.80801;0;0;-10.6958;0;0;0;0;0;0;0;0;0;0;0;0;0;0;0;0;-0;-0;0;0;0;
8.80904;0;0;-10.6958;0;0;0;0;0;0;0;0;0;0;0;0;0;0;0;0;-0;-0;0;0;0;
8.81;0;0;-10.6958;0;0;0;0;0;0;0;0;0;0;0;0;0;0;0;0;-0;-0;0;0;0;
8.81103;0;0;-10.6958;0;0;0;0;0;0;0;0;0;0;0;0;0;0;0;0;-0;-0;0;0;0;
8.81206;0;0;-10.6958;0;0;0;-0.988358;6.79655;29.6381;-0.690544;0.0491991;-0.156409;0;0;0;0;0;0;0.988358;-6.79655;-29.6381;-13.5604;191.793;-44.3117;
8.81303;0;0;-10.6958;0;0;0;0.048596;-0.00383107;0.189447;0.0118619;-0.0115849;-0.00327702;0;0;0;0;0;0;-0.048596;0.00383107;-0.189447;-0.10769;1.23234;0.052545;
8.81406;0;0;-10.6958;0;0;0;-4.6925;-0.304637;41.2371;-0.563488;-0.297981;0.125573;0;0;0;0;0;0;4.6925;0.304637;-41.2371;-20.2425;267.551;-0.518837;
8.81502;0;0;-10.6958;0;0;0;0;0;0;0;0;0;0;0;0;0;0;0;0;-0;-0;0;0;0;
8.81605;0;0;-10.6958;0;0;0;0;0;0;0;0;0;0;0;0;0;0;0;0;-0;-0;0;0;0;
8.81702;0;0;-10.6958;0;0;0;0;0;0;0;0;0;0;0;0;0;0;0;0;-0;-0;0;0;0;
8.81804;0;0;-10.6958;0;0;0;0;0;0;0;0;0;0;0;0;0;0;0;0;-0;-0;0;0;0;
8.819;0;0;-10.6958;0;0;0;0;0;0;0;0;0;0;0;0;0;0;0;0;-0;-0;0;0;0;
8.82003;0;0;-10.6958;0;0;0;2.80195;-2.10922;12.743;0.538947;0.397905;-0.00665159;0;0;0;0;0;0;-2.80195;2.10922;-12.743;-7.17029;81.7623;15.0639;
8.82106;0;0;-10.6958;0;0;0;0;0;0;0;0;0;0;0;0;0;0;0;0;-0;-0;0;0;0;
8.82203;0;0;-10.6958;0;0;0;1.86055;3.10503;11.3866;-0.606592;0.200056;0.0445627;0;0;0;0;0;0;-1.86055;-3.10503;-11.3866;-4.81895;73.2788;-19.1952;
8.82305;0;0;-10.6958;0;0;0;-12.3674;-8.83291;34.9975;0.991361;-0.620317;0.18872;0;0;0;0;0;0;12.3674;8.83291;-34.9975;-19.5083;228.275;50.7249;
8.82402;0;0;-10.6958;0;0;0;0;0;0;0;0;0;0;0;0;0;0;0;0;-0;-0;0;0;0;
8.82506;0;0;-10.6958;0;0;0;-0.468576;-0.557906;1.80722;0.108137;-0.101542;-0.00330923;0;0;0;0;0;0;0.468576;0.557906;-1.80722;-1.07452;11.8403;3.3766;
8.82603;0;0;-10.6958;0;0;0;0;0;0;0;0;0;0;0;0;0;0;0;0;-0;-0;0;0;0;
8.82705;0;0;-10.6958;0;0;0;0;0;0;0;0;0;0;0;0;0;0;0;0;-0;-0;0;0;0;
8.82801;0;0;-10.6958;0;0;0;0;0;0;0;0;0;0;0;0;0;0;0;0;-0;-0;0;0;0;
8.82903;0;0;-10.6958;0;0;0;-5.90299;-2.29906;9.95538;0.425341;-0.692449;0.0922919;0;0;0;0;0;0;5.90299;2.29906;-9.95538;-5.67126;65.69;11.8075;
8.83006;0;0;-10.6958;0;0;0;0.374471;-0.210177;1.58271;0.0687251;-0.11942;-0.032119;0;0;0;0;0;0;-0.374471;0.210177;-1.58271;-0.88716;10.3212;1.58052;
8.83103;0;0;-10.6958;0;0;0;-4.26204;8.21218;84.9352;-1.12782;-0.0825498;-0.038836;0;0;0;0;0;0;4.26204;-8.21218;-84.9352;-40.8404;549.996;-55.2369;
8.83206;0;0;-10.6958;0;0;0;0;0;0;0;0;0;0;0;0;0;0;0;0;-0;-0;0;0;0;
8.83303;0;0;-10.6958;0;0;0;0;0;0;0;0;0;0;0;0;0;0;0;0;-0;-0;0;0;0;
8.83401;0;0;-10.6958;0;0;0;0;0;0;0;0;0;0;0;0;0;0;0;0;-0;-0;0;0;0;
8.83503;0;0;-10.6958;0;0;0;5.46611;1.39523;22.5426;-0.606643;0.243392;0.121176;0;0;0;0;0;0;-5.46611;-1.39523;-22.5426;-10.6107;145.048;-6.39371;
8.836;0;0;-10.6958;0;0;0;0.268789;-0.425808;2.98164;0.129257;-0.221866;-0.0433368;0;0;0;0;0;0;-0.268789;0.425808;-2.98164;-1.67409;19.4846;2.93351;
8.83703;0;0;-10.6958;0;0;0;1.05513;-1.93877;8.21682;0.313236;-0.194793;-0.0102807;0;0;0;0;0;0;-1.05513;1.93877;-8.21682;-4.64716;53.2477;13.0847;
8.83805;0;0;-10.6958;0;0;0;0;0;0;0;0;0;0;0;0;0;0;0;0;-0;-0;0;0;0;
8.83902;0;0;-10.6958;0;0;0;0.903857;-0.0507515;3.5232;0.217317;-0.192621;-0.0598651;0;0;0;0;0;0;-0.903857;0.0507515;-3.5232;-1.99741;22.8953;0.84357;
8.84005;0;0;-10.6958;0;0;0;3.44007;-3.69592;17.2482;0.684055;0.786526;0.0650638;0;0;0;0;0;0;-3.44007;3.69592;-17.2482;-9.7441;110.456;25.5788;
8.84102;0;0;-10.6958;0;0;0;-1.22807;-7.42589;22.1183;1.13158;-0.45024;-0.0103292;0;0;0;0;0;0;1.22807;7.42589;-22.1183;-13.0189;143.667;47.4333;
8.84204;0;0;-10.6958;0;0;0;-4.28506;-11.3861;48.7026;1.57894;-0.9733;0.0984863;0;0;0;0;0;0;4.28506;11.3861;-48.7026;-27.2564;316.483;71.4046;
8.84301;0;0;-10.6958;0;0;0;0;0;0;0;0;0;0;0;0;0;0;0;0;-0;-0;0;0;0;
8.84404;0;0;-10.6958;0;0;0;1.67932;5.1408;16.5482;-0.633468;0.168375;-0.0732644;0;0;0;0;0;0;-1.67932;-5.1408;-16.5482;-7.18859;106.722;-32.339;
8.84502;0;0;-10.6958;0;0;0;0.635618;5.00773;38.0925;-0.873675;-0.0412054;-0.0478527;0;0;0;0;0;0;-0.635618;-5.00773;-38.0925;-17.8159;246.416;-32.0293;
8.84605;0;0;-10.6958;0;0;0;0;0;0;0;0;0;0;0;0;0;0;0;0;-0;-0;0;0;0;
8.84703;0;0;-10.6958;0;0;0;2.06678;8.09471;23.2314;-1.1972;0.447851;-0.0495397;0;0;0;0;0;0;-2.06678;-8.09471;-23.2314;-9.69599;149.64;-51.2778;
8.84806;0;0;-10.6958;0;0;0;1.44291;4.94216;14.5389;-0.752083;0.276848;-0.0194678;0;0;0;0;0;0;-1.44291;-4.94216;-14.5389;-6.0776;93.6379;-31.2268;
8.84903;0;0;-10.6958;0;0;0;-4.54993;-11.9466;33.8964;1.70604;-0.561526;0.160074;0;0;0;0;0;0;4.54993;11.9466;-33.8964;-19.9802;220.309;74.836;
8.85006;0;0;-10.6958;0;0;0;0.214637;-8.4893;29.3486;1.18591;-0.567969;-0.00129601;0;0;0;0;0;0;-0.214637;8.4893;-29.3486;-16.8225;190.417;55.0307;
8.85103;0;0;-10.6958;0;0;0;0.649462;7.96851;22.7314;-0.883356;0.211411;-0.159669;0;0;0;0;0;0;-0.649462;-7.96851;-22.7314;-9.77056;146.784;-51.0652;
8.85201;0;0;-10.6958;0;0;0;0;0;0;0;0;0;0;0;0;0;0;0;0;-0;-0;0;0;0;
8.85304;0;0;-10.6958;0;0;0;1.85661;4.2011;13.7396;-0.721511;0.250313;0.0209597;0;0;0;0;0;0;-1.85661;-4.2011;-13.7396;-5.77969;88.4515;-26.2645;
8.85402;0;0;-10.6958;0;0;0;-5.45139;6.31683;44.7914;-0.581146;-0.732093;-0.22115;0;0;0;0;0;0;5.45139;-6.31683;-44.7914;-21.3522;291.055;-43.3919;
8.85505;0;0;-10.6958;0;0;0;0;0;0;0;0;0;0;0;0;0;0;0;0;-0;-0;0;0;0;
8.85603;0;0;-10.6958;0;0;0;1.81285;-4.99532;20.9484;0.796073;-0.468236;0.0192099;0;0;0;0;0;0;-1.81285;4.99532;-20.9484;-11.8505;135.812;33.2112;
8.85706;0;0;-10.6958;0;0;0;0.317149;-0.0668061;1.24991;0.0497802;0.0894622;-0.00784948;0;0;0;0;0;0;-0.317149;0.0668061;-1.24991;-0.686185;7.965;0.599832;
8.85804;0;0;-10.6958;0;0;0;1.40008;-0.581273;6.15047;0.254129;-0.260486;-0.0394529;0;0;0;0;0;0;-1.40008;0.581273;-6.15047;-3.41101;39.9105;4.50536;
8.85901;0;0;-10.6958;0;0;0;0.95839;0.313006;3.84264;0.167835;0.274388;-0.0642441;0;0;0;0;0;0;-0.95839;-0.313006;-3.84264;-2.07243;24.4894;-1.47789;
8.86004;0;0;-10.6958;0;0;0;0.106583;0.0133391;0.416638;0.0262963;-0.0254748;-0.00591147;0;0;0;0;0;0;-0.106583;-0.0133391;-0.416638;-0.234865;2.71023;-0.0266878;
8.86102;0;0;-10.6958;0;0;0;0;0;0;0;0;0;0;0;0;0;0;0;0;-0;-0;0;0;0;
8.86205;0;0;-10.6958;0;0;0;0.730003;4.70354;12.6617;-0.645809;0.253198;-0.0568237;0;0;0;0;0;0;-0.730003;-4.70354;-12.6617;-5.26205;81.5885;-30.0048;
8.86303;0;0;-10.6958;0;0;0;0.43842;-0.0746017;1.72032;0.069083;0.123069;-0.0122687;0;0;0;0;0;0;-0.43842;0.0746017;-1.72032;-0.943268;10.9626;0.715781;
8.864;0;0;-10.6958;0;0;0;0;0;0;0;0;0;0;0;0;0;0;0;0;-0;-0;0;0;0;
8.86504;0;0;-10.6958;0;0;0;1.32018;-1.38996;6.52215;0.279484;-0.490532;-0.161111;0;0;0;0;0;0;-1.32018;1.38996;-6.52215;-3.70465;42.5531;9.81857;
8.866;0;0;-10.6958;0;0;0;6.30098;-10.6425;39.9518;1.46624;0.933041;0.179277;0;0;0;0;0;0;-6.30098;10.6425;-39.9518;-22.6605;256.903;71.8467;
8.86703;0;0;-10.6958;0;0;0;0;0;0;0;0;0;0;0;0;0;0;0;0;-0;-0;0;0;0;
8.868;0;0;-10.6958;0;0;0;-0.908189;-0.634677;1.83899;0.0770776;-0.129208;-0.00652755;0;0;0;0;0;0;0.908189;0.634677;-1.83899;-1.06716;12.1175;3.655;
8.86904;0;0;-10.6958;0;0;0;-2.62042;-2.2567;8.20655;0.333601;-0.426977;0.0190777;0;0;0;0;0;0;2.62042;2.2567;-8.20655;-4.69421;53.7816;13.2604;
8.87001;0;0;-10.6958;0;0;0;1.81538;8.46795;23.6581;-1.21403;0.46272;-0.0724635;0;0;0;0;0;0;-1.81538;-8.46795;-23.6581;-9.85677;152.411;-53.7961;
8.87105;0;0;-10.6958;0;0;0;3.84467;-10.3148;55.8212;1.03521;0.537471;0.197775;0;0;0;0;0;0;-3.84467;10.3148;-55.8212;-30.1918;360.211;68.4703;
8.87202;0;0;-10.6958;0;0;0;3.28033;-2.90947;17.3;0.885264;-0.565495;-0.150126;0;0;0;0;0;0;-3.28033;2.90947;-17.3;-9.8926;112.158;20.6255;
8.87305;0;0;-10.6958;0;0;0;10.3278;9.86243;80.0924;-1.96516;0.929006;0.0590432;0;0;0;0;0;0;-10.3278;-9.86243;-80.0924;-37.398;516.192;-58.6605;
8.87402;0;0;-10.6958;0;0;0;1.6196;-2.82567;11.1867;0.523172;0.0243798;0.00563961;0;0;0;0;0;0;-1.6196;2.82567;-11.1867;-6.44223;72.1856;19.0909;
8.87506;0;0;-10.6958;0;0;0;0;0;0;0;0;0;0;0;0;0;0;0;0;-0;-0;0;0;0;
8.87603;0;0;-10.6958;0;0;0;-2.10283;-1.43016;5.26977;0.223633;-0.373803;-0.0122087;0;0;0;0;0;0;2.10283;1.43016;-5.26977;-3.02186;34.6771;8.20517;
8.87701;0;0;-10.6958;0;0;0;0;0;0;0;0;0;0;0;0;0;0;0;0;-0;-0;0;0;0;
8.87804;0;0;-10.6958;0;0;0;9.72014;6.77144;46.0182;-1.0167;-0.217583;-0.0194814;0;0;0;0;0;0;-9.72014;-6.77144;-46.0182;-21.4893;296.957;-38.891;
8.87901;0;0;-10.6958;0;0;0;0;0;0;0;0;0;0;0;0;0;0;0;0;-0;-0;0;0;0;
8.88004;0;0;-10.6958;0;0;0;0.353999;-0.307932;1.64329;0.0582475;0.119679;0.00987862;0;0;0;0;0;0;-0.353999;0.307932;-1.64329;-0.917;10.4761;2.16063;
8.88102;0;0;-10.6958;0;0;0;1.03452;-0.907779;4.81448;-0.307461;0.0789009;0.0809432;0;0;0;0;0;0;-1.03452;0.907779;-4.81448;-2.20906;30.9646;6.31311;
8.88205;0;0;-10.6958;0;0;0;0;0;0;0;0;0;0;0;0;0;0;0;0;-0;-0;0;0;0;
8.88302;0;0;-10.6958;0;0;0;1.65279;7.73951;21.6114;-1.10891;0.422823;-0.0666157;0;0;0;0;0;0;-1.65279;-7.73951;-21.6114;-9.00374;139.226;-49.1712;
8.88405;0;0;-10.6958;0;0;0;5.25047;1.03859;20.8816;-0.613181;0.00716815;0.118601;0;0;0;0;0;0;-5.25047;-1.03859;-20.8816;-9.8031;134.56;-4.19252;
8.88502;0;0;-10.6958;0;0;0;0.562408;1.68002;5.09067;-0.264492;0.0956285;-0.00233867;0;0;0;0;0;0;-0.562408;-1.68002;-5.09067;-2.13192;32.782;-10.5831;
8.88606;0;0;-10.6958;0;0;0;0;0;0;0;0;0;0;0;0;0;0;0;0;-0;-0;0;0;0;
8.88703;0;0;-10.6958;0;0;0;1.70624;-1.03878;7.34582;-0.446805;0.104611;0.121721;0;0;0;0;0;0;-1.70624;1.03878;-7.34582;-3.35816;47.248;7.45825;
8.88801;0;0;-10.6958;0;0;0;0;0;0;0;0;0;0;0;0;0;0;0;0;-0;-0;0;0;0;
8.88904;0;0;-10.6958;0;0;0;-1.68253;-1.34954;8.78806;0.380295;-0.63635;-0.0249114;0;0;0;0;0;0;1.68253;1.34954;-8.78806;-4.943;57.659;7.90803;
8.89002;0;0;-10.6958;0;0;0;0;0;0;0;0;0;0;0;0;0;0;0;0;-0;-0;0;0;0;
8.89106;0;0;-10.6958;0;0;0;0;0;0;0;0;0;0;0;0;0;0;0;0;-0;-0;0;0;0;
8.89203;0;0;-10.6958;0;0;0;0;0;0;0;0;0;0;0;0;0;0;0;0;-0;-0;0;0;0;
8.89301;0;0;-10.6958;0;0;0;0.643491;-2.53013;7.35646;0.283768;0.270538;0.0833541;0;0;0;0;0;0;-0.643491;2.53013;-7.35646;-4.2435;47.2574;16.6094;
8.89404;0;0;-10.6958;0;0;0;0.0502001;-0.0783595;1.33333;0.0585968;-0.0987186;-0.00800788;0;0;0;0;0;0;-0.0502001;0.0783595;-1.33333;-0.738189;8.71959;0.540243;
8.89502;0;0;-10.6958;0;0;0;0;0;0;0;0;0;0;0;0;0;0;0;0;-0;-0;0;0;0;
8.89605;0;0;-10.6958;0;0;0;7.13683;5.81224;32.5329;-1.80333;0.529774;0.300954;0;0;0;0;0;0;-7.13683;-5.81224;-32.5329;-14.0047;209.225;-34.3075;
8.89702;0;0;-10.6958;0;0;0;-1.55681;8.33705;38.9619;-0.921446;0.107013;-0.167542;0;0;0;0;0;0;1.55681;-8.33705;-38.9619;-17.8727;252.112;-54.553;
8.89806;0;0;-10.6958;0;0;0;-4.59189;-6.7108;15.2851;0.895421;-0.852758;-0.105398;0;0;0;0;0;0;4.59189;6.7108;-15.2851;-9.26849;100.199;41.2072;
8.89903;0;0;-10.6958;0;0;0;0;0;0;0;0;0;0;0;0;0;0;0;0;-0;-0;0;0;0;
8.90001;0;0;-10.6958;0;0;0;-0.508172;4.96494;30.8101;-0.593107;0.18636;-0.0860391;0;0;0;0;0;0;0.508172;-4.96494;-30.8101;-14.4319;199.19;-32.2905;
8.90104;0;0;-10.6958;0;0;0;1.35516;-0.197938;5.30598;0.233997;-0.401062;-0.0747249;0;0;0;0;0;0;-1.35516;0.197938;-5.30598;-2.92703;34.5921;2.03802;
8.90202;0;0;-10.6958;0;0;0;0;0;0;0;0;0;0;0;0;0;0;0;0;-0;-0;0;0;0;
8.90305;0;0;-10.6958;0;0;0;0.0203962;2.86877e-05;0.0793697;0.00352152;-0.00600024;-0.00090278;0;0;0;0;0;0;-0.0203962;-2.86877e-05;-0.0793697;-0.0435059;0.517436;0.010993;
8.90403;0;0;-10.6958;0;0;0;0;0;0;0;0;0;0;0;0;0;0;0;0;-0;-0;0;0;0;
8.905;0;0;-10.6958;0;0;0;1.90767;-0.855464;7.84007;0.484177;-0.478435;-0.170016;0;0;0;0;0;0;-1.90767;0.855464;-7.84007;-4.51979;51.0084;6.66551;
8.90604;0;0;-10.6958;0;0;0;0;0;0;0;0;0;0;0;0;0;0;0;0;-0;-0;0;0;0;
8.90701;0;0;-10.6958;0;0;0;0.415217;0.893374;2.97048;-0.156331;0.0538015;0.00567127;0;0;0;0;0;0;-0.415217;-0.893374;-2.97048;-1.25073;19.122;-5.57613;
8.90805;0;0;-10.6958;0;0;0;0;0;0;0;0;0;0;0;0;0;0;0;0;-0;-0;0;0;0;
8.90902;0;0;-10.6958;0;0;0;0.564348;-1.71337;13.2306;0.562382;-0.842652;-0.0918462;0;0;0;0;0;0;-0.564348;1.71337;-13.2306;-7.39975;86.3811;11.4608;
8.91006;0;0;-10.6958;0;0;0;1.69868;-5.20539;17.7764;0.639587;-0.0520953;0.0745883;0;0;0;0;0;0;-1.69868;5.20539;-17.7764;-10.117;114.886;34.4573;
8.91103;0;0;-10.6958;0;0;0;1.96267;-1.49873;8.80262;0.316949;0.638908;0.0381115;0;0;0;0;0;0;-1.96267;1.49873;-8.80262;-4.90194;56.1126;10.6467;
8.912;0;0;-10.6958;0;0;0;1.91083;10.9854;47.391;-1.1321;-0.242399;-0.271386;0;0;0;0;0;0;-1.91083;-10.9854;-47.391;-21.6434;306.645;-69.8357;
8.91303;0;0;-10.6958;0;0;0;0;0;0;0;0;0;0;0;0;0;0;0;0;-0;-0;0;0;0;
8.91401;0;0;-10.6958;0;0;0;-4.65091;-2.82155;63.6779;0.648344;-0.200709;-0.084458;0;0;0;0;0;0;4.65091;2.82155;-63.6779;-33.0126;412.628;15.9952;
8.91504;0;0;-10.6958;0;0;0;0;0;0;0;0;0;0;0;0;0;0;0;0;-0;-0;0;0;0;
8.91602;0;0;-10.6958;0;0;0;0;0;0;0;0;0;0;0;0;0;0;0;0;-0;-0;0;0;0;
8.91706;0;0;-10.6958;0;0;0;0;0;0;0;0;0;0;0;0;0;0;0;0;-0;-0;0;0;0;
8.91803;0;0;-10.6958;0;0;0;0.866856;-1.69261;5.82525;0.186814;0.436944;0.0991603;0;0;0;0;0;0;-0.866856;1.69261;-5.82525;-3.2912;37.1624;11.2878;
8.91901;0;0;-10.6958;0;0;0;0;0;0;0;0;0;0;0;0;0;0;0;0;-0;-0;0;0;0;
8.92004;0;0;-10.6958;0;0;0;3.17064;-2.71222;14.8681;0.610648;0.616973;0.0267306;0;0;0;0;0;0;-3.17064;2.71222;-14.8681;-8.37305;95.2537;19.1173;
8.921;0;0;-10.6958;0;0;0;0;0;0;0;0;0;0;0;0;0;0;0;0;-0;-0;0;0;0;
8.92203;0;0;-10.6958;0;0;0;0;0;0;0;0;0;0;0;0;0;0;0;0;-0;-0;0;0;0;
8.92305;0;0;-10.6958;0;0;0;-3.79397;3.19851;66.8258;-0.996088;-0.424705;0.0211071;0;0;0;0;0;0;3.79397;-3.19851;-66.8258;-32.351;433.131;-22.6252;
8.92402;0;0;-10.6958;0;0;0;5.32586;-23.5259;68.8675;2.94496;1.14083;0.397473;0;0;0;0;0;0;-5.32586;23.5259;-68.8675;-39.998;443.861;154.486;
8.92505;0;0;-10.6958;0;0;0;0;0;0;0;0;0;0;0;0;0;0;0;0;-0;-0;0;0;0;
8.92602;0;0;-10.6958;0;0;0;0.0603071;-0.0216349;0.243223;0.0106371;-0.0183714;-0.00427161;0;0;0;0;0;0;-0.0603071;0.0216349;-0.243223;-0.135343;1.58585;0.174621;
8.92705;0;0;-10.6958;0;0;0;1.12696;9.32058;24.5825;-1.24949;0.498214;-0.131619;0;0;0;0;0;0;-1.12696;-9.32058;-24.5825;-10.2017;158.424;-59.5996;
8.92803;0;0;-10.6958;0;0;0;0;0;0;0;0;0;0;0;0;0;0;0;0;-0;-0;0;0;0;
8.92906;0;0;-10.6958;0;0;0;4.98642;2.86043;21.1455;-1.19318;0.336377;0.235867;0;0;0;0;0;0;-4.98642;-2.86043;-21.1455;-9.17357;135.964;-16.2291;
8.93003;0;0;-10.6958;0;0;0;0.00448778;-1.18404e-06;0.0174637;0.00109684;-0.00106799;-0.000281934;0;0;0;0;0;0;-0.00448778;1.18404e-06;-0.0174637;-0.00989537;0.113599;0.00255058;
8.93101;0;0;-10.6958;0;0;0;0;0;0;0;0;0;0;0;0;0;0;0;0;-0;-0;0;0;0;
8.93203;0;0;-10.6958;0;0;0;0;0;0;0;0;0;0;0;0;0;0;0;0;-0;-0;0;0;0;
8.933;0;0;-10.6958;0;0;0;-10.7694;8.02872;47.7934;-0.877903;-0.466542;-0.150925;0;0;0;0;0;0;10.7694;-8.02872;-47.7934;-22.3966;310.742;-57.2163;
8.93403;0;0;-10.6958;0;0;0;0;0;0;0;0;0;0;0;0;0;0;0;0;-0;-0;0;0;0;
8.935;0;0;-10.6958;0;0;0;0.353158;7.44264;25.0507;-0.81132;0.0689547;-0.196238;0;0;0;0;0;0;-0.353158;-7.44264;-25.0507;-11.0639;161.96;-47.7756;
8.93604;0;0;-10.6958;0;0;0;1.13871;-0.206262;4.4731;0.278957;-0.273454;-0.0836231;0;0;0;0;0;0;-1.13871;0.206262;-4.4731;-2.55322;29.0979;1.99172;
8.93701;0;0;-10.6958;0;0;0;-0.530956;2.79976;17.1511;0.0451423;-0.527594;-0.166924;0;0;0;0;0;0;0.530956;-2.79976;-17.1511;-8.40557;111.539;-18.2135;
8.93805;0;0;-10.6958;0;0;0;0.780745;-1.79507;6.71394;0.320382;-0.0232139;0.00200039;0;0;0;0;0;0;-0.780745;1.79507;-6.71394;-3.88277;43.3805;12.0045;
8.93902;0;0;-10.6958;0;0;0;0;0;0;0;0;0;0;0;0;0;0;0;0;-0;-0;0;0;0;
8.94006;0;0;-10.6958;0;0;0;2.83268;6.44216;21.0351;-1.10438;0.383442;0.0312885;0;0;0;0;0;0;-2.83268;-6.44216;-21.0351;-8.84794;135.418;-40.2814;
8.94103;0;0;-10.6958;0;0;0;0;0;0;0;0;0;0;0;0;0;0;0;0;-0;-0;0;0;0;
8.94206;0;0;-10.6958;0;0;0;0;0;0;0;0;0;0;0;0;0;0;0;0;-0;-0;0;0;0;
8.94303;0;0;-10.6958;0;0;0;1.82799;-1.11351;10.8017;0.66771;-0.651467;-0.180154;0;0;0;0;0;0;-1.82799;1.11351;-10.8017;-6.2213;70.3497;8.3049;
8.94401;0;0;-10.6958;0;0;0;0;0;0;0;0;0;0;0;0;0;0;0;0;-0;-0;0;0;0;
8.94504;0;0;-10.6958;0;0;0;-5.68106;5.55149;41.1649;-0.172564;-0.887589;-0.294495;0;0;0;0;0;0;5.68106;-5.55149;-41.1649;-20.0106;267.771;-38.4827;
8.94601;0;0;-10.6958;0;0;0;0;0;0;0;0;0;0;0;0;0;0;0;0;-0;-0;0;0;0;
8.94704;0;0;-10.6958;0;0;0;0;0;0;0;0;0;0;0;0;0;0;0;0;-0;-0;0;0;0;
8.94802;0;0;-10.6958;0;0;0;0;0;0;0;0;0;0;0;0;0;0;0;0;-0;-0;0;0;0;
8.94905;0;0;-10.6958;0;0;0;0.200554;-0.013119;1.09836;0.0486364;-0.0824529;-0.00986558;0;0;0;0;0;0;-0.200554;0.013119;-1.09836;-0.603316;7.16813;0.19578;
8.95002;0;0;-10.6958;0;0;0;0;0;0;0;0;0;0;0;0;0;0;0;0;-0;-0;0;0;0;
8.95105;0;0;-10.6958;0;0;0;0.584763;-0.438255;7.18132;0.31549;-0.533932;-0.0582741;0;0;0;0;0;0;-0.584763;0.438255;-7.18132;-3.97743;46.9345;3.18815;
8.95203;0;0;-10.6958;0;0;0;-0.882203;-1.3508;3.19;0.187353;-0.178706;-0.02386;0;0;0;0;0;0;0.882203;1.3508;-3.19;-1.92983;20.9046;8.31835;
8.953;0;0;-10.6958;0;0;0;1.58441;-0.0156015;6.16575;0.255841;0.440657;-0.0646283;0;0;0;0;0;0;-1.58441;0.0156015;-6.16575;-3.36378;39.2896;0.963806;
8.95404;0;0;-10.6958;0;0;0;-3.5219;-4.86908;17.3321;1.04172;-0.9832;-0.0645306;0;0;0;0;0;0;3.5219;4.86908;-17.3321;-10.2616;113.465;29.7904;
8.95501;0;0;-10.6958;0;0;0;0;0;0;0;0;0;0;0;0;0;0;0;0;-0;-0;0;0;0;
8.95604;0;0;-10.6958;0;0;0;7.56088;4.85681;32.7574;-0.798987;1.06468;0.0181966;0;0;0;0;0;0;-7.56088;-4.85681;-32.7574;-15.218;210.1;-27.6298;
8.95701;0;0;-10.6958;0;0;0;0;0;0;0;0;0;0;0;0;0;0;0;0;-0;-0;0;0;0;
8.95805;0;0;-10.6958;0;0;0;2.11779;-0.623957;9.07709;0.479367;-0.618955;-0.14456;0;0;0;0;0;0;-2.11779;0.623957;-9.07709;-5.11502;59.1305;5.24818;
8.95902;0;0;-10.6958;0;0;0;-2.3006;-2.82639;9.46179;0.567065;-0.5331;-0.0213658;0;0;0;0;0;0;2.3006;2.82639;-9.46179;-5.61717;61.9761;17.1475;
8.96005;0;0;-10.6958;0;0;0;2.57478;4.4638;16.5167;-0.865407;0.301491;0.0531929;0;0;0;0;0;0;-2.57478;-4.4638;-16.5167;-7.00873;106.295;-27.6343;
8.96102;0;0;-10.6958;0;0;0;0;0;0;0;0;0;0;0;0;0;0;0;0;-0;-0;0;0;0;
8.96205;0;0;-10.6958;0;0;0;0;0;0;0;0;0;0;0;0;0;0;0;0;-0;-0;0;0;0;
8.96302;0;0;-10.6958;0;0;0;-9.78788;6.70763;64.7503;-1.23647;-0.356785;-0.0590701;0;0;0;0;0;0;9.78788;-6.70763;-64.7503;-30.7135;420.236;-48.2668;
8.96405;0;0;-10.6958;0;0;0;0;0;0;0;0;0;0;0;0;0;0;0;0;-0;-0;0;0;0;
8.96503;0;0;-10.6958;0;0;0;0;0;0;0;0;0;0;0;0;0;0;0;0;-0;-0;0;0;0;
8.96606;0;0;-10.6958;0;0;0;-8.93676;-3.33647;14.9545;0.639754;-1.03968;0.150353;0;0;0;0;0;0;8.93676;3.33647;-14.9545;-8.50827;98.6823;16.9323;
8.96703;0;0;-10.6958;0;0;0;1.05294;5.74698;15.7408;-0.805159;0.311433;-0.0598454;0;0;0;0;0;0;-1.05294;-5.74698;-15.7408;-6.54952;101.417;-36.5894;
8.96801;0;0;-10.6958;0;0;0;0.901307;-4.9832;14.3477;0.619133;0.205095;0.0846768;0;0;0;0;0;0;-0.901307;4.9832;-14.3477;-8.34691;92.5265;32.6079;
8.96904;0;0;-10.6958;0;0;0;2.05071;1.62267;10.4873;-0.0776263;-0.141113;-0.0549297;0;0;0;0;0;0;-2.05071;-1.62267;-10.4873;-5.04345;67.7827;-9.40969;
8.97002;0;0;-10.6958;0;0;0;0;0;0;0;0;0;0;0;0;0;0;0;0;-0;-0;0;0;0;
8.97105;0;0;-10.6958;0;0;0;0.240844;-0.024;0.939918;0.0588024;-0.0574742;-0.0165351;0;0;0;0;0;0;-0.240844;0.024;-0.939918;-0.534749;6.11409;0.293142;
8.97203;0;0;-10.6958;0;0;0;2.70468;-7.90307;25.5679;0.891447;0.333005;0.173432;0;0;0;0;0;0;-2.70468;7.90307;-25.5679;-14.5646;164.806;52.3176;
8.973;0;0;-10.6958;0;0;0;0;0;0;0;0;0;0;0;0;0;0;0;0;-0;-0;0;0;0;
8.97404;0;0;-10.6958;0;0;0;0;0;0;0;0;0;0;0;0;0;0;0;0;-0;-0;0;0;0;
8.97501;0;0;-10.6958;0;0;0;-1.07106;-2.25324;9.6741;0.585913;-0.557391;-0.0649557;0;0;0;0;0;0;1.07106;2.25324;-9.6741;-5.68557;63.2507;14.1025;
8.97604;0;0;-10.6958;0;0;0;-0.159955;2.62411;57.0384;-0.302125;0.40989;-0.0559042;0;0;0;0;0;0;0.159955;-2.62411;-57.0384;-28.1717;368.613;-17.0012;
8.97701;0;0;-10.6958;0;0;0;0;0;0;0;0;0;0;0;0;0;0;0;0;-0;-0;0;0;0;
8.97805;0;0;-10.6958;0;0;0;0;0;0;0;0;0;0;0;0;0;0;0;0;-0;-0;0;0;0;
8.97902;0;0;-10.6958;0;0;0;0.0163686;0.00246858;0.0641153;0.00274649;0.00458576;-0.000877739;0;0;0;0;0;0;-0.0163686;-0.00246858;-0.0641153;-0.0348013;0.408564;-0.00684591;
8.98006;0;0;-10.6958;0;0;0;0;0;0;0;0;0;0;0;0;0;0;0;0;-0;-0;0;0;0;
8.98103;0;0;-10.6958;0;0;0;3.81013;-0.251919;14.847;0.0580235;0.755098;-0.00410187;0;0;0;0;0;0;-3.81013;0.251919;-14.847;-7.56336;94.9148;3.55347;
8.98201;0;0;-10.6958;0;0;0;2.85078;-0.467776;11.2114;0.681447;-0.565879;-0.207133;0;0;0;0;0;0;-2.85078;0.467776;-11.2114;-6.37674;72.8115;4.66964;
8.98304;0;0;-10.6958;0;0;0;0.972945;-0.164516;3.81736;0.16819;-0.288528;-0.055302;0;0;0;0;0;0;-0.972945;0.164516;-3.81736;-2.10791;24.8872;1.60981;
8.98401;0;0;-10.6958;0;0;0;5.95088;-0.4391;23.2194;-0.0607704;0.722106;0.0138869;0;0;0;0;0;0;-5.95088;0.4391;-23.2194;-11.6815;148.898;5.82497;
8.98505;0;0;-10.6958;0;0;0;0;0;0;0;0;0;0;0;0;0;0;0;0;-0;-0;0;0;0;
8.98602;0;0;-10.6958;0;0;0;4.39228;8.42786;68.4606;-1.2511;-0.140997;-0.168988;0;0;0;0;0;0;-4.39228;-8.42786;-68.4606;-32.396;442.603;-52.1416;
8.98705;0;0;-10.6958;0;0;0;1.93142;-4.55151;15.162;0.640797;0.333675;0.0758672;0;0;0;0;0;0;-1.93142;4.55151;-15.162;-8.73559;97.5627;30.3429;
8.98802;0;0;-10.6958;0;0;0;3.23854;-0.760325;12.8043;-0.38929;-0.140122;0.0872489;0;0;0;0;0;0;-3.23854;0.760325;-12.8043;-6.13783;82.652;6.46324;
8.98906;0;0;-10.6958;0;0;0;3.25807;2.5749;14.7429;-0.45753;0.437526;0.0240888;0;0;0;0;0;0;-3.25807;-2.5749;-14.7429;-6.71221;94.6145;-15.0408;
8.99003;0;0;-10.6958;0;0;0;-9.73224;-4.00886;16.6127;0.615703;-1.06814;0.114662;0;0;0;0;0;0;9.73224;4.00886;-16.6127;-9.38702;109.518;20.9172;
8.991;0;0;-10.6958;0;0;0;0;0;0;0;0;0;0;0;0;0;0;0;0;-0;-0;0;0;0;
8.99203;0;0;-10.6958;0;0;0;0;0;0;0;0;0;0;0;0;0;0;0;0;-0;-0;0;0;0;
8.993;0;0;-10.6958;0;0;0;0;0;0;0;0;0;0;0;0;0;0;0;0;-0;-0;0;0;0;
8.99403;0;0;-10.6958;0;0;0;2.61054;-13.2529;36.7222;1.51877;0.852521;0.230888;0;0;0;0;0;0;-2.61054;13.2529;-36.7222;-21.3475;236.458;86.8234;
8.995;0;0;-10.6958;0;0;0;5.32557;2.37192;41.2865;-0.600248;0.0239598;-0.0438301;0;0;0;0;0;0;-5.32557;-2.37192;-41.2865;-19.9628;266.543;-12.6181;
8.99604;0;0;-10.6958;0;0;0;1.79651;-3.15107;11.9036;0.484396;-0.653239;-0.210153;0;0;0;0;0;0;-1.79651;3.15107;-11.9036;-6.79725;77.4828;21.5009;
8.997;0;0;-10.6958;0;0;0;-0.88944;-1.72552;18.3111;-0.463024;-0.230738;0.189585;0;0;0;0;0;0;0.88944;1.72552;-18.3111;-8.93519;118.782;10.5254;
8.99803;0;0;-10.6958;0;0;0;-0.805801;6.28841;25.3945;-0.190631;-0.506047;-0.254527;0;0;0;0;0;0;0.805801;-6.28841;-25.3945;-11.9735;164.875;-40.8339;
8.999;0;0;-10.6958;0;0;0;0;0;0;0;0;0;0;0;0;0;0;0;0;-0;-0;0;0;0;
9.00003;0;0;-10.6958;0;0;0;0.272944;-0.973007;2.84021;0.0862524;0.217936;0.0663725;0;0;0;0;0;0;-0.272944;0.973007;-2.84021;-1.61466;18.1292;6.36594;
9.00101;0;0;-10.6958;0;0;0;0;0;0;0;0;0;0;0;0;0;0;0;0;-0;-0;0;0;0;
9.00204;0;0;-10.6958;0;0;0;0;0;0;0;0;0;0;0;0;0;0;0;0;-0;-0;0;0;0;
9.00301;0;0;-10.6958;0;0;0;0;0;0;0;0;0;0;0;0;0;0;0;0;-0;-0;0;0;0;
9.00404;0;0;-10.6958;0;0;0;0;0;0;0;0;0;0;0;0;0;0;0;0;-0;-0;0;0;0;
9.00501;0;0;-10.6958;0;0;0;-2.88108;-0.434888;14.3027;0.145566;-0.302607;-0.0231995;0;0;0;0;0;0;2.88108;0.434888;-14.3027;-7.39501;93.1213;1.38515;
9.00605;0;0;-10.6958;0;0;0;0;0;0;0;0;0;0;0;0;0;0;0;0;-0;-0;0;0;0;
9.00702;0;0;-10.6958;0;0;0;0;0;0;0;0;0;0;0;0;0;0;0;0;-0;-0;0;0;0;
9.00805;0;0;-10.6958;0;0;0;-0.247556;-10.4991;32.4227;1.6177;-0.473886;-0.00620992;0;0;0;0;0;0;0.247556;10.4991;-32.4227;-19.0045;210.255;67.8049;
9.00903;0;0;-10.6958;0;0;0;0;0;0;0;0;0;0;0;0;0;0;0;0;-0;-0;0;0;0;
9.01001;0;0;-10.6958;0;0;0;1.22977;7.56139;20.4477;-1.04371;0.407739;-0.0880077;0;0;0;0;0;0;-1.22977;-7.56139;-20.4477;-8.50063;131.754;-48.2103;
9.01104;0;0;-10.6958;0;0;0;-2.44621;-1.08651;4.24323;0.180528;-0.295634;0.0283751;0;0;0;0;0;0;2.44621;1.08651;-4.24323;-2.42717;27.992;5.76826;
9.01202;0;0;-10.6958;0;0;0;0;0;0;0;0;0;0;0;0;0;0;0;0;-0;-0;0;0;0;
9.01305;0;0;-10.6958;0;0;0;0;0;0;0;0;0;0;0;0;0;0;0;0;-0;-0;0;0;0;
9.01403;0;0;-10.6958;0;0;0;0.0503928;0.000515021;0.196104;0.00870393;-0.0148252;-0.00219771;0;0;0;0;0;0;-0.0503928;-0.000515021;-0.196104;-0.107453;1.27846;0.0242544;
9.015;0;0;-10.6958;0;0;0;2.43402;6.07873;19.2953;-1.00915;0.355524;0.0152959;0;0;0;0;0;0;-2.43402;-6.07873;-19.2953;-8.10315;124.23;-38.1149;
9.01604;0;0;-10.6958;0;0;0;0;0;0;0;0;0;0;0;0;0;0;0;0;-0;-0;0;0;0;
9.01701;0;0;-10.6958;0;0;0;0;0;0;0;0;0;0;0;0;0;0;0;0;-0;-0;0;0;0;
9.01805;0;0;-10.6958;0;0;0;0;0;0;0;0;0;0;0;0;0;0;0;0;-0;-0;0;0;0;
9.01902;0;0;-10.6958;0;0;0;0.592216;1.85563;5.56203;-0.288521;0.104992;-0.00430781;0;0;0;0;0;0;-0.592216;-1.85563;-5.56203;-2.32782;35.8188;-11.7022;
9.02005;0;0;-10.6958;0;0;0;0;0;0;0;0;0;0;0;0;0;0;0;0;-0;-0;0;0;0;
9.02102;0;0;-10.6958;0;0;0;5.8847;-3.84344;25.5199;0.9353;1.84591;0.0623302;0;0;0;0;0;0;-5.8847;3.84344;-25.5199;-14.1776;162.664;27.7673;
9.02206;0;0;-10.6958;0;0;0;0.0795975;-0.00718572;0.310477;0.0137234;-0.0234703;-0.00406149;0;0;0;0;0;0;-0.0795975;0.00718572;-0.310477;-0.170866;2.0241;0.0906513;
9.02303;0;0;-10.6958;0;0;0;0;0;0;0;0;0;0;0;0;0;0;0;0;-0;-0;0;0;0;
9.024;0;0;-10.6958;0;0;0;-1.45566;1.47425;12.2137;-0.0755249;-0.278825;-0.0704981;0;0;0;0;0;0;1.45566;-1.47425;-12.2137;-5.93022;79.4401;-10.2004;
9.02503;0;0;-10.6958;0;0;0;0;0;0;0;0;0;0;0;0;0;0;0;0;-0;-0;0;0;0;
9.02601;0;0;-10.6958;0;0;0;0;0;0;0;0;0;0;0;0;0;0;0;0;-0;-0;0;0;0;
9.02705;0;0;-10.6958;0;0;0;1.32085;-0.649151;5.48381;0.206764;0.394817;-0.0030649;0;0;0;0;0;0;-1.32085;0.649151;-5.48381;-3.03462;34.95;4.86816;
9.02802;0;0;-10.6958;0;0;0;0;0;0;0;0;0;0;0;0;0;0;0;0;-0;-0;0;0;0;
9.02905;0;0;-10.6958;0;0;0;0;0;0;0;0;0;0;0;0;0;0;0;0;-0;-0;0;0;0;
9.03003;0;0;-10.6958;0;0;0;2.76857;0.823854;11.0456;-0.638662;0.171943;0.147255;0;0;0;0;0;0;-2.76857;-0.823854;-11.0456;-4.84376;71.0096;-4.08227;
9.031;0;0;-10.6958;0;0;0;1.47101;-0.870485;6.28461;0.243078;0.393287;0.00249584;0;0;0;0;0;0;-1.47101;0.870485;-6.28461;-3.49656;40.1172;6.37015;
9.03204;0;0;-10.6958;0;0;0;-0.587546;-0.545746;3.2926;0.142197;-0.238726;-0.0141944;0;0;0;0;0;0;0.587546;0.545746;-3.2926;-1.85573;21.5988;3.24884;
9.03301;0;0;-10.6958;0;0;0;-0.276531;6.92221;29.3492;-0.706863;-0.16695;-0.214395;0;0;0;0;0;0;0.276531;-6.92221;-29.3492;-13.3863;190.067;-44.7076;
9.03404;0;0;-10.6958;0;0;0;1.25028;-0.739757;5.32812;0.197328;0.38468;0.00710472;0;0;0;0;0;0;-1.25028;0.739757;-5.32812;-2.95582;33.9599;5.4086;
9.03502;0;0;-10.6958;0;0;0;0;0;0;0;0;0;0;0;0;0;0;0;0;-0;-0;0;0;0;
9.03605;0;0;-10.6958;0;0;0;8.33174;14.0861;51.366;-2.73455;0.903952;0.195664;0;0;0;0;0;0;-8.33174;-14.0861;-51.366;-21.7334;330.57;-87.1268;
9.03703;0;0;-10.6958;0;0;0;-2.38443;0.900625;21.1866;-0.15923;-0.505823;-0.0132134;0;0;0;0;0;0;2.38443;-0.900625;-21.1866;-10.4247;137.81;-7.01462;
9.038;0;0;-10.6958;0;0;0;0;0;0;0;0;0;0;0;0;0;0;0;0;-0;-0;0;0;0;
9.03903;0;0;-10.6958;0;0;0;0;0;0;0;0;0;0;0;0;0;0;0;0;-0;-0;0;0;0;
9.04;0;0;-10.6958;0;0;0;0.69897;-0.127149;2.74592;0.110011;0.196465;-0.0189059;0;0;0;0;0;0;-0.69897;0.127149;-2.74592;-1.50619;17.498;1.19364;
9.04104;0;0;-10.6958;0;0;0;3.39176;-3.21271;17.9428;0.952507;-0.429599;-0.143625;0;0;0;0;0;0;-3.39176;3.21271;-17.9428;-10.3142;116.169;22.6368;
9.04201;0;0;-10.6958;0;0;0;0;0;0;0;0;0;0;0;0;0;0;0;0;-0;-0;0;0;0;
9.04304;0;0;-10.6958;0;0;0;0;0;0;0;0;0;0;0;0;0;0;0;0;-0;-0;0;0;0;
9.04401;0;0;-10.6958;0;0;0;-6.43094;-4.21469;12.6584;0.754456;-0.680943;0.156568;0;0;0;0;0;0;6.43094;4.21469;-12.6584;-7.55417;83.2176;23.87;
9.04505;0;0;-10.6958;0;0;0;-6.35453;-13.5041;56.1245;1.78154;-0.143465;0.239156;0;0;0;0;0;0;6.35453;13.5041;-56.1245;-31.4107;363.873;83.9232;
9.04602;0;0;-10.6958;0;0;0;0;0;0;0;0;0;0;0;0;0;0;0;0;-0;-0;0;0;0;
9.04706;0;0;-10.6958;0;0;0;3.59836;-7.4116;33.4594;0.823885;0.556768;0.134692;0;0;0;0;0;0;-3.59836;7.4116;-33.4594;-18.4237;215.545;49.6269;
9.04803;0;0;-10.6958;0;0;0;0;0;0;0;0;0;0;0;0;0;0;0;0;-0;-0;0;0;0;
9.04901;0;0;-10.6958;0;0;0;4.71522;-4.2467;23.4763;0.909802;0.0272135;-0.0229638;0;0;0;0;0;0;-4.71522;4.2467;-23.4763;-13.163;151.378;29.8722;
9.05004;0;0;-10.6958;0;0;0;-2.4288;1.37774;39.7261;-0.316461;-0.430541;-0.042416;0;0;0;0;0;0;2.4288;-1.37774;-39.7261;-19.5602;257.678;-10.0944;
9.05102;0;0;-10.6958;0;0;0;0.860904;10.2691;26.5182;-1.34292;0.545663;-0.16771;0;0;0;0;0;0;-0.860904;-10.2691;-26.5182;-10.9887;170.925;-65.8339;
9.05205;0;0;-10.6958;0;0;0;0;0;0;0;0;0;0;0;0;0;0;0;0;-0;-0;0;0;0;
9.05303;0;0;-10.6958;0;0;0;3.6357;4.42999;19.0345;-0.73122;0.487007;0.0261786;0;0;0;0;0;0;-3.6357;-4.42999;-19.0345;-8.4149;122.291;-26.8539;
9.05406;0;0;-10.6958;0;0;0;0;0;0;0;0;0;0;0;0;0;0;0;0;-0;-0;0;0;0;
9.05503;0;0;-10.6958;0;0;0;0.708075;6.39649;16.7707;-0.851543;0.341326;-0.0942319;0;0;0;0;0;0;-0.708075;-6.39649;-16.7707;-6.95705;108.084;-40.9306;
9.05601;0;0;-10.6958;0;0;0;0;0;0;0;0;0;0;0;0;0;0;0;0;-0;-0;0;0;0;
9.05704;0;0;-10.6958;0;0;0;0.450824;-1.4503;4.34084;0.160113;0.200806;0.0552222;0;0;0;0;0;0;-0.450824;1.4503;-4.34084;-2.49239;27.8367;9.55452;
9.05802;0;0;-10.6958;0;0;0;0;0;0;0;0;0;0;0;0;0;0;0;0;-0;-0;0;0;0;
9.05905;0;0;-10.6958;0;0;0;0;0;0;0;0;0;0;0;0;0;0;0;0;-0;-0;0;0;0;
9.06002;0;0;-10.6958;0;0;0;0;0;0;0;0;0;0;0;0;0;0;0;0;-0;-0;0;0;0;
9.06106;0;0;-10.6958;0;0;0;0;0;0;0;0;0;0;0;0;0;0;0;0;-0;-0;0;0;0;
9.06204;0;0;-10.6958;0;0;0;1.28825;2.21023;8.00927;-0.426066;0.141197;0.0295661;0;0;0;0;0;0;-1.28825;-2.21023;-8.00927;-3.38773;51.545;-13.6794;
9.06301;0;0;-10.6958;0;0;0;1.36616;6.16627;18.2792;-0.780123;0.212973;-0.0959634;0;0;0;0;0;0;-1.36616;-6.16627;-18.2792;-7.81156;117.906;-39.1079;
9.06404;0;0;-10.6958;0;0;0;4.23703;4.87682;21.6626;-0.709146;0.62151;-0.001297;0;0;0;0;0;0;-4.23703;-4.87682;-21.6626;-9.71632;139.098;-29.4141;
9.06501;0;0;-10.6958;0;0;0;-9.28218;-4.29248;68.1433;0.642617;-0.553251;-0.0337724;0;0;0;0;0;0;9.28218;4.29248;-68.1433;-35.4044;442.33;23.127;
9.06603;0;0;-10.6958;0;0;0;0;0;0;0;0;0;0;0;0;0;0;0;0;-0;-0;0;0;0;
9.06701;0;0;-10.6958;0;0;0;0.0696429;-0.162625;0.526631;0.0165763;0.0397864;0.0100941;0;0;0;0;0;0;-0.0696429;0.162625;-0.526631;-0.298193;3.36023;1.07708;
9.06804;0;0;-10.6958;0;0;0;1.91613;-5.85812;18.7018;0.812137;0.051596;0.0234575;0;0;0;0;0;0;-1.91613;5.85812;-18.7018;-10.8213;120.746;38.8405;
9.06901;0;0;-10.6958;0;0;0;7.32558;-4.50919;32.0691;0.485493;0.433428;0.087783;0;0;0;0;0;0;-7.32558;4.50919;-32.0691;-17.0941;206.301;32.7748;
9.07003;0;0;-10.6958;0;0;0;3.05757;-0.439552;11.9696;0.0819151;0.632782;0.00318115;0;0;0;0;0;0;-3.05757;0.439552;-11.9696;-6.15644;76.4971;4.38091;
9.07105;0;0;-10.6958;0;0;0;0;0;0;0;0;0;0;0;0;0;0;0;0;-0;-0;0;0;0;
9.07202;0;0;-10.6958;0;0;0;4.20037;2.65913;52.2373;-0.347235;0.481037;-0.0441449;0;0;0;0;0;0;-4.20037;-2.65913;-52.2373;-25.7044;337.042;-15.0426;
9.07305;0;0;-10.6958;0;0;0;-0.902135;14.6645;69.7845;-1.85325;0.500453;-0.218476;0;0;0;0;0;0;0.902135;-14.6645;-69.7845;-31.8364;451.054;-95.1069;
9.07403;0;0;-10.6958;0;0;0;-2.37205;5.60295;38.0336;-0.435601;-0.519704;-0.223998;0;0;0;0;0;0;2.37205;-5.60295;-38.0336;-18.1651;246.812;-37.2188;
9.075;0;0;-10.6958;0;0;0;0;0;0;0;0;0;0;0;0;0;0;0;0;-0;-0;0;0;0;
9.07604;0;0;-10.6958;0;0;0;0;0;0;0;0;0;0;0;0;0;0;0;0;-0;-0;0;0;0;
9.07701;0;0;-10.6958;0;0;0;0;0;0;0;0;0;0;0;0;0;0;0;0;-0;-0;0;0;0;
9.07804;0;0;-10.6958;0;0;0;0;0;0;0;0;0;0;0;0;0;0;0;0;-0;-0;0;0;0;
9.07901;0;0;-10.6958;0;0;0;1.21953;2.43924;8.33049;-0.343035;0.202784;-0.0100846;0;0;0;0;0;0;-1.21953;-2.43924;-8.33049;-3.60967;53.5684;-15.1559;
9.08004;0;0;-10.6958;0;0;0;1.66412;-1.64703;8.04413;0.280583;0.588084;0.062365;0;0;0;0;0;0;-1.66412;1.64703;-8.04413;-4.49835;51.2859;11.4314;
9.08101;0;0;-10.6958;0;0;0;0;0;0;0;0;0;0;0;0;0;0;0;0;-0;-0;0;0;0;
9.08203;0;0;-10.6958;0;0;0;-2.50914;-1.54808;7.64202;0.328022;-0.545931;-0.002891;0;0;0;0;0;0;2.50914;1.54808;-7.64202;-4.33329;50.2366;8.75391;
9.08306;0;0;-10.6958;0;0;0;1.34625;-0.406546;5.37495;0.210187;0.385283;-0.0235033;0;0;0;0;0;0;-1.34625;0.406546;-5.37495;-2.95891;34.2526;3.33188;
9.08403;0;0;-10.6958;0;0;0;0.788959;2.21378;6.81061;-0.354625;0.127112;-0.00023687;0;0;0;0;0;0;-0.788959;-2.21378;-6.81061;-2.85492;43.8544;-13.9241;
9.085;0;0;-10.6958;0;0;0;0;0;0;0;0;0;0;0;0;0;0;0;0;-0;-0;0;0;0;
9.08603;0;0;-10.6958;0;0;0;1.6095;-2.36251;9.42077;0.393753;0.274196;0.0369604;0;0;0;0;0;0;-1.6095;2.36251;-9.42077;-5.37677;60.5113;16.058;
9.08706;0;0;-10.6958;0;0;0;8.03073;-2.16324;31.9293;0.829436;0.314625;-0.156196;0;0;0;0;0;0;-8.03073;2.16324;-31.9293;-17.1327;205.445;18.1971;
9.08802;0;0;-10.6958;0;0;0;0;0;0;0;0;0;0;0;0;0;0;0;0;-0;-0;0;0;0;
9.08905;0;0;-10.6958;0;0;0;-6.52483;-11.0852;30.5371;1.62347;-0.880836;0.105879;0;0;0;0;0;0;6.52483;11.0852;-30.5371;-18.1191;199.091;68.3212;
9.09002;0;0;-10.6958;0;0;0;1.06148;-0.348024;4.25678;0.165606;0.305288;-0.0163363;0;0;0;0;0;0;-1.06148;0.348024;-4.25678;-2.34511;27.1272;2.80264;
9.09105;0;0;-10.6958;0;0;0;0;0;0;0;0;0;0;0;0;0;0;0;0;-0;-0;0;0;0;
9.09203;0;0;-10.6958;0;0;0;0;0;0;0;0;0;0;0;0;0;0;0;0;-0;-0;0;0;0;
9.093;0;0;-10.6958;0;0;0;2.5882;0.690398;10.3011;-0.325158;0.309931;0.0570556;0;0;0;0;0;0;-2.5882;-0.690398;-10.3011;-4.79556;66.0727;-3.21953;
9.09403;0;0;-10.6958;0;0;0;1.2063;-0.471988;4.89655;0.188154;0.351644;-0.0124576;0;0;0;0;0;0;-1.2063;0.471988;-4.89655;-2.70241;31.2053;3.67369;
9.095;0;0;-10.6958;0;0;0;0.733282;0.010294;2.85366;-0.169648;0.0440129;0.0434343;0;0;0;0;0;0;-0.733282;-0.010294;-2.85366;-1.26705;18.344;0.259411;
9.09603;0;0;-10.6958;0;0;0;0;0;0;0;0;0;0;0;0;0;0;0;0;-0;-0;0;0;0;
9.097;0;0;-10.6958;0;0;0;0;0;0;0;0;0;0;0;0;0;0;0;0;-0;-0;0;0;0;
9.09803;0;0;-10.6958;0;0;0;0;0;0;0;0;0;0;0;0;0;0;0;0;-0;-0;0;0;0;
9.09901;0;0;-10.6958;0;0;0;1.6179;9.34949;25.446;-1.30021;0.505418;-0.103034;0;0;0;0;0;0;-1.6179;-9.34949;-25.446;-10.5834;163.953;-59.5674;
9.10004;0;0;-10.6958;0;0;0;0;0;0;0;0;0;0;0;0;0;0;0;0;-0;-0;0;0;0;
9.10102;0;0;-10.6958;0;0;0;0.914505;-0.361826;3.71546;0.142649;0.266852;-0.00912385;0;0;0;0;0;0;-0.914505;0.361826;-3.71546;-2.05081;23.6783;2.81067;
9.10205;0;0;-10.6958;0;0;0;0.124704;-0.0222274;0.489719;0.0215677;-0.0370149;-0.00717211;0;0;0;0;0;0;-0.124704;0.0222274;-0.489719;-0.270524;3.19271;0.213798;
9.10302;0;0;-10.6958;0;0;0;0.683245;-0.789637;3.49893;0.0691074;0.228149;0.0377232;0;0;0;0;0;0;-0.683245;0.789637;-3.49893;-1.91103;22.3394;5.41499;
9.10406;0;0;-10.6958;0;0;0;0;0;0;0;0;0;0;0;0;0;0;0;0;-0;-0;0;0;0;
9.10503;0;0;-10.6958;0;0;0;-8.44997;11.1585;62.0899;-1.22452;0.0121049;-0.219962;0;0;0;0;0;0;8.44997;-11.1585;-62.0899;-28.9398;402.519;-76.2264;
9.10606;0;0;-10.6958;0;0;0;0;0;0;0;0;0;0;0;0;0;0;0;0;-0;-0;0;0;0;
9.10703;0;0;-10.6958;0;0;0;0;0;0;0;0;0;0;0;0;0;0;0;0;-0;-0;0;0;0;
9.10801;0;0;-10.6958;0;0;0;0.126575;0.135348;0.628911;0.030578;0.0460933;-0.0160739;0;0;0;0;0;0;-0.126575;-0.135348;-0.628911;-0.333877;4.0099;-0.795777;
9.10904;0;0;-10.6958;0;0;0;0;0;0;0;0;0;0;0;0;0;0;0;0;-0;-0;0;0;0;
9.11002;0;0;-10.6958;0;0;0;0;0;0;0;0;0;0;0;0;0;0;0;0;-0;-0;0;0;0;
9.11105;0;0;-10.6958;0;0;0;0;0;0;0;0;0;0;0;0;0;0;0;0;-0;-0;0;0;0;
9.11202;0;0;-10.6958;0;0;0;0;0;0;0;0;0;0;0;0;0;0;0;0;-0;-0;0;0;0;
9.11305;0;0;-10.6958;0;0;0;0;0;0;0;0;0;0;0;0;0;0;0;0;-0;-0;0;0;0;
9.11402;0;0;-10.6958;0;0;0;0;0;0;0;0;0;0;0;0;0;0;0;0;-0;-0;0;0;0;
9.11506;0;0;-10.6958;0;0;0;0.44959;0.0262813;1.75127;0.0778797;-0.132393;-0.0180066;0;0;0;0;0;0;-0.44959;-0.0262813;-1.75127;-0.957569;11.417;0.0744946;
9.11603;0;0;-10.6958;0;0;0;0;0;0;0;0;0;0;0;0;0;0;0;0;-0;-0;0;0;0;
9.11706;0;0;-10.6958;0;0;0;0;0;0;0;0;0;0;0;0;0;0;0;0;-0;-0;0;0;0;
9.11803;0;0;-10.6958;0;0;0;1.36283;-1.38099;6.86396;0.297848;0.175893;0.009127;0;0;0;0;0;0;-1.36283;1.38099;-6.86396;-3.89438;44.0933;9.61168;
9.11906;0;0;-10.6958;0;0;0;4.2223;-1.27856;16.8687;0.203499;0.954855;0.0272662;0;0;0;0;0;0;-4.2223;1.27856;-16.8687;-8.83036;107.753;10.3715;
9.12003;0;0;-10.6958;0;0;0;0;0;0;0;0;0;0;0;0;0;0;0;0;-0;-0;0;0;0;
9.121;0;0;-10.6958;0;0;0;-4.42063;-3.39169;9.3673;0.555673;-0.507167;0.0785999;0;0;0;0;0;0;4.42063;3.39169;-9.3673;-5.61485;61.5508;19.6364;
9.12203;0;0;-10.6958;0;0;0;-4.05548;-3.62706;9.36377;0.553189;-0.510489;0.0418496;0;0;0;0;0;0;4.05548;3.62706;-9.36377;-5.63417;61.4947;21.3798;
9.123;0;0;-10.6958;0;0;0;-3.24538;-2.42445;6.86119;0.355287;-0.337811;0.0670041;0;0;0;0;0;0;3.24538;2.42445;-6.86119;-4.05495;45.0506;13.9826;
9.12404;0;0;-10.6958;0;0;0;0.82455;2.78298;8.21126;-0.424941;0.156157;-0.0102537;0;0;0;0;0;0;-0.82455;-2.78298;-8.21126;-3.43328;52.8831;-17.5785;
9.12501;0;0;-10.6958;0;0;0;1.0745;8.52945;22.5628;-1.14739;0.456437;-0.117906;0;0;0;0;0;0;-1.0745;-8.52945;-22.5628;-9.36578;145.403;-54.5211;
9.12604;0;0;-10.6958;0;0;0;0;0;0;0;0;0;0;0;0;0;0;0;0;-0;-0;0;0;0;
9.12701;0;0;-10.6958;0;0;0;0.575516;1.70388;12.8756;-0.352569;-0.0792665;-0.0183218;0;0;0;0;0;0;-0.575516;-1.70388;-12.8756;-5.96372;83.3187;-10.7148;
9.12804;0;0;-10.6958;0;0;0;0;0;0;0;0;0;0;0;0;0;0;0;0;-0;-0;0;0;0;
9.12902;0;0;-10.6958;0;0;0;2.69419;-0.50772;10.5915;0.423774;0.757845;-0.0714682;0;0;0;0;0;0;-2.69419;0.50772;-10.5915;-5.81081;67.4925;4.71349;
9.13006;0;0;-10.6958;0;0;0;-1.25899;2.38537;39.2435;-0.953312;-0.398697;0.193593;0;0;0;0;0;0;1.25899;-2.38537;-39.2435;-18.5794;254.406;-16.2598;
9.13103;0;0;-10.6958;0;0;0;1.07111;2.62505;8.37811;-0.438499;0.154059;0.00779054;0;0;0;0;0;0;-1.07111;-2.62505;-8.37811;-3.51961;53.9399;-16.4506;
9.132;0;0;-10.6958;0;0;0;0;0;0;0;0;0;0;0;0;0;0;0;0;-0;-0;0;0;0;
9.13304;0;0;-10.6958;0;0;0;1.125;-0.491895;4.61181;0.175662;0.331561;-0.00748665;0;0;0;0;0;0;-1.125;0.491895;-4.61181;-2.54846;29.3914;3.75655;
9.13402;0;0;-10.6958;0;0;0;0.609633;0.816679;3.33016;-0.179502;0.0570115;0.018879;0;0;0;0;0;0;-0.609633;-0.816679;-3.33016;-1.41649;21.426;-4.99515;
9.13505;0;0;-10.6958;0;0;0;6.3306;11.4437;40.5815;-2.15317;0.719947;0.132869;0;0;0;0;0;0;-6.3306;-11.4437;-40.5815;-17.1463;261.183;-70.977;
9.13603;0;0;-10.6958;0;0;0;0;0;0;0;0;0;0;0;0;0;0;0;0;-0;-0;0;0;0;
9.137;0;0;-10.6958;0;0;0;0;0;0;0;0;0;0;0;0;0;0;0;0;-0;-0;0;0;0;
9.13804;0;0;-10.6958;0;0;0;0.073743;-18.0761;54.1391;2.34122;-0.221765;0.243522;0;0;0;0;0;0;-0.073743;18.0761;-54.1391;-31.4283;350.461;116.735;
9.13901;0;0;-10.6958;0;0;0;1.07417;-4.92014;15.1941;0.661705;0.152367;0.0691045;0;0;0;0;0;0;-1.07417;4.92014;-15.1941;-8.80965;98.0366;32.3024;
9.14005;0;0;-10.6958;0;0;0;4.14848;11.6923;35.9365;-1.83975;0.688125;-0.0121155;0;0;0;0;0;0;-4.14848;-11.6923;-35.9365;-15.0945;231.383;-73.5397;
9.14102;0;0;-10.6958;0;0;0;1.09193;-2.18561;44.3391;0.402779;0.244936;-0.0270084;0;0;0;0;0;0;-1.09193;2.18561;-44.3391;-22.9607;286.493;14.7167;
9.14205;0;0;-10.6958;0;0;0;1.66145;-8.03891;28.8433;0.667995;-0.122943;0.109159;0;0;0;0;0;0;-1.66145;8.03891;-28.8433;-16.0051;186.555;52.7347;
9.14302;0;0;-10.6958;0;0;0;0;0;0;0;0;0;0;0;0;0;0;0;0;-0;-0;0;0;0;
9.14406;0;0;-10.6958;0;0;0;0;0;0;0;0;0;0;0;0;0;0;0;0;-0;-0;0;0;0;
9.14503;0;0;-10.6958;0;0;0;0.37439;-0.237035;1.61422;0.099099;-0.0983341;-0.0374238;0;0;0;0;0;0;-0.37439;0.237035;-1.61422;-0.936121;10.5038;1.75952;
9.146;0;0;-10.6958;0;0;0;0;0;0;0;0;0;0;0;0;0;0;0;0;-0;-0;0;0;0;
9.14704;0;0;-10.6958;0;0;0;-5.78835;14.3821;58.7777;-1.50502;0.0513524;-0.323067;0;0;0;0;0;0;5.78835;-14.3821;-58.7777;-26.6678;380.784;-95.6364;
9.14802;0;0;-10.6958;0;0;0;2.94233;-1.90873;12.7435;0.467425;0.921614;0.0301172;0;0;0;0;0;0;-2.94233;1.90873;-12.7435;-7.07905;81.226;13.8006;
9.14905;0;0;-10.6958;0;0;0;0.193057;-0.154984;0.876745;-0.0557524;0.0142634;0.0147979;0;0;0;0;0;0;-0.193057;0.154984;-0.876745;-0.401495;5.6384;1.08512;
9.15003;0;0;-10.6958;0;0;0;0;0;0;0;0;0;0;0;0;0;0;0;0;-0;-0;0;0;0;
9.15106;0;0;-10.6958;0;0;0;2.07417;5.28354;18.8952;-0.622412;0.0238407;-0.103416;0;0;0;0;0;0;-2.07417;-5.28354;-18.8952;-8.36811;122.008;-33.0328;
9.15202;0;0;-10.6958;0;0;0;0;0;0;0;0;0;0;0;0;0;0;0;0;-0;-0;0;0;0;
9.15305;0;0;-10.6958;0;0;0;0.956709;0.77281;4.65756;-0.133534;-0.0324147;0.00400772;0;0;0;0;0;0;-0.956709;-0.77281;-4.65756;-2.13563;30.0681;-4.5216;
9.15401;0;0;-10.6958;0;0;0;0.577407;-0.143345;2.28662;0.142231;-0.139747;-0.044676;0;0;0;0;0;0;-0.577407;0.143345;-2.28662;-1.30864;14.8749;1.26294;
9.15503;0;0;-10.6958;0;0;0;0;0;0;0;0;0;0;0;0;0;0;0;0;-0;-0;0;0;0;
9.156;0;0;-10.6958;0;0;0;-3.20685;0.294548;23.25;-0.119897;-0.223906;0.0161835;0;0;0;0;0;0;3.20685;-0.294548;-23.25;-11.5645;150.959;-3.53741;
9.15704;0;0;-10.6958;0;0;0;2.4923;-3.52712;14.8905;0.311763;0.182964;0.101347;0;0;0;0;0;0;-2.4923;3.52712;-14.8905;-8.1672;95.8994;23.9726;
9.15801;0;0;-10.6958;0;0;0;-0.637638;-1.46043;8.27538;0.280695;-0.442134;0.0147294;0;0;0;0;0;0;0.637638;1.46043;-8.27538;-4.5963;54.0426;9.11209;
9.15905;0;0;-10.6958;0;0;0;0;0;0;0;0;0;0;0;0;0;0;0;0;-0;-0;0;0;0;
9.16002;0;0;-10.6958;0;0;0;0;0;0;0;0;0;0;0;0;0;0;0;0;-0;-0;0;0;0;
9.16106;0;0;-10.6958;0;0;0;0.636289;-0.356669;2.68877;0.165435;-0.163915;-0.0608931;0;0;0;0;0;0;-0.636289;0.356669;-2.68877;-1.55582;17.4949;2.6889;
9.16203;0;0;-10.6958;0;0;0;0;0;0;0;0;0;0;0;0;0;0;0;0;-0;-0;0;0;0;
9.16301;0;0;-10.6958;0;0;0;0;0;0;0;0;0;0;0;0;0;0;0;0;-0;-0;0;0;0;
9.16404;0;0;-10.6958;0;0;0;0;0;0;0;0;0;0;0;0;0;0;0;0;-0;-0;0;0;0;
9.16501;0;0;-10.6958;0;0;0;1.69486;8.9812;25.9687;-1.1794;0.376236;-0.144285;0;0;0;0;0;0;-1.69486;-8.9812;-25.9687;-11.0045;167.455;-57.1046;
9.16605;0;0;-10.6958;0;0;0;1.20916;-0.480098;4.91401;0.188618;0.352947;-0.0119291;0;0;0;0;0;0;-1.20916;0.480098;-4.91401;-2.7125;31.3165;3.72706;
9.16702;0;0;-10.6958;0;0;0;0;0;0;0;0;0;0;0;0;0;0;0;0;-0;-0;0;0;0;
9.16805;0;0;-10.6958;0;0;0;2.24669;4.65843;15.6876;-0.826961;0.282927;0.0344177;0;0;0;0;0;0;-2.24669;-4.65843;-15.6876;-6.61017;100.981;-29.0396;
9.16902;0;0;-10.6958;0;0;0;0;0;0;0;0;0;0;0;0;0;0;0;0;-0;-0;0;0;0;
9.17006;0;0;-10.6958;0;0;0;0;0;0;0;0;0;0;0;0;0;0;0;0;-0;-0;0;0;0;
9.17103;0;0;-10.6958;0;0;0;0;0;0;0;0;0;0;0;0;0;0;0;0;-0;-0;0;0;0;
9.17201;0;0;-10.6958;0;0;0;0.995837;-1.42045;13.3903;0.583934;-0.994919;-0.148969;0;0;0;0;0;0;-0.995837;1.42045;-13.3903;-7.47254;87.5219;9.84015;
9.17304;0;0;-10.6958;0;0;0;1.46751;-0.571015;5.95421;0.228895;0.427579;-0.0154097;0;0;0;0;0;0;-1.46751;0.571015;-5.95421;-3.28596;37.9454;4.44888;
9.17401;0;0;-10.6958;0;0;0;0;0;0;0;0;0;0;0;0;0;0;0;0;-0;-0;0;0;0;
9.17504;0;0;-10.6958;0;0;0;5.00321;13.4124;41.7512;-2.17759;0.775432;0.0118443;0;0;0;0;0;0;-5.00321;-13.4124;-41.7512;-17.5141;268.828;-84.261;
9.176;0;0;-10.6958;0;0;0;0.618814;0.167654;2.4586;-0.142516;0.0382183;0.0332642;0;0;0;0;0;0;-0.618814;-0.167654;-2.4586;-1.07939;15.8054;-0.806108;
9.17703;0;0;-10.6958;0;0;0;0.801133;0.636688;3.62884;-0.201414;0.0589852;0.0341168;0;0;0;0;0;0;-0.801133;-0.636688;-3.62884;-1.5631;23.3371;-3.74946;
9.178;0;0;-10.6958;0;0;0;1.66228;-6.38106;41.8833;0.58936;0.0607578;0.12597;0;0;0;0;0;0;-1.66228;6.38106;-41.8833;-22.3303;270.732;41.993;
9.17904;0;0;-10.6958;0;0;0;5.39306;3.85536;55.7862;-1.37093;-0.210911;0.153647;0;0;0;0;0;0;-5.39306;-3.85536;-55.7862;-26.3492;360.572;-22.3783;
9.18001;0;0;-10.6958;0;0;0;0.06192;-0.0033033;0.241154;0.00991909;0.0172364;-0.00231077;0;0;0;0;0;0;-0.06192;0.0033033;-0.241154;-0.131749;1.53668;0.0548777;
9.18105;0;0;-10.6958;0;0;0;-4.16885;-5.73997;14.6509;0.787665;-0.472452;0.0692989;0;0;0;0;0;0;4.16885;5.73997;-14.6509;-8.74407;95.672;34.9643;
9.18202;0;0;-10.6958;0;0;0;-1.17628;-7.2194;33.5656;0.745874;-0.143601;0.174531;0;0;0;0;0;0;1.17628;7.2194;-33.5656;-18.3801;217.41;45.9378;
9.18306;0;0;-10.6958;0;0;0;1.699;4.98432;15.1678;-0.788532;0.284415;-0.00513587;0;0;0;0;0;0;-1.699;-4.98432;-15.1678;-6.35405;97.6713;-31.3843;
9.18403;0;0;-10.6958;0;0;0;2.01143;7.43676;21.561;-1.11283;0.413568;-0.0388307;0;0;0;0;0;0;-2.01143;-7.43676;-21.561;-9.00515;138.871;-47.059;
9.18506;0;0;-10.6958;0;0;0;0.311106;-0.04414;1.21768;0.0491866;0.0870839;-0.00940998;0;0;0;0;0;0;-0.311106;0.04414;-1.21768;-0.667103;7.75939;0.45171;
9.18602;0;0;-10.6958;0;0;0;0;0;0;0;0;0;0;0;0;0;0;0;0;-0;-0;0;0;0;
9.18704;0;0;-10.6958;0;0;0;2.426;-1.02255;10.0032;0.327428;0.289043;-0.0236253;0;0;0;0;0;0;-2.426;1.02255;-10.0032;-5.46967;64.1821;7.86117;
9.18801;0;0;-10.6958;0;0;0;3.94085;-1.74367;16.174;0.615464;1.16296;-0.0245851;0;0;0;0;0;0;-3.94085;1.74367;-16.174;-8.93895;103.078;13.2905;
9.18904;0;0;-10.6958;0;0;0;0.76608;-1.4652;32.6033;-0.614948;-0.22441;0.19485;0;0;0;0;0;0;-0.76608;1.4652;-32.6033;-15.9581;211.071;9.67004;
9.19001;0;0;-10.6958;0;0;0;1.01802;0.942741;4.81541;-0.265027;0.0793049;0.0405029;0;0;0;0;0;0;-1.01802;-0.942741;-4.81541;-2.06665;30.9714;-5.62655;
9.19104;0;0;-10.6958;0;0;0;0.274863;0.362826;1.49117;-0.0804424;0.0254863;0.00862646;0;0;0;0;0;0;-0.274863;-0.362826;-1.49117;-0.634501;9.59393;-2.2174;
9.192;0;0;-10.6958;0;0;0;4.05272;-12.196;38.338;1.59238;0.914669;0.273724;0;0;0;0;0;0;-4.05272;12.196;-38.338;-22.1296;246.702;80.6683;
9.19302;0;0;-10.6958;0;0;0;0;0;0;0;0;0;0;0;0;0;0;0;0;-0;-0;0;0;0;
9.19405;0;0;-10.6958;0;0;0;2.73036;-4.6168;18.7205;0.803068;-0.0206363;0.00681007;0;0;0;0;0;0;-2.73036;4.6168;-18.7205;-10.6973;120.857;31.2366;
9.19502;0;0;-10.6958;0;0;0;0;0;0;0;0;0;0;0;0;0;0;0;0;-0;-0;0;0;0;
9.19605;0;0;-10.6958;0;0;0;0;0;0;0;0;0;0;0;0;0;0;0;0;-0;-0;0;0;0;
9.19701;0;0;-10.6958;0;0;0;0.143594;0.105799;0.638635;0.0300159;0.0463128;-0.0144213;0;0;0;0;0;0;-0.143594;-0.105799;-0.638635;-0.341177;4.07087;-0.597683;
9.19804;0;0;-10.6958;0;0;0;0;0;0;0;0;0;0;0;0;0;0;0;0;-0;-0;0;0;0;
9.19901;0;0;-10.6958;0;0;0;0;0;0;0;0;0;0;0;0;0;0;0;0;-0;-0;0;0;0;
9.20004;0;0;-10.6958;0;0;0;-7.97349;-4.19694;14.4875;0.612877;-1.0121;0.0441097;0;0;0;0;0;0;7.97349;4.19694;-14.4875;-8.33242;95.5359;23.0902;
9.20101;0;0;-10.6958;0;0;0;0;0;0;0;0;0;0;0;0;0;0;0;0;-0;-0;0;0;0;
9.20204;0;0;-10.6958;0;0;0;-6.38598;-2.84141;61.6526;0.383082;-0.094552;0.0298617;0;0;0;0;0;0;6.38598;2.84141;-61.6526;-31.7297;399.587;15.1349;
9.20301;0;0;-10.6958;0;0;0;0;0;0;0;0;0;0;0;0;0;0;0;0;-0;-0;0;0;0;
9.20403;0;0;-10.6958;0;0;0;1.00913;-2.19176;7.81431;0.339219;0.131227;0.0397635;0;0;0;0;0;0;-1.00913;2.19176;-7.81431;-4.49579;50.3213;14.6479;
9.20505;0;0;-10.6958;0;0;0;3.10677;-1.62574;13.3966;0.521969;0.178097;-0.0222077;0;0;0;0;0;0;-3.10677;1.62574;-13.3966;-7.43433;86.1782;12.105;
9.20602;0;0;-10.6958;0;0;0;0;0;0;0;0;0;0;0;0;0;0;0;0;-0;-0;0;0;0;
9.20705;0;0;-10.6958;0;0;0;5.31884;-5.86891;29.9059;1.13216;-0.287282;0.0354049;0;0;0;0;0;0;-5.31884;5.86891;-29.9059;-16.7873;193.227;40.6125;
9.20802;0;0;-10.6958;0;0;0;0;0;0;0;0;0;0;0;0;0;0;0;0;-0;-0;0;0;0;
9.20906;0;0;-10.6958;0;0;0;0;0;0;0;0;0;0;0;0;0;0;0;0;-0;-0;0;0;0;
9.21003;0;0;-10.6958;0;0;0;0;0;0;0;0;0;0;0;0;0;0;0;0;-0;-0;0;0;0;
9.21101;0;0;-10.6958;0;0;0;0;0;0;0;0;0;0;0;0;0;0;0;0;-0;-0;0;0;0;
9.21204;0;0;-10.6958;0;0;0;1.88438;6.0342;18.0011;-0.933103;0.340576;-0.0164871;0;0;0;0;0;0;-1.88438;-6.0342;-18.0011;-7.53184;115.926;-38.0716;
9.21301;0;0;-10.6958;0;0;0;0;0;0;0;0;0;0;0;0;0;0;0;0;-0;-0;0;0;0;
9.21404;0;0;-10.6958;0;0;0;-0.498869;0.891997;17.1332;-0.153237;-0.181172;-0.00740897;0;0;0;0;0;0;0.498869;-0.891997;-17.1332;-8.38952;111.072;-6.01458;
9.21502;0;0;-10.6958;0;0;0;0;0;0;0;0;0;0;0;0;0;0;0;0;-0;-0;0;0;0;
9.21605;0;0;-10.6958;0;0;0;1.31588;-5.16281;20.4657;1.10736;-0.637423;-0.145495;0;0;0;0;0;0;-1.31588;5.16281;-20.4657;-11.9356;132.906;34.2086;
9.21702;0;0;-10.6958;0;0;0;0;0;0;0;0;0;0;0;0;0;0;0;0;-0;-0;0;0;0;
9.21806;0;0;-10.6958;0;0;0;1.20552;-0.708767;5.13209;0.190203;0.370484;0.00648731;0;0;0;0;0;0;-1.20552;0.708767;-5.13209;-2.84687;32.7101;5.18615;
9.21903;0;0;-10.6958;0;0;0;0;0;0;0;0;0;0;0;0;0;0;0;0;-0;-0;0;0;0;
9.22006;0;0;-10.6958;0;0;0;4.1303;-1.14954;16.4889;-0.0191833;-0.0256618;0.0299392;0;0;0;0;0;0;-4.1303;1.14954;-16.4889;-8.40346;106.285;9.48778;
9.22103;0;0;-10.6958;0;0;0;-2.28348;-1.71142;4.78157;0.283837;-0.258632;0.0429793;0;0;0;0;0;0;2.28348;1.71142;-4.78157;-2.86433;31.421;9.87833;
9.222;0;0;-10.6958;0;0;0;5.80389;-8.36831;33.7497;1.37471;1.16839;0.18522;0;0;0;0;0;0;-5.80389;8.36831;-33.7497;-19.2168;216.589;56.8765;
9.22304;0;0;-10.6958;0;0;0;0.607027;0.510526;2.79121;-0.154445;0.0455808;0.0252515;0;0;0;0;0;0;-0.607027;-0.510526;-2.79121;-1.20069;17.9509;-3.02219;
9.22401;0;0;-10.6958;0;0;0;0;0;0;0;0;0;0;0;0;0;0;0;0;-0;-0;0;0;0;
9.22504;0;0;-10.6958;0;0;0;-4.83531;-2.83647;10.5434;0.453682;-0.737758;0.0102321;0;0;0;0;0;0;4.83531;2.83647;-10.5434;-6.04981;69.4311;15.9038;
9.22602;0;0;-10.6958;0;0;0;2.50248;7.52908;22.7761;-1.18305;0.428196;-0.0115634;0;0;0;0;0;0;-2.50248;-7.52908;-22.7761;-9.53793;146.668;-47.4359;
9.22705;0;0;-10.6958;0;0;0;1.01714;1.25616;5.35577;-0.289999;0.0908451;0.0337683;0;0;0;0;0;0;-1.01714;-1.25616;-5.35577;-2.28254;34.4557;-7.64787;
9.22803;0;0;-10.6958;0;0;0;-1.25962;-1.29071;21.9352;0.0165028;-0.397717;0.045742;0;0;0;0;0;0;1.25962;1.29071;-21.9352;-11.1972;142.43;7.66973;
9.229;0;0;-10.6958;0;0;0;0;0;0;0;0;0;0;0;0;0;0;0;0;-0;-0;0;0;0;
9.23004;0;0;-10.6958;0;0;0;0;0;0;0;0;0;0;0;0;0;0;0;0;-0;-0;0;0;0;
9.23101;0;0;-10.6958;0;0;0;0.431422;0.0200251;1.67988;0.0746685;-0.126995;-0.0176623;0;0;0;0;0;0;-0.431422;-0.0200251;-1.67988;-0.919028;10.9516;0.105473;
9.23205;0;0;-10.6958;0;0;0;0;0;0;0;0;0;0;0;0;0;0;0;0;-0;-0;0;0;0;
9.23302;0;0;-10.6958;0;0;0;-0.461443;-1.07995;4.10526;0.247438;-0.236473;-0.0343947;0;0;0;0;0;0;0.461443;1.07995;-4.10526;-2.42394;26.8411;6.78847;
9.23406;0;0;-10.6958;0;0;0;3.87122;-5.39086;36.3281;0.563998;0.561824;0.121923;0;0;0;0;0;0;-3.87122;5.39086;-36.3281;-19.4069;234.07;36.7039;
9.23503;0;0;-10.6958;0;0;0;2.38503;8.37804;24.5919;-1.06469;0.5832;-0.101461;0;0;0;0;0;0;-2.38503;-8.37804;-24.5919;-10.4861;158.271;-52.8974;
9.23601;0;0;-10.6958;0;0;0;0.983753;-1.05568;4.89441;0.168965;0.358756;0.0434189;0;0;0;0;0;0;-0.983753;1.05568;-4.89441;-2.74063;31.2064;7.28176;
9.23704;0;0;-10.6958;0;0;0;1.41012;1.18428;6.48203;-0.289593;0.143728;0.0366706;0;0;0;0;0;0;-1.41012;-1.18428;-6.48203;-2.85758;41.6496;-6.98776;
9.23802;0;0;-10.6958;0;0;0;-15.0433;3.60109;42.3464;-0.351662;-0.79794;-0.0782952;0;0;0;0;0;0;15.0433;-3.60109;-42.3464;-20.6228;276.259;-30.7976;
9.23905;0;0;-10.6958;0;0;0;-3.5542;-2.18149;8.4895;0.36112;-0.60102;-0.00325419;0;0;0;0;0;0;3.5542;2.18149;-8.4895;-4.85684;55.8786;12.3254;
9.24003;0;0;-10.6958;0;0;0;1.17362;-0.100448;4.57674;0.286476;-0.279879;-0.0796045;0;0;0;0;0;0;-1.17362;0.100448;-4.57674;-2.60241;29.7708;1.32074;
9.241;0;0;-10.6958;0;0;0;0;0;0;0;0;0;0;0;0;0;0;0;0;-0;-0;0;0;0;
9.24204;0;0;-10.6958;0;0;0;3.00126;-1.43246;12.4178;0.469457;0.893677;-0.0103728;0;0;0;0;0;0;-3.00126;1.43246;-12.4178;-6.86935;79.1411;10.7896;
9.24301;0;0;-10.6958;0;0;0;0;0;0;0;0;0;0;0;0;0;0;0;0;-0;-0;0;0;0;
9.24405;0;0;-10.6958;0;0;0;0;0;0;0;0;0;0;0;0;0;0;0;0;-0;-0;0;0;0;
9.24503;0;0;-10.6958;0;0;0;0.888717;-0.5382;3.802;0.233605;-0.231673;-0.0874003;0;0;0;0;0;0;-0.888717;0.5382;-3.802;-2.20305;24.7391;4.01697;
9.24601;0;0;-10.6958;0;0;0;0;0;0;0;0;0;0;0;0;0;0;0;0;-0;-0;0;0;0;
9.24705;0;0;-10.6958;0;0;0;0.652871;0.702151;3.25087;-0.177411;0.0543301;0.0238947;0;0;0;0;0;0;-0.652871;-0.702151;-3.25087;-1.39013;20.9113;-4.23742;
9.24802;0;0;-10.6958;0;0;0;1.21457;6.97907;38.1896;-0.898128;-0.324117;-0.0875571;0;0;0;0;0;0;-1.21457;-6.97907;-38.1896;-17.6437;247.265;-44.4506;
9.24906;0;0;-10.6958;0;0;0;0;0;0;0;0;0;0;0;0;0;0;0;0;-0;-0;0;0;0;
9.25003;0;0;-10.6958;0;0;0;1.22663;-0.14019;4.79136;0.299573;-0.292986;-0.0852658;0;0;0;0;0;0;-1.22663;0.14019;-4.79136;-2.72762;31.1671;1.61021;
9.25101;0;0;-10.6958;0;0;0;0.951585;-3.29602;16.7916;0.449895;-0.306758;0.0114622;0;0;0;0;0;0;-0.951585;3.29602;-16.7916;-9.24007;108.842;21.7911;
9.25205;0;0;-10.6958;0;0;0;3.31996;-5.12509;19.6999;0.777822;0.602976;0.0760857;0;0;0;0;0;0;-3.31996;5.12509;-19.6999;-11.2165;126.51;34.7526;
9.25302;0;0;-10.6958;0;0;0;0;0;0;0;0;0;0;0;0;0;0;0;0;-0;-0;0;0;0;
9.25406;0;0;-10.6958;0;0;0;0;0;0;0;0;0;0;0;0;0;0;0;0;-0;-0;0;0;0;
9.25503;0;0;-10.6958;0;0;0;3.6923;-6.89663;25.3346;1.03976;0.455776;0.11118;0;0;0;0;0;0;-3.6923;6.89663;-25.3346;-14.4947;163.072;46.3658;
9.25601;0;0;-10.6958;0;0;0;-0.482484;-3.0913;11.9631;0.652396;-0.3866;-0.0216011;0;0;0;0;0;0;0.482484;3.0913;-11.9631;-6.98934;77.8284;19.7772;
9.25705;0;0;-10.6958;0;0;0;0;0;0;0;0;0;0;0;0;0;0;0;0;-0;-0;0;0;0;
9.25802;0;0;-10.6958;0;0;0;0;0;0;0;0;0;0;0;0;0;0;0;0;-0;-0;0;0;0;
9.25906;0;0;-10.6958;0;0;0;-4.16168;10.3961;66.7231;-1.37381;0.227337;-0.132401;0;0;0;0;0;0;4.16168;-10.3961;-66.7231;-31.2017;431.845;-69.2202;
9.26003;0;0;-10.6958;0;0;0;0.54493;13.7172;65.2009;-1.48083;0.253977;-0.325804;0;0;0;0;0;0;-0.54493;-13.7172;-65.2009;-29.995;421.499;-88.1411;
9.26101;0;0;-10.6958;0;0;0;-4.66535;-1.82265;7.87276;0.336305;-0.547627;0.0725091;0;0;0;0;0;0;4.66535;1.82265;-7.87276;-4.48536;51.9466;9.36835;
9.26204;0;0;-10.6958;0;0;0;0;0;0;0;0;0;0;0;0;0;0;0;0;-0;-0;0;0;0;
9.26301;0;0;-10.6958;0;0;0;-2.44422;-1.44513;5.46661;0.232244;-0.385912;0.00182276;0;0;0;0;0;0;2.44422;1.44513;-5.46661;-3.13121;35.9961;8.11575;
9.26405;0;0;-10.6958;0;0;0;0;0;0;0;0;0;0;0;0;0;0;0;0;-0;-0;0;0;0;
9.26502;0;0;-10.6958;0;0;0;0;0;0;0;0;0;0;0;0;0;0;0;0;-0;-0;0;0;0;
9.26606;0;0;-10.6958;0;0;0;0;0;0;0;0;0;0;0;0;0;0;0;0;-0;-0;0;0;0;
9.26703;0;0;-10.6958;0;0;0;2.85686;-1.73079;12.2227;0.451591;0.882816;0.0194585;0;0;0;0;0;0;-2.85686;1.73079;-12.2227;-6.78306;77.9039;12.617;
9.26801;0;0;-10.6958;0;0;0;2.38184;-8.51984;27.5462;1.28676;-0.0151647;0.0252265;0;0;0;0;0;0;-2.38184;8.51984;-27.5462;-16.0186;177.983;56.2926;
9.26905;0;0;-10.6958;0;0;0;-1.43435;13.5675;47.7342;-1.61211;0.36444;-0.263634;0;0;0;0;0;0;1.43435;-13.5675;-47.7342;-21.0787;308.589;-88.2316;
9.27002;0;0;-10.6958;0;0;0;0;0;0;0;0;0;0;0;0;0;0;0;0;-0;-0;0;0;0;
9.27106;0;0;-10.6958;0;0;0;2.10084;13.0629;35.2857;-1.80072;0.704193;-0.153484;0;0;0;0;0;0;-2.10084;-13.0629;-35.2857;-14.6687;227.361;-83.2966;
9.27204;0;0;-10.6958;0;0;0;-4.53411;-3.09086;9.07853;0.540431;-0.489132;0.10338;0;0;0;0;0;0;4.53411;3.09086;-9.07853;-5.42402;59.6754;17.608;
9.27301;0;0;-10.6958;0;0;0;0;0;0;0;0;0;0;0;0;0;0;0;0;-0;-0;0;0;0;
9.27405;0;0;-10.6958;0;0;0;0;0;0;0;0;0;0;0;0;0;0;0;0;-0;-0;0;0;0;
9.27502;0;0;-10.6958;0;0;0;0;0;0;0;0;0;0;0;0;0;0;0;0;-0;-0;0;0;0;
9.27606;0;0;-10.6958;0;0;0;2.31912;3.56938;41.2554;-0.589166;0.0441265;-0.0437895;0;0;0;0;0;0;-2.31912;-3.56938;-41.2554;-19.8388;266.619;-21.8793;
9.27703;0;0;-10.6958;0;0;0;0;0;0;0;0;0;0;0;0;0;0;0;0;-0;-0;0;0;0;
9.27801;0;0;-10.6958;0;0;0;1.92684;-2.52175;14.8879;0.228421;-0.231172;0.052067;0;0;0;0;0;0;-1.92684;2.52175;-14.8879;-7.98194;96.3534;17.2328;
9.27904;0;0;-10.6958;0;0;0;-4.50084;-2.0371;7.84284;0.333453;-0.546585;0.0493912;0;0;0;0;0;0;4.50084;2.0371;-7.84284;-4.48892;51.7355;10.8617;
9.28002;0;0;-10.6958;0;0;0;2.96489;2.3589;13.4379;-0.508498;0.348599;0.0505952;0;0;0;0;0;0;-2.96489;-2.3589;-13.4379;-6.02559;86.2889;-13.8173;
9.28106;0;0;-10.6958;0;0;0;0;0;0;0;0;0;0;0;0;0;0;0;0;-0;-0;0;0;0;
9.28203;0;0;-10.6958;0;0;0;-0.394503;-0.57156;5.6516;0.246661;-0.414131;-0.0246642;0;0;0;0;0;0;0.394503;0.57156;-5.6516;-3.15133;37.0158;3.52352;
9.283;0;0;-10.6958;0;0;0;-1.34054;-7.71852;27.9857;0.699362;-0.358178;0.155468;0;0;0;0;0;0;1.34054;7.71852;-27.9857;-15.5724;181.541;49.1029;
9.28404;0;0;-10.6958;0;0;0;0;0;0;0;0;0;0;0;0;0;0;0;0;-0;-0;0;0;0;
9.28501;0;0;-10.6958;0;0;0;0.667564;0.307789;2.75153;0.124477;0.19794;-0.052342;0;0;0;0;0;0;-0.667564;-0.307789;-2.75153;-1.47994;17.5358;-1.60251;
9.28604;0;0;-10.6958;0;0;0;-0.859459;-1.51332;3.53586;0.19617;-0.148307;-0.0136113;0;0;0;0;0;0;0.859459;1.51332;-3.53586;-2.1292;23.1091;9.37077;
9.28701;0;0;-10.6958;0;0;0;0;0;0;0;0;0;0;0;0;0;0;0;0;-0;-0;0;0;0;
9.28804;0;0;-10.6958;0;0;0;0;0;0;0;0;0;0;0;0;0;0;0;0;-0;-0;0;0;0;
9.28901;0;0;-10.6958;0;0;0;0.189557;-0.137565;0.840173;-0.0531754;0.0135633;0.014218;0;0;0;0;0;0;-0.189557;0.137565;-0.840173;-0.383905;5.40281;0.971241;
9.29005;0;0;-10.6958;0;0;0;3.05733;-1.35158;13.2034;-0.264841;-0.274352;0.0814445;0;0;0;0;0;0;-3.05733;1.35158;-13.2034;-6.52273;85.3851;10.2028;
9.29102;0;0;-10.6958;0;0;0;0.857065;5.38005;14.5191;-0.740835;0.289914;-0.0636955;0;0;0;0;0;0;-0.857065;-5.38005;-14.5191;-6.03542;93.5535;-34.3098;
9.29205;0;0;-10.6958;0;0;0;0;0;0;0;0;0;0;0;0;0;0;0;0;-0;-0;0;0;0;
9.29302;0;0;-10.6958;0;0;0;0;0;0;0;0;0;0;0;0;0;0;0;0;-0;-0;0;0;0;
9.29405;0;0;-10.6958;0;0;0;0;0;0;0;0;0;0;0;0;0;0;0;0;-0;-0;0;0;0;
9.29503;0;0;-10.6958;0;0;0;0;0;0;0;0;0;0;0;0;0;0;0;0;-0;-0;0;0;0;
9.296;0;0;-10.6958;0;0;0;0;0;0;0;0;0;0;0;0;0;0;0;0;-0;-0;0;0;0;
9.29704;0;0;-10.6958;0;0;0;0;0;0;0;0;0;0;0;0;0;0;0;0;-0;-0;0;0;0;
9.29801;0;0;-10.6958;0;0;0;0;0;0;0;0;0;0;0;0;0;0;0;0;-0;-0;0;0;0;
9.29905;0;0;-10.6958;0;0;0;0;0;0;0;0;0;0;0;0;0;0;0;0;-0;-0;0;0;0;
9.30003;0;0;-10.6958;0;0;0;3.51574;-2.74016;16.1673;0.688888;0.556579;0.00447019;0;0;0;0;0;0;-3.51574;2.74016;-16.1673;-9.10884;103.683;19.4938;
9.301;0;0;-10.6958;0;0;0;-5.82139;-2.48161;10.0028;0.426116;-0.696547;0.0751819;0;0;0;0;0;0;5.82139;2.48161;-10.0028;-5.71437;65.9913;13.0462;
9.30204;0;0;-10.6958;0;0;0;0;0;0;0;0;0;0;0;0;0;0;0;0;-0;-0;0;0;0;
9.30301;0;0;-10.6958;0;0;0;0;0;0;0;0;0;0;0;0;0;0;0;0;-0;-0;0;0;0;
9.30405;0;0;-10.6958;0;0;0;3.3363;-7.87441;26.0535;1.04947;0.607092;0.142632;0;0;0;0;0;0;-3.3363;7.87441;-26.0535;-14.9646;167.608;52.4805;
9.30502;0;0;-10.6958;0;0;0;4.56149;-5.62529;25.0164;1.08859;0.552822;0.0561204;0;0;0;0;0;0;-4.56149;5.62529;-25.0164;-14.2559;160.829;38.634;
9.30606;0;0;-10.6958;0;0;0;0;0;0;0;0;0;0;0;0;0;0;0;0;-0;-0;0;0;0;
9.30703;0;0;-10.6958;0;0;0;-1.55228;-14.6222;96.8741;1.07959;-0.199078;0.37389;0;0;0;0;0;0;1.55228;14.6222;-96.8741;-51.352;627.065;93.4399;
9.30801;0;0;-10.6958;0;0;0;0.0809324;-0.00295451;0.315062;0.0139563;-0.0238182;-0.00380841;0;0;0;0;0;0;-0.0809324;0.00295451;-0.315062;-0.172989;2.05395;0.063698;
9.30905;0;0;-10.6958;0;0;0;9.78414;-2.02333;38.5665;-0.98442;0.255037;0.281377;0;0;0;0;0;0;-9.78414;2.02333;-38.5665;-18.6491;248.265;17.7378;
9.31002;0;0;-10.6958;0;0;0;0;0;0;0;0;0;0;0;0;0;0;0;0;-0;-0;0;0;0;
9.31106;0;0;-10.6958;0;0;0;0.0089229;-0.000878269;0.03482;0.00153849;-0.00263221;-0.000460643;0;0;0;0;0;0;-0.0089229;0.000878269;-0.03482;-0.0191697;0.227001;0.0106381;
9.31203;0;0;-10.6958;0;0;0;0.500418;14.2959;44.77;-1.57734;0.250336;-0.291634;0;0;0;0;0;0;-0.500418;-14.2959;-44.77;-19.5471;289.332;-91.9409;
9.313;0;0;-10.6958;0;0;0;1.91113;-0.927955;7.92317;-0.0666092;0.3648;0.0592312;0;0;0;0;0;0;-1.91113;0.927955;-7.92317;-4.01825;50.7014;6.90689;
9.31403;0;0;-10.6958;0;0;0;0;0;0;0;0;0;0;0;0;0;0;0;0;-0;-0;0;0;0;
9.315;0;0;-10.6958;0;0;0;0;0;0;0;0;0;0;0;0;0;0;0;0;-0;-0;0;0;0;
9.31603;0;0;-10.6958;0;0;0;4.23174;0.473894;16.5272;-0.973017;0.255243;0.24182;0;0;0;0;0;0;-4.23174;-0.473894;-16.5272;-7.30636;106.241;-1.17553;
9.31701;0;0;-10.6958;0;0;0;0;0;0;0;0;0;0;0;0;0;0;0;0;-0;-0;0;0;0;
9.31804;0;0;-10.6958;0;0;0;2.15165;-0.821505;8.71707;0.539571;-0.532263;-0.183344;0;0;0;0;0;0;-2.15165;0.821505;-8.71707;-5.01375;56.7103;6.58199;
9.31901;0;0;-10.6958;0;0;0;0;0;0;0;0;0;0;0;0;0;0;0;0;-0;-0;0;0;0;
9.32005;0;0;-10.6958;0;0;0;0;0;0;0;0;0;0;0;0;0;0;0;0;-0;-0;0;0;0;
9.32102;0;0;-10.6958;0;0;0;1.6079;7.14309;31.0568;-0.00907213;-0.849672;-0.442531;0;0;0;0;0;0;-1.6079;-7.14309;-31.0568;-14.9227;201.605;-44.9584;
9.32205;0;0;-10.6958;0;0;0;-0.469082;-5.70254;15.7734;0.740588;-0.0444506;0.0601087;0;0;0;0;0;0;0.469082;5.70254;-15.7734;-9.25882;102.135;36.5952;
9.32302;0;0;-10.6958;0;0;0;2.14994;0.719753;8.64178;-0.106263;0.350348;-0.00515724;0;0;0;0;0;0;-2.14994;-0.719753;-8.64178;-4.17561;55.3408;-3.56796;
9.32406;0;0;-10.6958;0;0;0;2.00234;-1.57763;9.05004;0.324678;0.657369;0.042759;0;0;0;0;0;0;-2.00234;1.57763;-9.05004;-5.04235;57.6897;11.1723;
9.32503;0;0;-10.6958;0;0;0;0.101793;-0.046778;0.419416;-0.0260427;0.00660579;0.00705735;0;0;0;0;0;0;-0.101793;0.046778;-0.419416;-0.189956;2.69654;0.346851;
9.32606;0;0;-10.6958;0;0;0;-4.66845;8.41195;45.7492;-0.937414;-0.406005;-0.25674;0;0;0;0;0;0;4.66845;-8.41195;-45.7492;-21.2697;296.84;-56.515;
9.32703;0;0;-10.6958;0;0;0;0;0;0;0;0;0;0;0;0;0;0;0;0;-0;-0;0;0;0;
9.32805;0;0;-10.6958;0;0;0;-1.80151;-5.64607;12.9558;0.59839;-0.0199699;0.0830627;0;0;0;0;0;0;1.80151;5.64607;-12.9558;-7.6914;84.0158;35.5356;
9.32902;0;0;-10.6958;0;0;0;0;0;0;0;0;0;0;0;0;0;0;0;0;-0;-0;0;0;0;
9.33005;0;0;-10.6958;0;0;0;2.63915;3.98796;15.3036;-0.819497;0.265718;0.0720815;0;0;0;0;0;0;-2.63915;-3.98796;-15.3036;-6.49143;98.4737;-24.5418;
9.33101;0;0;-10.6958;0;0;0;-2.52889;-1.71579;5.48583;0.231175;-0.386719;-0.0143851;0;0;0;0;0;0;2.52889;1.71579;-5.48583;-3.16694;36.1296;9.84028;
9.33204;0;0;-10.6958;0;0;0;1.95374;-1.10208;8.26374;0.307539;0.59615;0.00679516;0;0;0;0;0;0;-1.95374;1.10208;-8.26374;-4.58143;52.669;8.10726;
9.33302;0;0;-10.6958;0;0;0;0;0;0;0;0;0;0;0;0;0;0;0;0;-0;-0;0;0;0;
9.33405;0;0;-10.6958;0;0;0;0.851581;0.162593;3.34936;-0.0801294;0.0686134;0.0161618;0;0;0;0;0;0;-0.851581;-0.162593;-3.34936;-1.59109;21.5142;-0.638981;
9.33502;0;0;-10.6958;0;0;0;0;0;0;0;0;0;0;0;0;0;0;0;0;-0;-0;0;0;0;
9.33605;0;0;-10.6958;0;0;0;2.68046;3.70085;14.8542;-0.799334;0.255198;0.0806597;0;0;0;0;0;0;-2.68046;-3.70085;-14.8542;-6.31395;95.5729;-22.6722;
9.33702;0;0;-10.6958;0;0;0;0;0;0;0;0;0;0;0;0;0;0;0;0;-0;-0;0;0;0;
9.33805;0;0;-10.6958;0;0;0;0.906751;-0.295022;3.63467;0.159149;-0.274589;-0.0619913;0;0;0;0;0;0;-0.906751;0.295022;-3.63467;-2.01995;23.6976;2.42743;
9.33902;0;0;-10.6958;0;0;0;0;0;0;0;0;0;0;0;0;0;0;0;0;-0;-0;0;0;0;
9.34005;0;0;-10.6958;0;0;0;1.2942;7.7672;22.0276;-0.912132;0.301348;-0.142015;0;0;0;0;0;0;-1.2942;-7.7672;-22.0276;-9.40805;142.073;-49.4545;
9.34102;0;0;-10.6958;0;0;0;-14.5596;3.78419;43.1996;-0.27928;-0.88771;-0.132456;0;0;0;0;0;0;14.5596;-3.78419;-43.1996;-21.1069;281.818;-31.6842;
9.34205;0;0;-10.6958;0;0;0;0.0037503;-5.71408e-06;0.0145939;0.000606627;0.001043;-0.000155481;0;0;0;0;0;0;-0.0037503;5.71408e-06;-0.0145939;-0.00796003;0.0929941;0.00208195;
9.34303;0;0;-10.6958;0;0;0;-3.53878;-2.49922;7.20063;0.428183;-0.388517;0.0755846;0;0;0;0;0;0;3.53878;2.49922;-7.20063;-4.30639;47.3261;14.3097;
9.344;0;0;-10.6958;0;0;0;0.0577322;0.00832667;0.22601;-0.0132637;0.00349369;0.00325937;0;0;0;0;0;0;-0.0577322;-0.00832667;-0.22601;-0.0997726;1.45285;-0.0280401;
9.34504;0;0;-10.6958;0;0;0;0.600296;-0.067481;2.34735;0.110014;0.0816433;-0.0280475;0;0;0;0;0;0;-0.600296;0.067481;-2.34735;-1.29943;15.044;0.76705;
9.34601;0;0;-10.6958;0;0;0;2.7471;2.68235;13.2194;-0.324526;0.438597;-0.0216141;0;0;0;0;0;0;-2.7471;-2.68235;-13.2194;-6.06712;84.8067;-15.9473;
9.34705;0;0;-10.6958;0;0;0;4.2897;1.16901;17.0525;-0.652742;0.449881;0.131243;0;0;0;0;0;0;-4.2897;-1.16901;-17.0525;-7.8217;109.438;-5.53269;
9.34802;0;0;-10.6958;0;0;0;2.29786;-0.375821;9.01096;0.562317;-0.550918;-0.166372;0;0;0;0;0;0;-2.29786;0.375821;-9.01096;-5.13994;58.6155;3.75541;
9.34906;0;0;-10.6958;0;0;0;0.908937;8.69239;35.2614;-0.834007;-0.212581;-0.339473;0;0;0;0;0;0;-0.908937;-8.69239;-35.2614;-16.0611;228.239;-55.4365;
9.35003;0;0;-10.6958;0;0;0;2.21694;2.95384;41.577;-0.143999;0.252426;-0.166077;0;0;0;0;0;0;-2.21694;-2.95384;-41.577;-20.5078;268.5;-17.8263;
9.35101;0;0;-10.6958;0;0;0;1.23772;8.40112;24.9823;-1.29437;0.504293;-0.105458;0;0;0;0;0;0;-1.23772;-8.40112;-24.9823;-10.451;160.99;-53.6205;
9.35204;0;0;-10.6958;0;0;0;0.577287;-0.131214;2.27979;-0.138733;0.0353597;0.037165;0;0;0;0;0;0;-0.577287;0.131214;-2.27979;-1.02303;14.6555;1.10256;
9.35302;0;0;-10.6958;0;0;0;0;0;0;0;0;0;0;0;0;0;0;0;0;-0;-0;0;0;0;
9.35405;0;0;-10.6958;0;0;0;-3.34497;0.0267248;12.8939;-0.127416;-0.269156;0.0329354;0;0;0;0;0;0;3.34497;-0.0267248;-12.8939;-6.36623;84.019;-1.89112;
9.35503;0;0;-10.6958;0;0;0;0;0;0;0;0;0;0;0;0;0;0;0;0;-0;-0;0;0;0;
9.35601;0;0;-10.6958;0;0;0;-2.43741;8.69163;54.2425;-1.15426;0.477845;-0.219904;0;0;0;0;0;0;2.43741;-8.69163;-54.2425;-25.3041;350.678;-57.2371;
9.35704;0;0;-10.6958;0;0;0;1.10057;13.0966;33.8233;-1.71288;0.695946;-0.213739;0;0;0;0;0;0;-1.10057;-13.0966;-33.8233;-14.0165;218.007;-83.9576;
9.35802;0;0;-10.6958;0;0;0;0;0;0;0;0;0;0;0;0;0;0;0;0;-0;-0;0;0;0;
9.35905;0;0;-10.6958;0;0;0;0.301524;-0.118311;1.22421;0.0470317;0.0879184;-0.00308731;0;0;0;0;0;0;-0.301524;0.118311;-1.22421;-0.675673;7.80166;0.920392;
9.36003;0;0;-10.6958;0;0;0;3.37178;-0.198283;13.1381;-0.107832;0.449353;0.0386771;0;0;0;0;0;0;-3.37178;0.198283;-13.1381;-6.53138;84.2074;2.94287;
9.36101;0;0;-10.6958;0;0;0;0;0;0;0;0;0;0;0;0;0;0;0;0;-0;-0;0;0;0;
9.36204;0;0;-10.6958;0;0;0;0;0;0;0;0;0;0;0;0;0;0;0;0;-0;-0;0;0;0;
9.36301;0;0;-10.6958;0;0;0;-8.39789;-3.79162;14.6248;0.621848;-1.01921;0.0928378;0;0;0;0;0;0;8.39789;3.79162;-14.6248;-8.37001;96.4727;20.2053;
9.36404;0;0;-10.6958;0;0;0;0.825541;3.65498;10.6184;-0.476111;0.162353;-0.0476486;0;0;0;0;0;0;-0.825541;-3.65498;-10.6184;-4.50765;68.4484;-23.1817;
9.36502;0;0;-10.6958;0;0;0;0.869529;0.0317308;3.38499;0.141785;0.241928;-0.0386893;0;0;0;0;0;0;-0.869529;-0.0317308;-3.38499;-1.84407;21.5696;0.271507;
9.36605;0;0;-10.6958;0;0;0;-17.2923;-11.523;34.7356;1.40701;-1.76639;0.156231;0;0;0;0;0;0;17.2923;11.523;-34.7356;-20.062;228.214;65.6773;
9.36702;0;0;-10.6958;0;0;0;6.70263;0.727875;26.2168;-0.205886;0.851528;0.00911962;0;0;0;0;0;0;-6.70263;-0.727875;-26.2168;-12.93;168.082;-1.34099;
9.36805;0;0;-10.6958;0;0;0;-4.91584;-3.68251;10.2912;0.610896;-0.556623;0.0926326;0;0;0;0;0;0;4.91584;3.68251;-10.2912;-6.16472;67.6257;21.2539;
9.36902;0;0;-10.6958;0;0;0;0;0;0;0;0;0;0;0;0;0;0;0;0;-0;-0;0;0;0;
9.37005;0;0;-10.6958;0;0;0;2.4559;-2.30992;11.7276;0.441206;0.692639;0.0580016;0;0;0;0;0;0;-2.4559;2.30992;-11.7276;-6.58129;74.9312;16.123;
9.37102;0;0;-10.6958;0;0;0;0;0;0;0;0;0;0;0;0;0;0;0;0;-0;-0;0;0;0;
9.37206;0;0;-10.6958;0;0;0;0.637809;-0.24836;2.80254;-0.0521229;-0.0615302;0.0198196;0;0;0;0;0;0;-0.637809;0.24836;-2.80254;-1.38475;18.1282;1.90825;
9.37303;0;0;-10.6958;0;0;0;0;0;0;0;0;0;0;0;0;0;0;0;0;-0;-0;0;0;0;
9.37406;0;0;-10.6958;0;0;0;2.37502;-1.91877;10.9476;0.404328;0.428413;0.0231057;0;0;0;0;0;0;-2.37502;1.91877;-10.9476;-6.11223;70.1572;13.5866;
9.37503;0;0;-10.6958;0;0;0;0;0;0;0;0;0;0;0;0;0;0;0;0;-0;-0;0;0;0;
9.37601;0;0;-10.6958;0;0;0;-7.4701;11.7857;60.9203;-1.30752;0.0806793;-0.236957;0;0;0;0;0;0;7.4701;-11.7857;-60.9203;-28.2055;394.78;-79.7723;
9.37705;0;0;-10.6958;0;0;0;0;0;0;0;0;0;0;0;0;0;0;0;0;-0;-0;0;0;0;
9.37802;0;0;-10.6958;0;0;0;0;0;0;0;0;0;0;0;0;0;0;0;0;-0;-0;0;0;0;
9.37906;0;0;-10.6958;0;0;0;-6.93133;-4.8594;14.0559;0.836007;-0.758155;0.150148;0;0;0;0;0;0;6.93133;4.8594;-14.0559;-8.40449;92.3843;27.7946;
9.38004;0;0;-10.6958;0;0;0;0;0;0;0;0;0;0;0;0;0;0;0;0;-0;-0;0;0;0;
9.38101;0;0;-10.6958;0;0;0;-3.14596;11.282;49.8966;-1.33286;0.210126;-0.20336;0;0;0;0;0;0;3.14596;-11.282;-49.8966;-22.6766;322.902;-74.3682;
9.38205;0;0;-10.6958;0;0;0;0;0;0;0;0;0;0;0;0;0;0;0;0;-0;-0;0;0;0;
9.38302;0;0;-10.6958;0;0;0;0;0;0;0;0;0;0;0;0;0;0;0;0;-0;-0;0;0;0;
9.384;0;0;-10.6958;0;0;0;0;0;0;0;0;0;0;0;0;0;0;0;0;-0;-0;0;0;0;
9.38504;0;0;-10.6958;0;0;0;0;0;0;0;0;0;0;0;0;0;0;0;0;-0;-0;0;0;0;
9.38601;0;0;-10.6958;0;0;0;2.74415;-3.69613;17.4431;0.910663;-0.37826;-0.111031;0;0;0;0;0;0;-2.74415;3.69613;-17.4431;-10.0692;112.948;25.405;
9.38705;0;0;-10.6958;0;0;0;1.3184;8.32235;22.4474;-1.14526;0.448388;-0.0989746;0;0;0;0;0;0;-1.3184;-8.32235;-22.4474;-9.33086;144.639;-53.0766;
9.38802;0;0;-10.6958;0;0;0;0;0;0;0;0;0;0;0;0;0;0;0;0;-0;-0;0;0;0;
9.38905;0;0;-10.6958;0;0;0;0;0;0;0;0;0;0;0;0;0;0;0;0;-0;-0;0;0;0;
9.39002;0;0;-10.6958;0;0;0;-10.7779;-2.70378;56.3985;0.386341;-1.09855;-0.0378829;0;0;0;0;0;0;10.7779;2.70378;-56.3985;-29.0724;367.037;12.0993;
9.39105;0;0;-10.6958;0;0;0;0;0;0;0;0;0;0;0;0;0;0;0;0;-0;-0;0;0;0;
9.39202;0;0;-10.6958;0;0;0;3.07571;3.33749;15.3665;-0.838172;0.257048;0.111937;0;0;0;0;0;0;-3.07571;-3.33749;-15.3665;-6.56966;98.8454;-20.1536;
9.39305;0;0;-10.6958;0;0;0;-3.56149;-3.41929;54.9411;0.286681;-0.192474;0.0461345;0;0;0;0;0;0;3.56149;3.41929;-54.9411;-28.3102;355.98;20.2799;
9.39403;0;0;-10.6958;0;0;0;0;0;0;0;0;0;0;0;0;0;0;0;0;-0;-0;0;0;0;
9.395;0;0;-10.6958;0;0;0;2.82955;13.2296;36.9494;-1.89593;0.722896;-0.113641;0;0;0;0;0;0;-2.82955;-13.2296;-36.9494;-15.3953;238.031;-84.0469;
9.39604;0;0;-10.6958;0;0;0;1.3592;-1.61066;7.45391;0.372003;-0.0734273;-0.0426417;0;0;0;0;0;0;-1.3592;1.61066;-7.45391;-4.28883;48.1589;11.1473;
9.39701;0;0;-10.6958;0;0;0;0;0;0;0;0;0;0;0;0;0;0;0;0;-0;-0;0;0;0;
9.39805;0;0;-10.6958;0;0;0;0;0;0;0;0;0;0;0;0;0;0;0;0;-0;-0;0;0;0;
9.39902;0;0;-10.6958;0;0;0;0;0;0;0;0;0;0;0;0;0;0;0;0;-0;-0;0;0;0;
9.40006;0;0;-10.6958;0;0;0;0.0262373;-0.000997252;0.102143;0.00452429;-0.00772184;-0.00123754;0;0;0;0;0;0;-0.0262373;0.000997252;-0.102143;-0.0560868;0.665886;0.0209082;
9.40103;0;0;-10.6958;0;0;0;-3.78183;2.2771;48.575;-0.660476;-0.330581;-0.01574;0;0;0;0;0;0;3.78183;-2.2771;-48.575;-23.585;314.956;-16.6209;
9.40201;0;0;-10.6958;0;0;0;0.732111;-0.997149;6.75096;0.255768;-0.0972156;0.0696527;0;0;0;0;0;0;-0.732111;0.997149;-6.75096;-3.75698;43.6979;6.75007;
9.40305;0;0;-10.6958;0;0;0;1.45728;-2.43819;9.69718;0.459607;-0.00518415;-0.0100126;0;0;0;0;0;0;-1.45728;2.43819;-9.69718;-5.58954;62.5932;16.5176;
9.40403;0;0;-10.6958;0;0;0;0;0;0;0;0;0;0;0;0;0;0;0;0;-0;-0;0;0;0;
9.405;0;0;-10.6958;0;0;0;4.24227;9.09122;31.3337;-1.24263;0.614804;-0.0788277;0;0;0;0;0;0;-4.24227;-9.09122;-31.3337;-13.6337;201.668;-56.5977;
9.40604;0;0;-10.6958;0;0;0;0.621417;0.0214051;2.41901;0.107467;-0.182874;-0.0259889;0;0;0;0;0;0;-0.621417;-0.0214051;-2.41901;-1.3241;15.77;0.200601;
9.40702;0;0;-10.6958;0;0;0;0;0;0;0;0;0;0;0;0;0;0;0;0;-0;-0;0;0;0;
9.40805;0;0;-10.6958;0;0;0;0;0;0;0;0;0;0;0;0;0;0;0;0;-0;-0;0;0;0;
9.40903;0;0;-10.6958;0;0;0;4.93941;-3.47575;21.7458;0.790471;1.57534;0.0722452;0;0;0;0;0;0;-4.93941;3.47575;-21.7458;-12.0948;138.61;24.9021;
9.41001;0;0;-10.6958;0;0;0;0;0;0;0;0;0;0;0;0;0;0;0;0;-0;-0;0;0;0;
9.41104;0;0;-10.6958;0;0;0;0.321458;-0.0886056;1.27809;0.0502441;0.0915694;-0.00628893;0;0;0;0;0;0;-0.321458;0.0886056;-1.27809;-0.703059;8.14456;0.741466;
9.41202;0;0;-10.6958;0;0;0;-0.0268245;-0.144591;0.332999;0.00911553;0.0274759;0.0126646;0;0;0;0;0;0;0.0268245;0.144591;-0.332999;-0.191372;2.12948;0.909224;
9.41305;0;0;-10.6958;0;0;0;0;0;0;0;0;0;0;0;0;0;0;0;0;-0;-0;0;0;0;
9.41403;0;0;-10.6958;0;0;0;0;0;0;0;0;0;0;0;0;0;0;0;0;-0;-0;0;0;0;
9.415;0;0;-10.6958;0;0;0;-2.27557;2.36338;13.5351;-0.258641;-0.131838;-0.0445046;0;0;0;0;0;0;2.27557;-2.36338;-13.5351;-6.32407;87.9223;-16.3914;
9.41604;0;0;-10.6958;0;0;0;1.41314;-0.135598;5.51376;0.243643;-0.41681;-0.0726946;0;0;0;0;0;0;-1.41314;0.135598;-5.51376;-3.03523;35.9454;1.6619;
9.41701;0;0;-10.6958;0;0;0;0.697885;3.19207;8.94268;-0.459089;0.174666;-0.0265193;0;0;0;0;0;0;-0.697885;-3.19207;-8.94268;-3.72681;57.6083;-20.2723;
9.41804;0;0;-10.6958;0;0;0;6.85178;6.14998;32.1042;-1.13593;0.874954;0.0744958;0;0;0;0;0;0;-6.85178;-6.14998;-32.1042;-14.4232;206.131;-36.4084;
9.41901;0;0;-10.6958;0;0;0;0.730238;5.35717;14.2582;-0.725822;0.287268;-0.0707611;0;0;0;0;0;0;-0.730238;-5.35717;-14.2582;-5.92134;91.8798;-34.2185;
9.42005;0;0;-10.6958;0;0;0;3.2961;-11.8683;49.064;0.8268;0.180358;0.372126;0;0;0;0;0;0;-3.2961;11.8683;-49.064;-26.7355;316.899;78.0684;
9.42102;0;0;-10.6958;0;0;0;-4.72569;-11.6425;33.6867;0.935149;-0.329301;0.276788;0;0;0;0;0;0;4.72569;11.6425;-33.6867;-19.0736;218.732;72.6609;
9.42205;0;0;-10.6958;0;0;0;-4.43114;4.72251;40.2546;-0.858206;0.0887439;-0.0604398;0;0;0;0;0;0;4.43114;-4.72251;-40.2546;-18.9504;260.774;-32.7234;
9.42303;0;0;-10.6958;0;0;0;-5.84469;-2.4326;9.9905;0.425915;-0.695481;0.0798271;0;0;0;0;0;0;5.84469;2.4326;-9.9905;-5.70308;65.9123;12.7126;
9.42406;0;0;-10.6958;0;0;0;0.0409291;-0.00861107;0.1613;-0.00980017;0.00249979;0.00262021;0;0;0;0;0;0;-0.0409291;0.00861107;-0.1613;-0.0723302;1.0369;0.0737087;
9.42503;0;0;-10.6958;0;0;0;0;0;0;0;0;0;0;0;0;0;0;0;0;-0;-0;0;0;0;
9.42605;0;0;-10.6958;0;0;0;0;0;0;0;0;0;0;0;0;0;0;0;0;-0;-0;0;0;0;
9.42702;0;0;-10.6958;0;0;0;3.18021;0.685973;12.5497;-0.129697;0.526215;0.000726079;0;0;0;0;0;0;-3.18021;-0.685973;-12.5497;-6.12453;80.3429;-2.8362;
9.42804;0;0;-10.6958;0;0;0;0;0;0;0;0;0;0;0;0;0;0;0;0;-0;-0;0;0;0;
9.42901;0;0;-10.6958;0;0;0;0.507025;3.95462;16.1309;-0.434592;-0.0496172;-0.159926;0;0;0;0;0;0;-0.507025;-3.95462;-16.1309;-7.29661;104.355;-25.1682;
9.43004;0;0;-10.6958;0;0;0;0;0;0;0;0;0;0;0;0;0;0;0;0;-0;-0;0;0;0;
9.43101;0;0;-10.6958;0;0;0;1.67838;-0.58184;6.75365;0.261783;0.484531;-0.0233134;0;0;0;0;0;0;-1.67838;0.58184;-6.75365;-3.72277;43.0387;4.63303;
9.43204;0;0;-10.6958;0;0;0;1.00962;-0.369391;4.07748;0.252529;-0.249006;-0.0850867;0;0;0;0;0;0;-1.00962;0.369391;-4.07748;-2.34389;26.5263;2.98347;
9.43301;0;0;-10.6958;0;0;0;-2.96999;2.72223;39.1314;-0.605974;-0.204282;-0.0467415;0;0;0;0;0;0;2.96999;-2.72223;-39.1314;-18.837;253.654;-19.0605;
9.43405;0;0;-10.6958;0;0;0;0;0;0;0;0;0;0;0;0;0;0;0;0;-0;-0;0;0;0;
9.43502;0;0;-10.6958;0;0;0;0;0;0;0;0;0;0;0;0;0;0;0;0;-0;-0;0;0;0;
9.43606;0;0;-10.6958;0;0;0;7.78208;2.21813;31.7922;-0.400353;1.29026;-0.0363877;0;0;0;0;0;0;-7.78208;-2.21813;-31.7922;-15.3955;203.604;-10.3925;
9.43703;0;0;-10.6958;0;0;0;0;0;0;0;0;0;0;0;0;0;0;0;0;-0;-0;0;0;0;
9.43806;0;0;-10.6958;0;0;0;0;0;0;0;0;0;0;0;0;0;0;0;0;-0;-0;0;0;0;
9.43903;0;0;-10.6958;0;0;0;3.27318;18.8742;51.3808;-2.62545;1.02052;-0.207625;0;0;0;0;0;0;-3.27318;-18.8742;-51.3808;-21.3715;331.049;-120.246;
9.44006;0;0;-10.6958;0;0;0;0;0;0;0;0;0;0;0;0;0;0;0;0;-0;-0;0;0;0;
9.44103;0;0;-10.6958;0;0;0;0.000296852;-0.00066874;0.0021902;6.91912e-05;0.00016523;4.10721e-05;0;0;0;0;0;0;-0.000296852;0.00066874;-0.0021902;-0.00123966;0.0139741;0.00443476;
9.442;0;0;-10.6958;0;0;0;-0.0981984;-1.47731;3.54595;0.208483;-0.20715;-0.0805291;0;0;0;0;0;0;0.0981984;1.47731;-3.54595;-2.14301;23.1568;9.58822;
9.44303;0;0;-10.6958;0;0;0;-8.75384;-5.61125;17.0722;1.0182;-0.91765;0.220477;0;0;0;0;0;0;8.75384;5.61125;-17.0722;-10.1817;112.239;31.6698;
9.44401;0;0;-10.6958;0;0;0;-1.37662;-1.62912;3.96804;0.233531;-0.219617;-0.00914792;0;0;0;0;0;0;1.37662;1.62912;-3.96804;-2.39593;26.0279;9.8548;
9.44504;0;0;-10.6958;0;0;0;1.1411;-0.544959;4.72169;0.205592;-0.356446;-0.0908256;0;0;0;0;0;0;-1.1411;0.544959;-4.72169;-2.63912;30.7881;4.19125;
9.44602;0;0;-10.6958;0;0;0;1.50579;-0.902421;6.43059;0.237864;0.464371;0.00946794;0;0;0;0;0;0;-1.50579;0.902421;-6.43059;-3.56819;40.9862;6.58722;
9.44705;0;0;-10.6958;0;0;0;0;0;0;0;0;0;0;0;0;0;0;0;0;-0;-0;0;0;0;
9.44801;0;0;-10.6958;0;0;0;4.43957;7.08015;26.4962;-1.37844;0.483013;0.101751;0;0;0;0;0;0;-4.43957;-7.08015;-26.4962;-11.2621;170.484;-43.6685;
9.44903;0;0;-10.6958;0;0;0;0;0;0;0;0;0;0;0;0;0;0;0;0;-0;-0;0;0;0;
9.45004;0;0;-10.6958;0;0;0;1.25128;-0.187749;4.90091;0.197642;0.35052;-0.0370331;0;0;0;0;0;0;-1.25128;0.187749;-4.90091;-2.68569;31.2296;1.88207;
9.45106;0;0;-10.6958;0;0;0;0.9356;-0.0456972;3.64331;-0.217942;0.0562104;0.0566723;0;0;0;0;0;0;-0.9356;0.0456972;-3.64331;-1.62226;23.4197;0.710342;
9.45202;0;0;-10.6958;0;0;0;0;0;0;0;0;0;0;0;0;0;0;0;0;-0;-0;0;0;0;
9.45305;0;0;-10.6958;0;0;0;0;0;0;0;0;0;0;0;0;0;0;0;0;-0;-0;0;0;0;
9.45403;0;0;-10.6958;0;0;0;2.30793;1.15838;9.61757;-0.199957;0.342044;0.00490886;0;0;0;0;0;0;-2.30793;-1.15838;-9.61757;-4.52968;61.6456;-6.336;
9.45506;0;0;-10.6958;0;0;0;0.383915;-0.285922;1.71171;0.0739032;-0.129009;-0.0381252;0;0;0;0;0;0;-0.383915;0.285922;-1.71171;-0.964954;11.1641;2.08127;
9.45603;0;0;-10.6958;0;0;0;0;0;0;0;0;0;0;0;0;0;0;0;0;-0;-0;0;0;0;
9.45706;0;0;-10.6958;0;0;0;0;0;0;0;0;0;0;0;0;0;0;0;0;-0;-0;0;0;0;
9.45803;0;0;-10.6958;0;0;0;1.28185;-1.49319;6.58539;0.224974;0.484066;0.0659672;0;0;0;0;0;0;-1.28185;1.49319;-6.58539;-3.69246;41.9903;10.2398;
9.45906;0;0;-10.6958;0;0;0;0.190738;-0.0320848;0.748299;0.0466875;-0.04575;-0.0138621;0;0;0;0;0;0;-0.190738;0.0320848;-0.748299;-0.426919;4.8676;0.317528;
9.46003;0;0;-10.6958;0;0;0;4.2528;2.86892;18.581;-0.372594;0.664784;-0.019649;0;0;0;0;0;0;-4.2528;-2.86892;-18.581;-8.70182;119.115;-16.3975;
9.461;0;0;-10.6958;0;0;0;-1.46985;15.6895;76.5037;-2.57066;0.118859;-0.0278154;0;0;0;0;0;0;1.46985;-15.6895;-76.5037;-34.4031;494.952;-102.213;
9.46203;0;0;-10.6958;0;0;0;5.4391;15.2646;51.2169;-1.97773;0.519965;-0.223073;0;0;0;0;0;0;-5.4391;-15.2646;-51.2169;-22.2983;330.272;-95.7874;
9.46306;0;0;-10.6958;0;0;0;3.63774;1.53605;14.8632;-0.849564;0.233426;0.183806;0;0;0;0;0;0;-3.63774;-1.53605;-14.8632;-6.48518;95.5565;-8.28815;
9.46403;0;0;-10.6958;0;0;0;0;0;0;0;0;0;0;0;0;0;0;0;0;-0;-0;0;0;0;
9.465;0;0;-10.6958;0;0;0;1.2007;3.03622;9.60357;-0.502008;0.177225;0.00673389;0;0;0;0;0;0;-1.2007;-3.03622;-9.60357;-4.03251;61.8308;-19.044;
9.46603;0;0;-10.6958;0;0;0;-4.4823;-5.20483;15.4587;0.920782;-0.864075;-0.0239444;0;0;0;0;0;0;4.4823;5.20483;-15.4587;-9.23067;101.32;31.4372;
9.467;0;0;-10.6958;0;0;0;0;0;0;0;0;0;0;0;0;0;0;0;0;-0;-0;0;0;0;
9.46803;0;0;-10.6958;0;0;0;-4.56218;-2.65836;20.9405;0.364561;-0.330568;0.0277621;0;0;0;0;0;0;4.56218;2.65836;-20.9405;-11.1813;136.257;14.8714;
9.469;0;0;-10.6958;0;0;0;0;0;0;0;0;0;0;0;0;0;0;0;0;-0;-0;0;0;0;
9.47004;0;0;-10.6958;0;0;0;0;0;0;0;0;0;0;0;0;0;0;0;0;-0;-0;0;0;0;
9.47101;0;0;-10.6958;0;0;0;-0.14848;-7.83353;22.9764;1.15032;-0.370844;-0.0436504;0;0;0;0;0;0;0.14848;7.83353;-22.9764;-13.5111;149.026;50.6461;
9.47204;0;0;-10.6958;0;0;0;1.37717;2.62978;9.12707;-0.482974;0.163005;0.0259088;0;0;0;0;0;0;-1.37717;-2.62978;-9.12707;-3.85217;58.7446;-16.3448;
9.47302;0;0;-10.6958;0;0;0;-2.6065;-1.94489;5.44594;0.323312;-0.294513;0.0495631;0;0;0;0;0;0;2.6065;1.94489;-5.44594;-3.26195;35.7869;11.2193;
9.47405;0;0;-10.6958;0;0;0;-2.97773;-7.32156;16.3441;0.834899;-0.386365;-0.0160267;0;0;0;0;0;0;2.97773;7.32156;-16.3441;-9.8029;106.419;45.881;
9.47502;0;0;-10.6958;0;0;0;3.44589;15.7251;44.0686;-2.26245;0.860585;-0.130174;0;0;0;0;0;0;-3.44589;-15.7251;-44.0686;-18.3659;283.887;-99.8635;
9.47606;0;0;-10.6958;0;0;0;1.78843;-0.633023;7.62681;0.472906;-0.464792;-0.14947;0;0;0;0;0;0;-1.78843;0.633023;-7.62681;-4.37895;49.6257;5.14574;
9.47703;0;0;-10.6958;0;0;0;1.57668;7.60109;22.0355;-0.987529;0.302975;-0.109966;0;0;0;0;0;0;-1.57668;-7.60109;-22.0355;-9.35345;142.093;-48.2692;
9.47801;0;0;-10.6958;0;0;0;0.742304;-0.0513282;2.89261;-0.17338;0.0446373;0.045285;0;0;0;0;0;0;-0.742304;0.0513282;-2.89261;-1.28915;18.5941;0.66077;
9.47904;0;0;-10.6958;0;0;0;0;0;0;0;0;0;0;0;0;0;0;0;0;-0;-0;0;0;0;
9.48002;0;0;-10.6958;0;0;0;0.34245;3.34689;13.626;-0.370247;0.0644522;-0.0666083;0;0;0;0;0;0;-0.34245;-3.34689;-13.626;-6.15978;88.0514;-21.4128;
9.48105;0;0;-10.6958;0;0;0;-6.15093;-6.8758;16.6005;0.87287;-0.439533;0.167066;0;0;0;0;0;0;6.15093;6.8758;-16.6005;-9.92538;108.449;41.2154;
9.48203;0;0;-10.6958;0;0;0;0;0;0;0;0;0;0;0;0;0;0;0;0;-0;-0;0;0;0;
9.483;0;0;-10.6958;0;0;0;-5.58121;-3.9528;67.9433;0.617471;-0.564948;-0.135425;0;0;0;0;0;0;5.58121;3.9528;-67.9433;-35.2455;440.668;22.8952;
9.48404;0;0;-10.6958;0;0;0;1.65573;-0.368838;6.83956;0.426006;-0.41732;-0.125633;0;0;0;0;0;0;-1.65573;0.368838;-6.83956;-3.90895;44.4985;3.34596;
9.48502;0;0;-10.6958;0;0;0;2.15014;9.52512;26.8084;-1.37726;0.52227;-0.0751028;0;0;0;0;0;0;-2.15014;-9.52512;-26.8084;-11.1758;172.693;-60.4623;
9.48606;0;0;-10.6958;0;0;0;-4.56756;-4.45323;13.1068;0.502312;-0.317428;0.0919778;0;0;0;0;0;0;4.56756;4.45323;-13.1068;-7.55199;85.5667;26.4159;
9.48703;0;0;-10.6958;0;0;0;-5.47901;1.96924;31.7453;-0.260483;-0.270848;-0.0240669;0;0;0;0;0;0;5.47901;-1.96924;-31.7453;-15.5366;206.188;-15.476;
9.488;0;0;-10.6958;0;0;0;0;0;0;0;0;0;0;0;0;0;0;0;0;-0;-0;0;0;0;
9.48904;0;0;-10.6958;0;0;0;5.40117;14.6724;51.649;-1.75415;0.367349;-0.297891;0;0;0;0;0;0;-5.40117;-14.6724;-51.649;-22.7989;333.224;-91.9003;
9.49002;0;0;-10.6958;0;0;0;0.483839;-0.191766;1.96603;0.0858551;-0.14848;-0.0356117;0;0;0;0;0;0;-0.483839;0.191766;-1.96603;-1.09561;12.8188;1.51998;
9.49106;0;0;-10.6958;0;0;0;1.03994;-3.49253;61.3547;-0.60341;-0.777218;0.274085;0;0;0;0;0;0;-1.03994;3.49253;-61.3547;-30.659;397.594;22.844;
9.49203;0;0;-10.6958;0;0;0;-0.0517756;1.09655;8.70373;-0.221721;0.00982016;-0.0304616;0;0;0;0;0;0;0.0517756;-1.09655;-8.70373;-4.0537;56.3022;-7.08954;
9.49301;0;0;-10.6958;0;0;0;-1.38054;-3.20368;11.7591;0.602477;-0.394319;0.0211379;0;0;0;0;0;0;1.38054;3.20368;-11.7591;-6.84795;76.6052;20.0088;
9.49405;0;0;-10.6958;0;0;0;1.61177;9.98715;26.9867;-1.37727;0.538439;-0.117006;0;0;0;0;0;0;-1.61177;-9.98715;-26.9867;-11.2193;173.884;-63.6805;
9.49503;0;0;-10.6958;0;0;0;0;0;0;0;0;0;0;0;0;0;0;0;0;-0;-0;0;0;0;
9.49601;0;0;-10.6958;0;0;0;0.889876;1.6347;5.75974;-0.305357;0.102384;0.0181193;0;0;0;0;0;0;-0.889876;-1.6347;-5.75974;-2.43288;37.0698;-10.1451;
9.49705;0;0;-10.6958;0;0;0;-2.13053;6.22256;45.2767;-0.94566;-0.151099;-0.129525;0;0;0;0;0;0;2.13053;-6.22256;-45.2767;-21.2431;293.272;-41.1994;
9.49802;0;0;-10.6958;0;0;0;0.0265621;-0.00804825;0.106068;0.00464824;-0.0080137;-0.00177211;0;0;0;0;0;0;-0.0265621;0.00804825;-0.106068;-0.0588949;0.691535;0.0672214;
9.49906;0;0;-10.6958;0;0;0;0;0;0;0;0;0;0;0;0;0;0;0;0;-0;-0;0;0;0;
9.50003;0;0;-10.6958;0;0;0;0;0;0;0;0;0;0;0;0;0;0;0;0;-0;-0;0;0;0;
9.50101;0;0;-10.6958;0;0;0;0;0;0;0;0;0;0;0;0;0;0;0;0;-0;-0;0;0;0;
9.50205;0;0;-10.6958;0;0;0;1.29004;-0.966742;5.76004;0.248659;-0.434108;-0.128549;0;0;0;0;0;0;-1.29004;0.966742;-5.76004;-3.24759;37.5682;7.03264;
9.50302;0;0;-10.6958;0;0;0;0;0;0;0;0;0;0;0;0;0;0;0;0;-0;-0;0;0;0;
9.504;0;0;-10.6958;0;0;0;4.1935;-3.69485;21.6065;-0.00207014;-0.100067;0.160604;0;0;0;0;0;0;-4.1935;3.69485;-21.6065;-11.2541;139.458;25.8552;
9.50504;0;0;-10.6958;0;0;0;0;0;0;0;0;0;0;0;0;0;0;0;0;-0;-0;0;0;0;
9.50601;0;0;-10.6958;0;0;0;0;0;0;0;0;0;0;0;0;0;0;0;0;-0;-0;0;0;0;
9.50705;0;0;-10.6958;0;0;0;3.42854;-2.46557;15.1656;0.549932;1.09917;0.0543743;0;0;0;0;0;0;-3.42854;2.46557;-15.1656;-8.43781;96.6676;17.6235;
9.50802;0;0;-10.6958;0;0;0;0;0;0;0;0;0;0;0;0;0;0;0;0;-0;-0;0;0;0;
9.50906;0;0;-10.6958;0;0;0;0;0;0;0;0;0;0;0;0;0;0;0;0;-0;-0;0;0;0;
9.51003;0;0;-10.6958;0;0;0;0;0;0;0;0;0;0;0;0;0;0;0;0;-0;-0;0;0;0;
9.51101;0;0;-10.6958;0;0;0;0.262209;0.0592073;1.0353;0.0449859;0.0741167;-0.0156321;0;0;0;0;0;0;-0.262209;-0.0592073;-1.0353;-0.560679;6.59728;-0.235286;
9.51204;0;0;-10.6958;0;0;0;-1.96398;9.02225;36.3578;-1.00482;0.183891;-0.185044;0;0;0;0;0;0;1.96398;-9.02225;-36.3578;-16.41;235.221;-59.1719;
9.51302;0;0;-10.6958;0;0;0;5.23367;-3.70094;23.1582;0.893083;1.38041;0.0445655;0;0;0;0;0;0;-5.23367;3.70094;-23.1582;-12.9317;147.912;26.5347;
9.51405;0;0;-10.6958;0;0;0;0;0;0;0;0;0;0;0;0;0;0;0;0;-0;-0;0;0;0;
9.51503;0;0;-10.6958;0;0;0;2.03867;0.837127;8.30882;-0.475418;0.130367;0.103515;0;0;0;0;0;0;-2.03867;-0.837127;-8.30882;-3.62703;53.4175;-4.49196;
9.516;0;0;-10.6958;0;0;0;-4.66784;-2.61471;10.7654;0.3014;-0.349401;0.0586359;0;0;0;0;0;0;4.66784;2.61471;-10.7654;-5.98726;70.4612;14.5048;
9.51703;0;0;-10.6958;0;0;0;-10.2106;-3.48642;34.7521;0.38936;-0.598879;0.077474;0;0;0;0;0;0;10.2106;3.48642;-34.7521;-18.2479;226.442;17.3327;
9.51805;0;0;-10.6958;0;0;0;0;0;0;0;0;0;0;0;0;0;0;0;0;-0;-0;0;0;0;
9.51902;0;0;-10.6958;0;0;0;0.21924;-0.0333777;0.858862;0.0378638;-0.0649197;-0.0121884;0;0;0;0;0;0;-0.21924;0.0333777;-0.858862;-0.473932;5.59917;0.338578;
9.52004;0;0;-10.6958;0;0;0;0;0;0;0;0;0;0;0;0;0;0;0;0;-0;-0;0;0;0;
9.52101;0;0;-10.6958;0;0;0;0;0;0;0;0;0;0;0;0;0;0;0;0;-0;-0;0;0;0;
9.52204;0;0;-10.6958;0;0;0;0.744238;3.79895;10.4889;-0.537201;0.206572;-0.0367008;0;0;0;0;0;0;-0.744238;-3.79895;-10.4889;-4.367;67.5741;-24.1647;
9.52301;0;0;-10.6958;0;0;0;2.09072;-0.551767;8.29826;0.474208;-0.540072;-0.155548;0;0;0;0;0;0;-2.09072;0.551767;-8.29826;-4.71043;54.0143;4.77846;
9.52404;0;0;-10.6958;0;0;0;0;0;0;0;0;0;0;0;0;0;0;0;0;-0;-0;0;0;0;
9.52501;0;0;-10.6958;0;0;0;-9.20225;-18.3531;55.8712;1.80569;-0.312219;0.451374;0;0;0;0;0;0;9.20225;18.3531;-55.8712;-31.7937;362.679;113.643;
9.52605;0;0;-10.6958;0;0;0;0.53843;-0.207705;2.18311;0.0839789;0.15676;-0.00579762;0;0;0;0;0;0;-0.53843;0.207705;-2.18311;-1.20471;13.9124;1.62078;
9.52701;0;0;-10.6958;0;0;0;4.32074;1.6089;17.472;-1.0032;0.273373;0.222913;0;0;0;0;0;0;-4.32074;-1.6089;-17.472;-7.63868;112.325;-8.45435;
9.52804;0;0;-10.6958;0;0;0;2.33187;-1.08762;9.62341;0.364563;0.692368;-0.0100883;0;0;0;0;0;0;-2.33187;1.08762;-9.62341;-5.32211;61.3305;8.22105;
9.52901;0;0;-10.6958;0;0;0;1.32649;9.6711;26.4722;-1.18879;0.430318;-0.166318;0;0;0;0;0;0;-1.32649;-9.6711;-26.4722;-11.1803;170.693;-61.7303;
9.53004;0;0;-10.6958;0;0;0;0.822205;2.26121;31.4888;-0.313218;0.282744;-0.0325525;0;0;0;0;0;0;-0.822205;-2.26121;-31.4888;-15.3255;203.344;-14.1815;
9.53101;0;0;-10.6958;0;0;0;0;0;0;0;0;0;0;0;0;0;0;0;0;-0;-0;0;0;0;
9.53204;0;0;-10.6958;0;0;0;0;0;0;0;0;0;0;0;0;0;0;0;0;-0;-0;0;0;0;
9.53301;0;0;-10.6958;0;0;0;0;0;0;0;0;0;0;0;0;0;0;0;0;-0;-0;0;0;0;
9.53404;0;0;-10.6958;0;0;0;-3.85624;-2.43294;13.587;0.585452;-0.974956;-0.00841747;0;0;0;0;0;0;3.85624;2.43294;-13.587;-7.67472;89.2588;13.8048;
9.53501;0;0;-10.6958;0;0;0;0;0;0;0;0;0;0;0;0;0;0;0;0;-0;-0;0;0;0;
9.53604;0;0;-10.6958;0;0;0;0;0;0;0;0;0;0;0;0;0;0;0;0;-0;-0;0;0;0;
9.53701;0;0;-10.6958;0;0;0;2.74705;4.18638;16.0002;-0.856403;0.278121;0.0742654;0;0;0;0;0;0;-2.74705;-4.18638;-16.0002;-6.78582;102.956;-25.773;
9.53804;0;0;-10.6958;0;0;0;1.96873;-4.04795;14.9378;0.6975;0.022602;0.00517111;0;0;0;0;0;0;-1.96873;4.04795;-14.9378;-8.62912;96.4168;27.174;
9.53901;0;0;-10.6958;0;0;0;-0.605974;-0.592955;1.4811;0.0873126;-0.0810885;0.00325929;0;0;0;0;0;0;0.605974;0.592955;-1.4811;-0.892932;9.72342;3.52741;
9.54004;0;0;-10.6958;0;0;0;0.583978;-0.451802;2.62749;0.0944717;0.190765;0.0118054;0;0;0;0;0;0;-0.583978;0.451802;-2.62749;-1.46354;16.7487;3.20525;
9.54101;0;0;-10.6958;0;0;0;0;0;0;0;0;0;0;0;0;0;0;0;0;-0;-0;0;0;0;
9.54204;0;0;-10.6958;0;0;0;0;0;0;0;0;0;0;0;0;0;0;0;0;-0;-0;0;0;0;
9.54302;0;0;-10.6958;0;0;0;0.760461;-0.313298;3.15533;0.169733;-0.0597917;-0.0355776;0;0;0;0;0;0;-0.760461;0.313298;-3.15533;-1.79088;20.3963;2.44553;
9.54405;0;0;-10.6958;0;0;0;5.56607;-2.9187;23.6294;1.04055;-0.433897;-0.211964;0;0;0;0;0;0;-5.56607;2.9187;-23.6294;-13.2382;152.741;21.8982;
9.54503;0;0;-10.6958;0;0;0;0;0;0;0;0;0;0;0;0;0;0;0;0;-0;-0;0;0;0;
9.546;0;0;-10.6958;0;0;0;1.00898;0.931067;4.76738;-0.262433;0.0784944;0.0402119;0;0;0;0;0;0;-1.00898;-0.931067;-4.76738;-2.0463;30.6618;-5.55516;
9.54703;0;0;-10.6958;0;0;0;0;0;0;0;0;0;0;0;0;0;0;0;0;-0;-0;0;0;0;
9.54801;0;0;-10.6958;0;0;0;1.52178;-0.320053;6.25175;0.270039;-0.0169915;-0.110378;0;0;0;0;0;0;-1.52178;0.320053;-6.25175;-3.45196;40.3088;2.94762;
9.54904;0;0;-10.6958;0;0;0;0.859064;0.183878;3.387;0.151563;-0.255975;-0.0245451;0;0;0;0;0;0;-0.859064;-0.183878;-3.387;-1.83965;22.0813;-0.732179;
9.55001;0;0;-10.6958;0;0;0;3.30086;-4.39134;18.4769;0.775616;0.542129;0.0663073;0;0;0;0;0;0;-3.30086;4.39134;-18.4769;-10.5247;118.659;30.0055;
9.55104;0;0;-10.6958;0;0;0;0;0;0;0;0;0;0;0;0;0;0;0;0;-0;-0;0;0;0;
9.55201;0;0;-10.6958;0;0;0;-1.84109;-1.11241;11.5664;0.384063;-0.714097;-0.100173;0;0;0;0;0;0;1.84109;1.11241;-11.5664;-6.32303;75.7242;6.36902;
9.55304;0;0;-10.6958;0;0;0;3.04365;2.66198;14.151;-0.78132;0.231878;0.12443;0;0;0;0;0;0;-3.04365;-2.66198;-14.151;-6.08191;91.01;-15.812;
9.554;0;0;-10.6958;0;0;0;0;0;0;0;0;0;0;0;0;0;0;0;0;-0;-0;0;0;0;
9.55503;0;0;-10.6958;0;0;0;1.39975;1.61172;7.81199;-0.208681;-0.00225888;-0.0131532;0;0;0;0;0;0;-1.39975;-1.61172;-7.81199;-3.56588;50.3998;-9.70823;
9.55605;0;0;-10.6958;0;0;0;0;0;0;0;0;0;0;0;0;0;0;0;0;-0;-0;0;0;0;
9.55702;0;0;-10.6958;0;0;0;0.595548;-0.334741;2.51764;0.0937329;0.181612;0.00197427;0;0;0;0;0;0;-0.595548;0.334741;-2.51764;-1.39574;16.046;2.46361;
9.55805;0;0;-10.6958;0;0;0;0;0;0;0;0;0;0;0;0;0;0;0;0;-0;-0;0;0;0;
9.55902;0;0;-10.6958;0;0;0;-1.02522;-2.43933;13.0091;0.743494;-0.708383;-0.0786473;0;0;0;0;0;0;1.02522;2.43933;-13.0091;-7.54224;84.97;15.3427;
9.56005;0;0;-10.6958;0;0;0;0;0;0;0;0;0;0;0;0;0;0;0;0;-0;-0;0;0;0;
9.56102;0;0;-10.6958;0;0;0;3.17872;4.11667;17.0946;-0.923161;0.291545;0.101451;0;0;0;0;0;0;-3.17872;-4.11667;-17.0946;-7.27748;109.98;-25.1317;
9.56206;0;0;-10.6958;0;0;0;0.738913;-0.846192;3.76999;0.129073;0.27695;0.0368648;0;0;0;0;0;0;-0.738913;0.846192;-3.76999;-2.11328;24.0381;5.80966;
9.56303;0;0;-10.6958;0;0;0;2.24043;-8.08105;25.0245;1.11925;0.204402;0.0754362;0;0;0;0;0;0;-2.24043;8.08105;-25.0245;-14.5368;161.461;53.3317;
9.56406;0;0;-10.6958;0;0;0;2.82243;12.3641;44.1428;-1.22374;0.165096;-0.290975;0;0;0;0;0;0;-2.82243;-12.3641;-44.1428;-19.7788;285.123;-78.2736;
9.56503;0;0;-10.6958;0;0;0;0.828752;4.94895;13.4228;-0.685461;0.267189;-0.0561898;0;0;0;0;0;0;-0.828752;-4.94895;-13.4228;-5.58183;86.4854;-31.5422;
9.56606;0;0;-10.6958;0;0;0;2.14073;-0.553171;8.4897;0.372694;-0.641531;-0.135778;0;0;0;0;0;0;-2.14073;0.553171;-8.4897;-4.70553;55.3492;4.79296;
9.56703;0;0;-10.6958;0;0;0;0;0;0;0;0;0;0;0;0;0;0;0;0;-0;-0;0;0;0;
9.568;0;0;-10.6958;0;0;0;-0.231076;11.7818;47.1848;-1.13417;-0.265663;-0.319034;0;0;0;0;0;0;0.231076;-11.7818;-47.1848;-21.4594;305.539;-76.0168;
9.56904;0;0;-10.6958;0;0;0;0.936065;-0.147882;3.66886;0.161709;-0.277316;-0.0524361;0;0;0;0;0;0;-0.936065;0.147882;-3.66886;-2.02503;23.9184;1.48075;
9.57001;0;0;-10.6958;0;0;0;1.97225;-0.829852;8.05567;0.497945;-0.491735;-0.172567;0;0;0;0;0;0;-1.97225;0.829852;-8.05567;-4.63981;52.4084;6.53478;
9.57104;0;0;-10.6958;0;0;0;7.46873;5.21066;32.874;-0.792614;1.10248;0.0012273;0;0;0;0;0;0;-7.46873;-5.21066;-32.874;-15.2487;210.82;-29.9472;
9.57201;0;0;-10.6958;0;0;0;0;0;0;0;0;0;0;0;0;0;0;0;0;-0;-0;0;0;0;
9.57304;0;0;-10.6958;0;0;0;0;0;0;0;0;0;0;0;0;0;0;0;0;-0;-0;0;0;0;
9.57401;0;0;-10.6958;0;0;0;-6.57488;0.212351;57.3327;-0.0811577;-0.257296;0.0169004;0;0;0;0;0;0;6.57488;-0.212351;-57.3327;-28.784;371.815;-4.70333;
9.57505;0;0;-10.6958;0;0;0;-2.4655;-2.23694;6.11892;0.362768;-0.335361;0.0235698;0;0;0;0;0;0;2.4655;2.23694;-6.11892;-3.66973;40.1671;13.2055;
9.57602;0;0;-10.6958;0;0;0;0;0;0;0;0;0;0;0;0;0;0;0;0;-0;-0;0;0;0;
9.57705;0;0;-10.6958;0;0;0;5.88112;6.6092;41.6963;-0.821548;0.831613;-0.130491;0;0;0;0;0;0;-5.88112;-6.6092;-41.6963;-19.5248;268.323;-39.6629;
9.57802;0;0;-10.6958;0;0;0;0.746308;-1.0052;4.08716;0.137058;0.302047;0.0492589;0;0;0;0;0;0;-0.746308;1.0052;-4.08716;-2.29699;26.064;6.82962;
9.57906;0;0;-10.6958;0;0;0;0;0;0;0;0;0;0;0;0;0;0;0;0;-0;-0;0;0;0;
9.58003;0;0;-10.6958;0;0;0;0;0;0;0;0;0;0;0;0;0;0;0;0;-0;-0;0;0;0;
9.581;0;0;-10.6958;0;0;0;-0.492431;-3.68875;9.83227;0.456096;-0.00666635;0.0501318;0;0;0;0;0;0;0.492431;3.68875;-9.83227;-5.77939;63.6634;23.5652;
9.58204;0;0;-10.6958;0;0;0;-9.85694;1.42846;81.2639;-0.173509;-0.0378656;-0.0283593;0;0;0;0;0;0;9.85694;-1.42846;-81.2639;-40.6273;526.742;-14.179;
9.58301;0;0;-10.6958;0;0;0;0;0;0;0;0;0;0;0;0;0;0;0;0;-0;-0;0;0;0;
9.58404;0;0;-10.6958;0;0;0;0.0667612;-0.0005273;0.259799;0.0107853;0.0185673;-0.00273383;0;0;0;0;0;0;-0.0667612;0.0005273;-0.259799;-0.141735;1.65545;0.0397819;
9.58502;0;0;-10.6958;0;0;0;0.813474;2.92549;17.0626;-0.41825;0.0709215;-0.0295537;0;0;0;0;0;0;-0.813474;-2.92549;-17.0626;-7.88558;110.23;-18.4863;
9.58605;0;0;-10.6958;0;0;0;-0.203504;-0.18881;1.51577;0.0659016;-0.110376;-0.00490093;0;0;0;0;0;0;0.203504;0.18881;-1.51577;-0.848516;9.93668;1.12382;
9.58703;0;0;-10.6958;0;0;0;4.38076;5.87356;35.5926;-0.842772;0.680972;-0.132626;0;0;0;0;0;0;-4.38076;-5.87356;-35.5926;-16.5019;229.137;-35.6577;
9.58801;0;0;-10.6958;0;0;0;-3.74182;-2.81898;41.3692;0.282507;-0.355222;0.0441757;0;0;0;0;0;0;3.74182;2.81898;-41.3692;-21.4082;268.357;16.3072;
9.58904;0;0;-10.6958;0;0;0;0;0;0;0;0;0;0;0;0;0;0;0;0;-0;-0;0;0;0;
9.59002;0;0;-10.6958;0;0;0;-0.352904;-0.491454;5.02385;0.219378;-0.36811;-0.0205998;0;0;0;0;0;0;0.352904;0.491454;-5.02385;-2.79981;32.904;3.02213;
9.59106;0;0;-10.6958;0;0;0;10.5081;1.33369;41.1103;-0.201537;1.8584;-0.0213405;0;0;0;0;0;0;-10.5081;-1.33369;-41.1103;-20.3779;263.042;-3.31225;
9.59203;0;0;-10.6958;0;0;0;0.182545;-0.0744475;0.743541;0.028481;0.0534175;-0.00164385;0;0;0;0;0;0;-0.182545;0.0744475;-0.743541;-0.410562;4.73845;0.575236;
9.59301;0;0;-10.6958;0;0;0;0;0;0;0;0;0;0;0;0;0;0;0;0;-0;-0;0;0;0;
9.59404;0;0;-10.6958;0;0;0;0;0;0;0;0;0;0;0;0;0;0;0;0;-0;-0;0;0;0;
9.59502;0;0;-10.6958;0;0;0;0.821204;-0.747542;3.89477;-0.240007;0.0696149;0.0668472;0;0;0;0;0;0;-0.821204;0.747542;-3.89477;-1.7972;25.0444;5.18294;
9.59605;0;0;-10.6958;0;0;0;0;0;0;0;0;0;0;0;0;0;0;0;0;-0;-0;0;0;0;
9.59702;0;0;-10.6958;0;0;0;0;0;0;0;0;0;0;0;0;0;0;0;0;-0;-0;0;0;0;
9.59805;0;0;-10.6958;0;0;0;-0.778617;-0.443369;2.07878;0.0890671;-0.147821;0.00183277;0;0;0;0;0;0;0.778617;0.443369;-2.07878;-1.18084;13.6739;2.47413;
9.59901;0;0;-10.6958;0;0;0;0.452253;-1.18452;3.71032;0.115526;0.281563;0.0758073;0;0;0;0;0;0;-0.452253;1.18452;-3.71032;-2.10356;23.6761;7.81498;
9.60005;0;0;-10.6958;0;0;0;0.318917;2.65725;9.75776;-0.484336;0.220248;-0.0490266;0;0;0;0;0;0;-0.318917;-2.65725;-9.75776;-4.1659;62.8731;-16.9807;
9.60102;0;0;-10.6958;0;0;0;-5.87301;7.45452;43.5697;-0.816592;-0.0258901;-0.146695;0;0;0;0;0;0;5.87301;-7.45452;-43.5697;-20.389;282.477;-51.0374;
9.602;0;0;-10.6958;0;0;0;-5.9156;-4.43283;12.3861;0.735232;-0.669952;0.111379;0;0;0;0;0;0;5.9156;4.43283;-12.3861;-7.41976;81.3908;25.5852;
9.60304;0;0;-10.6958;0;0;0;0;0;0;0;0;0;0;0;0;0;0;0;0;-0;-0;0;0;0;
9.60402;0;0;-10.6958;0;0;0;0;0;0;0;0;0;0;0;0;0;0;0;0;-0;-0;0;0;0;
9.60505;0;0;-10.6958;0;0;0;0;0;0;0;0;0;0;0;0;0;0;0;0;-0;-0;0;0;0;
9.60603;0;0;-10.6958;0;0;0;1.4336;0.0151136;7.24119;0.254772;-0.475457;-0.114968;0;0;0;0;0;0;-1.4336;-0.0151136;-7.24119;-3.90166;47.1769;0.739498;
9.607;0;0;-10.6958;0;0;0;3.93353;-1.6376;16.4825;-0.0247691;-0.605342;-0.0153569;0;0;0;0;0;0;-3.93353;1.6376;-16.4825;-8.44376;106.84;12.5912;
9.60804;0;0;-10.6958;0;0;0;0;0;0;0;0;0;0;0;0;0;0;0;0;-0;-0;0;0;0;
9.609;0;0;-10.6958;0;0;0;-2.54738;9.62668;33.3742;-1.05836;0.0974727;-0.192126;0;0;0;0;0;0;2.54738;-9.62668;-33.3742;-14.7928;216.063;-63.3687;
9.61004;0;0;-10.6958;0;0;0;0;0;0;0;0;0;0;0;0;0;0;0;0;-0;-0;0;0;0;
9.61101;0;0;-10.6958;0;0;0;0.116326;0.175163;0.673308;-0.0360614;0.0116875;0.00318973;0;0;0;0;0;0;-0.116326;-0.175163;-0.673308;-0.285636;4.33245;-1.07775;
9.61205;0;0;-10.6958;0;0;0;0.947824;2.94408;8.85691;-0.404578;0.197338;-0.0236608;0;0;0;0;0;0;-0.947824;-2.94408;-8.85691;-3.76306;57.0052;-18.5448;
9.61302;0;0;-10.6958;0;0;0;0.511935;0.0775338;2.00535;-0.117601;0.0310096;0.0288228;0;0;0;0;0;0;-0.511935;-0.0775338;-2.00535;-0.885009;12.8908;-0.272474;
9.61406;0;0;-10.6958;0;0;0;0.505581;0.0347753;1.97012;0.0876453;-0.148937;-0.019863;0;0;0;0;0;0;-0.505581;-0.0347753;-1.97012;-1.07679;12.8435;0.0496255;
9.61503;0;0;-10.6958;0;0;0;0;0;0;0;0;0;0;0;0;0;0;0;0;-0;-0;0;0;0;
9.61606;0;0;-10.6958;0;0;0;0.906162;-0.390152;3.70977;-0.0515339;0.158432;0.0301366;0;0;0;0;0;0;-0.906162;0.390152;-3.70977;-1.85667;23.7502;2.95041;
9.61703;0;0;-10.6958;0;0;0;2.61213;5.51598;18.458;-0.972193;0.33363;0.0378805;0;0;0;0;0;0;-2.61213;-5.51598;-18.458;-7.7753;118.814;-34.4059;
9.618;0;0;-10.6958;0;0;0;0;0;0;0;0;0;0;0;0;0;0;0;0;-0;-0;0;0;0;
9.61904;0;0;-10.6958;0;0;0;0.208517;-0.348766;1.27773;0.0417192;0.0952366;0.0191873;0;0;0;0;0;0;-0.208517;0.348766;-1.27773;-0.720417;8.1498;2.34212;
9.62001;0;0;-10.6958;0;0;0;0;0;0;0;0;0;0;0;0;0;0;0;0;-0;-0;0;0;0;
9.62105;0;0;-10.6958;0;0;0;-0.06753;-4.25775;14.6417;0.760996;-0.330391;-0.0255226;0;0;0;0;0;0;0.06753;4.25775;-14.6417;-8.56449;95.058;27.5359;
9.62202;0;0;-10.6958;0;0;0;-2.45233;-10.82;36.3507;1.44334;-0.499927;0.106102;0;0;0;0;0;0;2.45233;10.82;-36.3507;-20.8419;235.907;68.6553;
9.62306;0;0;-10.6958;0;0;0;2.44339;-5.29283;21.9113;1.15815;-0.559099;-0.151421;0;0;0;0;0;0;-2.44339;5.29283;-21.9113;-12.728;142.064;35.623;
9.62404;0;0;-10.6958;0;0;0;2.8624;-0.419048;11.2082;0.0840355;0.596763;0.00191235;0;0;0;0;0;0;-2.8624;0.419048;-11.2082;-5.77316;71.6252;4.1512;
9.62501;0;0;-10.6958;0;0;0;0;0;0;0;0;0;0;0;0;0;0;0;0;-0;-0;0;0;0;
9.62605;0;0;-10.6958;0;0;0;0.826655;5.82218;15.5484;-0.791948;0.312578;-0.0749413;0;0;0;0;0;0;-0.826655;-5.82218;-15.5484;-6.4589;100.191;-37.1736;
9.62703;0;0;-10.6958;0;0;0;0.651781;2.62767;7.50488;-0.386448;0.145074;-0.0172324;0;0;0;0;0;0;-0.651781;-2.62767;-7.50488;-3.13167;48.3405;-16.6534;
9.628;0;0;-10.6958;0;0;0;0;0;0;0;0;0;0;0;0;0;0;0;0;-0;-0;0;0;0;
9.62904;0;0;-10.6958;0;0;0;0;0;0;0;0;0;0;0;0;0;0;0;0;-0;-0;0;0;0;
9.63001;0;0;-10.6958;0;0;0;0;0;0;0;0;0;0;0;0;0;0;0;0;-0;-0;0;0;0;
9.63105;0;0;-10.6958;0;0;0;0.695941;0.0129898;2.70853;0.10627;0.189813;-0.0282743;0;0;0;0;0;0;-0.695941;-0.0129898;-2.70853;-1.46964;17.2626;0.294884;
9.63203;0;0;-10.6958;0;0;0;0;0;0;0;0;0;0;0;0;0;0;0;0;-0;-0;0;0;0;
9.63301;0;0;-10.6958;0;0;0;1.78877;-4.57153;14.9742;0.633282;0.31798;0.0827045;0;0;0;0;0;0;-1.78877;4.57153;-14.9742;-8.63569;96.3742;30.3928;
9.63405;0;0;-10.6958;0;0;0;-7.12692;-4.62815;13.9743;0.833102;-0.751511;0.17599;0;0;0;0;0;0;7.12692;4.62815;-13.9743;-8.33742;91.8683;26.1738;
9.63502;0;0;-10.6958;0;0;0;1.67528;-0.247245;6.5602;0.289267;-0.495877;-0.0925588;0;0;0;0;0;0;-1.67528;0.247245;-6.5602;-3.61933;42.7676;2.53612;
9.63606;0;0;-10.6958;0;0;0;0;0;0;0;0;0;0;0;0;0;0;0;0;-0;-0;0;0;0;
9.63704;0;0;-10.6958;0;0;0;1.25842;11.5019;30.1341;-1.52986;0.613687;-0.170351;0;0;0;0;0;0;-1.25842;-11.5019;-30.1341;-12.5011;194.205;-73.6043;
9.63801;0;0;-10.6958;0;0;0;0.261755;0.211239;1.19035;-0.0660135;0.0193737;0.0110782;0;0;0;0;0;0;-0.261755;-0.211239;-1.19035;-0.512579;7.65505;-1.24575;
9.63905;0;0;-10.6958;0;0;0;0.0262711;-0.266026;0.692738;0.0201012;0.0544727;0.0201564;0;0;0;0;0;0;-0.0262711;0.266026;-0.692738;-0.395772;4.42438;1.71407;
9.64003;0;0;-10.6958;0;0;0;1.96847;-0.83139;8.04303;0.307238;0.578026;-0.0154451;0;0;0;0;0;0;-1.96847;0.83139;-8.04303;-4.44291;51.2571;6.38569;
9.641;0;0;-10.6958;0;0;0;0;0;0;0;0;0;0;0;0;0;0;0;0;-0;-0;0;0;0;
9.64204;0;0;-10.6958;0;0;0;0.59888;5.97724;15.8636;-0.807158;0.32453;-0.0918078;0;0;0;0;0;0;-0.59888;-5.97724;-15.8636;-6.58701;102.241;-38.2746;
9.64302;0;0;-10.6958;0;0;0;-15.0272;-16.9686;41.0115;2.23441;-1.45643;0.275254;0;0;0;0;0;0;15.0272;16.9686;-41.0115;-24.597;268.274;101.927;
9.64405;0;0;-10.6958;0;0;0;-5.52179;-2.1486;44.1718;0.767509;-2.07473;-0.356502;0;0;0;0;0;0;5.52179;2.1486;-44.1718;-23.2383;288.385;11.4742;
9.64502;0;0;-10.6958;0;0;0;1.98318;4.54483;14.804;-0.776965;0.270147;0.0211489;0;0;0;0;0;0;-1.98318;-4.54483;-14.804;-6.22677;95.3018;-28.4235;
9.64606;0;0;-10.6958;0;0;0;3.29608;-2.05214;14.2116;0.551077;0.866996;0.0104683;0;0;0;0;0;0;-3.29608;2.05214;-14.2116;-7.91699;90.7411;14.926;
9.64703;0;0;-10.6958;0;0;0;3.22583;4.32124;24.2129;-0.766908;0.0754797;0.0127501;0;0;0;0;0;0;-3.22583;-4.32124;-24.2129;-10.9998;156.24;-26.3425;
9.648;0;0;-10.6958;0;0;0;5.27804;-11.1945;41.4973;0.953871;0.585695;0.313328;0;0;0;0;0;0;-5.27804;11.1945;-41.4973;-22.983;267.341;74.7658;
9.64903;0;0;-10.6958;0;0;0;0;0;0;0;0;0;0;0;0;0;0;0;0;-0;-0;0;0;0;
9.65;0;0;-10.6958;0;0;0;-3.47529;-3.25158;8.39818;0.496147;-0.459402;0.0274431;0;0;0;0;0;0;3.47529;3.25158;-8.39818;-5.05312;55.1371;19.2568;
9.65103;0;0;-10.6958;0;0;0;0.692719;-0.37262;2.90984;0.108803;0.209759;0.000959038;0;0;0;0;0;0;-0.692719;0.37262;-2.90984;-1.61222;18.5453;2.75862;
9.65206;0;0;-10.6958;0;0;0;0;0;0;0;0;0;0;0;0;0;0;0;0;-0;-0;0;0;0;
9.65303;0;0;-10.6958;0;0;0;8.09658;-3.41319;33.0836;0.521922;1.96206;0.082308;0;0;0;0;0;0;-8.09658;3.41319;-33.0836;-17.5326;211.252;26.0778;
9.65405;0;0;-10.6958;0;0;0;0;0;0;0;0;0;0;0;0;0;0;0;0;-0;-0;0;0;0;
9.65502;0;0;-10.6958;0;0;0;-9.51428;-2.70283;15.3226;0.368501;-0.773845;0.0809601;0;0;0;0;0;0;9.51428;2.70283;-15.3226;-8.35934;100.852;12.6106;
9.65605;0;0;-10.6958;0;0;0;-8.83299;-3.41657;14.8773;0.635702;-1.03476;0.139798;0;0;0;0;0;0;8.83299;3.41657;-14.8773;-8.47364;98.1638;17.5124;
9.65702;0;0;-10.6958;0;0;0;-4.71312;-3.30933;9.5644;0.568835;-0.515935;0.101793;0;0;0;0;0;0;4.71312;3.30933;-9.5644;-5.71919;62.8622;18.9324;
9.65805;0;0;-10.6958;0;0;0;2.07262;-1.11469;8.72141;0.337616;0.560843;-0.00332439;0;0;0;0;0;0;-2.07262;1.11469;-8.72141;-4.84346;55.6524;8.25877;
9.65902;0;0;-10.6958;0;0;0;0.772798;0.0829201;3.20774;0.144748;-0.0487641;-0.0603027;0;0;0;0;0;0;-0.772798;-0.0829201;-3.20774;-1.75264;20.7229;-0.0867579;
9.66005;0;0;-10.6958;0;0;0;0.447944;0.100661;1.9265;0.103257;0.0271648;-0.0428272;0;0;0;0;0;0;-0.447944;-0.100661;-1.9265;-1.06383;12.391;-0.382679;
9.66103;0;0;-10.6958;0;0;0;0;0;0;0;0;0;0;0;0;0;0;0;0;-0;-0;0;0;0;
9.662;0;0;-10.6958;0;0;0;0;0;0;0;0;0;0;0;0;0;0;0;0;-0;-0;0;0;0;
9.66304;0;0;-10.6958;0;0;0;0;0;0;0;0;0;0;0;0;0;0;0;0;-0;-0;0;0;0;
9.66401;0;0;-10.6958;0;0;0;-0.851575;-4.57425;54.0602;0.300196;-0.375251;0.0956428;0;0;0;0;0;0;0.851575;4.57425;-54.0602;-27.9961;350.188;29.0672;
9.66504;0;0;-10.6958;0;0;0;0.122705;-0.110361;0.575238;0.0203081;0.0419327;0.00371298;0;0;0;0;0;0;-0.122705;0.110361;-0.575238;-0.321189;3.66712;0.772064;
9.66602;0;0;-10.6958;0;0;0;0.672567;-0.305247;2.76752;0.105089;0.199051;-0.00358439;0;0;0;0;0;0;-0.672567;0.305247;-2.76752;-1.53005;17.6373;2.31716;
9.66705;0;0;-10.6958;0;0;0;-2.1892;-5.05255;32.5582;0.613103;-0.263039;0.0991444;0;0;0;0;0;0;2.1892;5.05255;-32.5582;-17.5233;211.109;31.4839;
9.66802;0;0;-10.6958;0;0;0;-3.41866;-2.41054;6.95106;0.413358;-0.375024;0.0732432;0;0;0;0;0;0;3.41866;2.41054;-6.95106;-4.15699;45.6853;13.7986;
9.66906;0;0;-10.6958;0;0;0;4.3499;-1.01091;17.259;-0.20938;-0.253996;0.0231445;0;0;0;0;0;0;-4.3499;1.01091;-17.259;-8.58766;111.471;8.7083;
9.67003;0;0;-10.6958;0;0;0;-11.2072;-8.71165;48.8146;0.758725;-0.656568;0.146588;0;0;0;0;0;0;11.2072;8.71165;-48.8146;-26.226;317.571;50.5644;
9.67106;0;0;-10.6958;0;0;0;1.20085;0.627139;5.58849;-0.0910311;-0.0493951;-0.0119816;0;0;0;0;0;0;-1.20085;-0.627139;-5.58849;-2.66188;36.0823;-3.44008;
9.67203;0;0;-10.6958;0;0;0;1.34005;3.34725;11.1372;-0.415057;0.184283;-0.0455803;0;0;0;0;0;0;-1.34005;-3.34725;-11.1372;-4.86112;71.7303;-20.9334;
9.67306;0;0;-10.6958;0;0;0;1.19413;4.04176;11.9185;-0.616738;0.226734;-0.0150974;0;0;0;0;0;0;-1.19413;-4.04176;-11.9185;-4.98356;76.7572;-25.5303;
9.67403;0;0;-10.6958;0;0;0;-7.33987;-7.90782;19.6108;1.12378;-1.06062;0.00753359;0;0;0;0;0;0;7.33987;7.90782;-19.6108;-11.7965;128.662;47.4517;
9.675;0;0;-10.6958;0;0;0;-0.0758233;-0.720793;4.01735;0.245371;-0.23503;-0.037538;0;0;0;0;0;0;0.0758233;0.720793;-4.01735;-2.34166;26.2317;4.6623;
9.67604;0;0;-10.6958;0;0;0;0;0;0;0;0;0;0;0;0;0;0;0;0;-0;-0;0;0;0;
9.67701;0;0;-10.6958;0;0;0;0;0;0;0;0;0;0;0;0;0;0;0;0;-0;-0;0;0;0;
9.67805;0;0;-10.6958;0;0;0;0;0;0;0;0;0;0;0;0;0;0;0;0;-0;-0;0;0;0;
9.67902;0;0;-10.6958;0;0;0;0;0;0;0;0;0;0;0;0;0;0;0;0;-0;-0;0;0;0;
9.68005;0;0;-10.6958;0;0;0;0.728588;-0.220706;2.90936;0.113751;0.208547;-0.012666;0;0;0;0;0;0;-0.728588;0.220706;-2.90936;-1.60171;18.5398;1.80756;
9.68103;0;0;-10.6958;0;0;0;0.566521;0.0949595;2.22322;-0.0601385;0.0730318;0.0117903;0;0;0;0;0;0;-0.566521;-0.0949595;-2.22322;-1.0505;14.2527;-0.340667;
9.68206;0;0;-10.6958;0;0;0;3.5227;-4.82005;19.977;0.716106;0.481263;0.0881792;0;0;0;0;0;0;-3.5227;4.82005;-19.977;-11.2641;128.402;32.8687;
9.68303;0;0;-10.6958;0;0;0;1.68397;-3.61905;12.4932;0.456579;0.632873;0.170797;0;0;0;0;0;0;-1.68397;3.61905;-12.4932;-7.11359;80.0195;24.0901;
9.68405;0;0;-10.6958;0;0;0;-6.95494;13.0346;53.6521;-1.34652;-0.166922;-0.34124;0;0;0;0;0;0;6.95494;-13.0346;-53.6521;-24.3804;347.95;-87.4868;
9.68502;0;0;-10.6958;0;0;0;0;0;0;0;0;0;0;0;0;0;0;0;0;-0;-0;0;0;0;
9.68604;0;0;-10.6958;0;0;0;0;0;0;0;0;0;0;0;0;0;0;0;0;-0;-0;0;0;0;
9.68701;0;0;-10.6958;0;0;0;4.26286;6.55737;24.9517;-1.33487;0.434194;0.113948;0;0;0;0;0;0;-4.26286;-6.55737;-24.9517;-10.5802;160.557;-40.3872;
9.68804;0;0;-10.6958;0;0;0;0;0;0;0;0;0;0;0;0;0;0;0;0;-0;-0;0;0;0;
9.68902;0;0;-10.6958;0;0;0;0;0;0;0;0;0;0;0;0;0;0;0;0;-0;-0;0;0;0;
9.69005;0;0;-10.6958;0;0;0;4.14395;8.48813;28.7395;-1.28334;0.645308;-0.0081123;0;0;0;0;0;0;-4.14395;-8.48813;-28.7395;-12.3468;184.862;-52.8155;
9.69102;0;0;-10.6958;0;0;0;0.015561;-0.0129324;0.0713196;-0.00454269;0.00116352;0.00120214;0;0;0;0;0;0;-0.015561;0.0129324;-0.0713196;-0.0326862;0.45866;0.0903007;
9.69206;0;0;-10.6958;0;0;0;4.69866;0.688588;18.4072;0.0526496;0.909909;-0.0521124;0;0;0;0;0;0;-4.69866;-0.688588;-18.4072;-9.25803;117.7;-2.03513;
9.69303;0;0;-10.6958;0;0;0;2.24604;-0.347073;8.80053;0.387952;-0.665208;-0.125246;0;0;0;0;0;0;-2.24604;0.347073;-8.80053;-4.85679;57.3728;3.50218;
9.69401;0;0;-10.6958;0;0;0;-6.46518;-0.514188;13.9424;0.0579414;-0.43749;0.0172006;0;0;0;0;0;0;6.46518;0.514188;-13.9424;-7.13423;91.2816;0.0517578;
9.69504;0;0;-10.6958;0;0;0;0.780299;0.607154;3.51575;-0.19536;0.0570519;0.0335063;0;0;0;0;0;0;-0.780299;-0.607154;-3.51575;-1.51522;22.609;-3.56817;
9.69602;0;0;-10.6958;0;0;0;-1.15888;11.2142;59.1603;-1.71933;0.0431728;-0.105805;0;0;0;0;0;0;1.15888;-11.2142;-59.1603;-26.9652;382.794;-73.0249;
9.69705;0;0;-10.6958;0;0;0;-4.1103;-7.71576;34.3241;0.937313;-0.15715;0.118144;0;0;0;0;0;0;4.1103;7.71576;-34.3241;-19.0039;222.619;47.7258;
9.69803;0;0;-10.6958;0;0;0;1.43738;2.31698;8.62845;-0.460473;0.150983;0.0361654;0;0;0;0;0;0;-1.43738;-2.31698;-8.62845;-3.65488;55.5243;-14.301;
9.699;0;0;-10.6958;0;0;0;0;0;0;0;0;0;0;0;0;0;0;0;0;-0;-0;0;0;0;
9.70004;0;0;-10.6958;0;0;0;0;0;0;0;0;0;0;0;0;0;0;0;0;-0;-0;0;0;0;
9.70102;0;0;-10.6958;0;0;0;1.49987;-0.383113;5.94568;0.261048;-0.449293;-0.0948028;0;0;0;0;0;0;-1.49987;0.383113;-5.94568;-3.2951;38.763;3.32894;
9.70205;0;0;-10.6958;0;0;0;0.342172;-0.0422478;1.3374;-0.0805881;0.0206606;0.021271;0;0;0;0;0;0;-0.342172;0.0422478;-1.3374;-0.597482;8.597;0.42444;
9.70303;0;0;-10.6958;0;0;0;-4.62741;6.13223;43.289;-0.830438;-0.0584146;-0.0622247;0;0;0;0;0;0;4.62741;-6.13223;-43.289;-20.3663;280.568;-41.9399;
9.70401;0;0;-10.6958;0;0;0;0;0;0;0;0;0;0;0;0;0;0;0;0;-0;-0;0;0;0;
9.70505;0;0;-10.6958;0;0;0;0;0;0;0;0;0;0;0;0;0;0;0;0;-0;-0;0;0;0;
9.70602;0;0;-10.6958;0;0;0;0.7627;1.34984;4.82829;-0.256447;0.0854423;0.0166226;0;0;0;0;0;0;-0.7627;-1.34984;-4.82829;-2.04108;31.0734;-8.36474;
9.70706;0;0;-10.6958;0;0;0;0;0;0;0;0;0;0;0;0;0;0;0;0;-0;-0;0;0;0;
9.70803;0;0;-10.6958;0;0;0;0;0;0;0;0;0;0;0;0;0;0;0;0;-0;-0;0;0;0;
9.70901;0;0;-10.6958;0;0;0;0;0;0;0;0;0;0;0;0;0;0;0;0;-0;-0;0;0;0;
9.71005;0;0;-10.6958;0;0;0;-4.18468;-3.67143;9.55135;0.564538;-0.520249;0.0473602;0;0;0;0;0;0;4.18468;3.67143;-9.55135;-5.74458;62.729;21.5955;
9.71103;0;0;-10.6958;0;0;0;0;0;0;0;0;0;0;0;0;0;0;0;0;-0;-0;0;0;0;
9.712;0;0;-10.6958;0;0;0;0;0;0;0;0;0;0;0;0;0;0;0;0;-0;-0;0;0;0;
9.71304;0;0;-10.6958;0;0;0;0.53113;1.40082;4.37961;-0.228566;0.0811942;0.00174899;0;0;0;0;0;0;-0.53113;-1.40082;-4.37961;-1.83779;28.1982;-8.79636;
9.71401;0;0;-10.6958;0;0;0;1.90058;-0.95861;7.94665;0.337066;0.350306;-0.0262372;0;0;0;0;0;0;-1.90058;0.95861;-7.94665;-4.43693;50.8679;7.18528;
9.71504;0;0;-10.6958;0;0;0;1.3526;-0.0759762;5.3745;0.237762;-0.216398;-0.0854607;0;0;0;0;0;0;-1.3526;0.0759762;-5.3745;-2.95328;34.8497;1.25847;
9.71601;0;0;-10.6958;0;0;0;2.63429;-1.72598;11.4309;0.418827;0.826865;0.0283304;0;0;0;0;0;0;-2.63429;1.72598;-11.4309;-6.35107;72.8584;12.4647;
9.71704;0;0;-10.6958;0;0;0;-2.49249;-1.64041;7.71941;0.33284;-0.51177;-0.0270465;0;0;0;0;0;0;2.49249;1.64041;-7.71941;-4.38648;50.6998;9.38339;
9.71801;0;0;-10.6958;0;0;0;-0.489322;-3.37321;9.04863;0.425476;-0.0306017;0.0393278;0;0;0;0;0;0;0.489322;3.37321;-9.04863;-5.32236;58.6171;21.5361;
9.71904;0;0;-10.6958;0;0;0;2.86147;6.04197;20.2187;-1.06495;0.36542;0.041519;0;0;0;0;0;0;-2.86147;-6.04197;-20.2187;-8.51709;130.147;-37.6865;
9.72002;0;0;-10.6958;0;0;0;2.86367;-1.40807;11.8899;0.44831;0.856014;-0.0066008;0;0;0;0;0;0;-2.86367;1.40807;-11.8899;-6.57996;75.7754;10.5585;
9.72106;0;0;-10.6958;0;0;0;0;0;0;0;0;0;0;0;0;0;0;0;0;-0;-0;0;0;0;
9.72203;0;0;-10.6958;0;0;0;-3.45246;-2.46835;7.06551;0.419992;-0.381413;0.0719762;0;0;0;0;0;0;3.45246;2.46835;-7.06551;-4.22709;46.4354;14.1568;
9.72301;0;0;-10.6958;0;0;0;0;0;0;0;0;0;0;0;0;0;0;0;0;-0;-0;0;0;0;
9.72405;0;0;-10.6958;0;0;0;0;0;0;0;0;0;0;0;0;0;0;0;0;-0;-0;0;0;0;
9.72503;0;0;-10.6958;0;0;0;0;0;0;0;0;0;0;0;0;0;0;0;0;-0;-0;0;0;0;
9.726;0;0;-10.6958;0;0;0;6.1522;-7.79709;35.4638;1.34625;-0.47708;-0.0557469;0;0;0;0;0;0;-6.1522;7.79709;-35.4638;-19.9953;229.284;53.5964;
9.72704;0;0;-10.6958;0;0;0;0;0;0;0;0;0;0;0;0;0;0;0;0;-0;-0;0;0;0;
9.72801;0;0;-10.6958;0;0;0;0;0;0;0;0;0;0;0;0;0;0;0;0;-0;-0;0;0;0;
9.72905;0;0;-10.6958;0;0;0;0.285129;-0.237823;1.3081;0.04661;0.0951558;0.00714043;0;0;0;0;0;0;-0.285129;0.237823;-1.3081;-0.729502;8.33863;1.67505;
9.73003;0;0;-10.6958;0;0;0;-11.304;-8.15895;25.4642;1.02219;-1.08735;0.119193;0;0;0;0;0;0;11.304;8.15895;-25.4642;-14.6692;166.953;46.9672;
9.731;0;0;-10.6958;0;0;0;5.91763;-1.1196;23.3829;0.304442;0.34099;-0.101155;0;0;0;0;0;0;-5.91763;1.1196;-23.3829;-12.1979;150.335;10.3256;
9.73203;0;0;-10.6958;0;0;0;0;0;0;0;0;0;0;0;0;0;0;0;0;-0;-0;0;0;0;
9.733;0;0;-10.6958;0;0;0;0;0;0;0;0;0;0;0;0;0;0;0;0;-0;-0;0;0;0;
9.73404;0;0;-10.6958;0;0;0;0;0;0;0;0;0;0;0;0;0;0;0;0;-0;-0;0;0;0;
9.73501;0;0;-10.6958;0;0;0;-1.78633;-11.1489;31.8865;1.31326;-0.0521718;0.201964;0;0;0;0;0;0;1.78633;11.1489;-31.8865;-18.4955;206.511;71.0224;
9.73605;0;0;-10.6958;0;0;0;0;0;0;0;0;0;0;0;0;0;0;0;0;-0;-0;0;0;0;
9.73702;0;0;-10.6958;0;0;0;-2.00233;-0.940909;3.52239;0.149575;-0.245622;0.0194159;0;0;0;0;0;0;2.00233;0.940909;-3.52239;-2.01853;23.2332;5.05865;
9.73806;0;0;-10.6958;0;0;0;0;0;0;0;0;0;0;0;0;0;0;0;0;-0;-0;0;0;0;
9.73903;0;0;-10.6958;0;0;0;0;0;0;0;0;0;0;0;0;0;0;0;0;-0;-0;0;0;0;
9.74001;0;0;-10.6958;0;0;0;0.475087;-0.182333;1.92551;-0.118816;0.0301507;0.0321707;0;0;0;0;0;0;-0.475087;0.182333;-1.92551;-0.869603;12.3788;1.38675;
9.74104;0;0;-10.6958;0;0;0;-2.6552;-2.94095;11.0934;0.526499;-0.749095;-0.0609964;0;0;0;0;0;0;2.6552;2.94095;-11.0934;-6.41036;72.7805;17.7488;
9.74202;0;0;-10.6958;0;0;0;0;0;0;0;0;0;0;0;0;0;0;0;0;-0;-0;0;0;0;
9.74306;0;0;-10.6958;0;0;0;3.32167;4.57041;18.3771;-0.989089;0.315609;0.100286;0;0;0;0;0;0;-3.32167;-4.57041;-18.3771;-7.81242;118.237;-27.9936;
9.74403;0;0;-10.6958;0;0;0;2.36831;-4.48205;15.8389;0.674461;0.174088;-0.00528031;0;0;0;0;0;0;-2.36831;4.48205;-15.8389;-9.10365;102.054;30.1938;
9.745;0;0;-10.6958;0;0;0;-3.95698;-1.64608;6.76304;0.288325;-0.470806;0.0541043;0;0;0;0;0;0;3.95698;1.64608;-6.76304;-3.86069;44.6185;8.60101;
9.74604;0;0;-10.6958;0;0;0;0;0;0;0;0;0;0;0;0;0;0;0;0;-0;-0;0;0;0;
9.74701;0;0;-10.6958;0;0;0;2.27602;11.3281;31.6187;-1.56963;0.58904;-0.119754;0;0;0;0;0;0;-2.27602;-11.3281;-31.6187;-13.2269;203.73;-72.0173;
9.74805;0;0;-10.6958;0;0;0;0;0;0;0;0;0;0;0;0;0;0;0;0;-0;-0;0;0;0;
9.74902;0;0;-10.6958;0;0;0;0.28129;-0.073357;1.11592;0.0440002;0.0799303;-0.00583675;0;0;0;0;0;0;-0.28129;0.073357;-1.11592;-0.613599;7.11103;0.622124;
9.75005;0;0;-10.6958;0;0;0;9.17043;2.43955;72.9608;-1.50212;-0.682073;0.248337;0;0;0;0;0;0;-9.17043;-2.43955;-72.9608;-35.0145;471.761;-11.4098;
9.75103;0;0;-10.6958;0;0;0;2.70687;0.173055;10.6168;-0.191739;-0.107833;0.0355663;0;0;0;0;0;0;-2.70687;-0.173055;-10.6168;-5.14014;68.5187;0.208751;
9.75206;0;0;-10.6958;0;0;0;0.875097;-0.256628;3.4889;0.136675;0.250042;-0.0158893;0;0;0;0;0;0;-0.875097;0.256628;-3.4889;-1.92024;22.2327;2.11698;
9.75303;0;0;-10.6958;0;0;0;1.27911;-0.710101;5.39741;-0.33762;0.085727;0.0912899;0;0;0;0;0;0;-1.27911;0.710101;-5.39741;-2.45295;34.7031;5.14697;
9.75401;0;0;-10.6958;0;0;0;0.730006;1.0964;4.21967;-0.226031;0.0732182;0.0200793;0;0;0;0;0;0;-0.730006;-1.0964;-4.21967;-1.79024;27.1515;-6.74507;
9.75504;0;0;-10.6958;0;0;0;0;0;0;0;0;0;0;0;0;0;0;0;0;-0;-0;0;0;0;
9.75601;0;0;-10.6958;0;0;0;0;0;0;0;0;0;0;0;0;0;0;0;0;-0;-0;0;0;0;
9.75705;0;0;-10.6958;0;0;0;2.21025;0.678005;10.4051;0.12622;-0.282195;-0.104574;0;0;0;0;0;0;-2.21025;-0.678005;-10.4051;-5.30092;67.3738;-3.16794;
9.75803;0;0;-10.6958;0;0;0;0.644024;-0.34618;2.70502;0.166555;-0.164945;-0.0607634;0;0;0;0;0;0;-0.644024;0.34618;-2.70502;-1.56413;17.5998;2.62475;
9.759;0;0;-10.6958;0;0;0;-1.87964;-0.927993;3.35113;0.142067;-0.233859;0.0149249;0;0;0;0;0;0;1.87964;0.927993;-3.35113;-1.92345;22.1012;5.04139;
9.76004;0;0;-10.6958;0;0;0;-8.78361;9.92521;65.3222;-1.09116;0.0247164;-0.195196;0;0;0;0;0;0;8.78361;-9.92521;-65.3222;-30.8273;423.437;-68.4385;
9.76101;0;0;-10.6958;0;0;0;4.69322;7.50028;28.0741;-0.90001;0.819384;-0.0711679;0;0;0;0;0;0;-4.69322;-7.50028;-28.0741;-12.4939;180.327;-46.0849;
9.76204;0;0;-10.6958;0;0;0;2.76032;-0.618782;10.8967;0.307007;0.460174;-0.050606;0;0;0;0;0;0;-2.76032;0.618782;-10.8967;-5.85925;69.7565;5.4444;
9.76302;0;0;-10.6958;0;0;0;1.36487;3.98203;12.1337;-0.630919;0.227404;-0.00365966;0;0;0;0;0;0;-1.36487;-3.98203;-12.1337;-5.08387;78.1314;-25.0691;
9.76405;0;0;-10.6958;0;0;0;0;0;0;0;0;0;0;0;0;0;0;0;0;-0;-0;0;0;0;
9.76503;0;0;-10.6958;0;0;0;-1.54925;-7.98877;20.0334;0.953208;-0.135901;0.0551754;0;0;0;0;0;0;1.54925;7.98877;-20.0334;-11.847;129.891;50.8451;
9.76601;0;0;-10.6958;0;0;0;0;0;0;0;0;0;0;0;0;0;0;0;0;-0;-0;0;0;0;
9.76704;0;0;-10.6958;0;0;0;6.2488;11.1113;45.823;-0.989961;0.0773969;-0.302267;0;0;0;0;0;0;-6.2488;-11.1113;-45.823;-20.9851;295.735;-68.4301;
9.76802;0;0;-10.6958;0;0;0;-9.99384;-2.31666;39.0024;0.273054;-0.732673;0.0223815;0;0;0;0;0;0;9.99384;2.31666;-39.0024;-20.1563;254.047;9.92917;
9.76905;0;0;-10.6958;0;0;0;0;0;0;0;0;0;0;0;0;0;0;0;0;-0;-0;0;0;0;
9.77003;0;0;-10.6958;0;0;0;5.0489;1.39447;51.1345;-0.154814;0.871463;-0.0413784;0;0;0;0;0;0;-5.0489;-1.39447;-51.1345;-25.4695;329.422;-6.43584;
9.77106;0;0;-10.6958;0;0;0;-3.62386;-5.24041;12.6559;0.658437;-0.321141;0.0804845;0;0;0;0;0;0;3.62386;5.24041;-12.6559;-7.55982;82.5572;31.9948;
9.77203;0;0;-10.6958;0;0;0;-2.48;-5.49238;13.4324;0.651619;-0.138178;0.0926915;0;0;0;0;0;0;2.48;5.49238;-13.4324;-7.96947;87.2831;34.189;
9.773;0;0;-10.6958;0;0;0;0.34428;0.171097;1.43129;-0.0812786;0.022615;0.0168472;0;0;0;0;0;0;-0.34428;-0.171097;-1.43129;-0.622737;9.20217;-0.950241;
9.77403;0;0;-10.6958;0;0;0;0.826796;2.74956;9.41925;-0.331199;0.0354154;-0.047888;0;0;0;0;0;0;-0.826796;-2.74956;-9.41925;-4.13932;60.8167;-17.323;
9.77506;0;0;-10.6958;0;0;0;1.74222;-1.01423;7.40519;0.274732;0.534489;0.00856825;0;0;0;0;0;0;-1.74222;1.01423;-7.40519;-4.10738;47.1966;7.43049;
9.77603;0;0;-10.6958;0;0;0;-3.34272;-5.86643;19.0338;0.724201;-0.512116;0.092064;0;0;0;0;0;0;3.34272;5.86643;-19.0338;-10.9018;123.98;36.1748;
9.77706;0;0;-10.6958;0;0;0;-1.55126;-1.42791;6.59893;0.282593;-0.475802;-0.0365255;0;0;0;0;0;0;1.55126;1.42791;-6.59893;-3.75043;43.3208;8.49237;
9.77803;0;0;-10.6958;0;0;0;0;0;0;0;0;0;0;0;0;0;0;0;0;-0;-0;0;0;0;
9.77906;0;0;-10.6958;0;0;0;-5.30745;-5.2386;13.0523;0.769324;-0.7149;0.0259012;0;0;0;0;0;0;5.30745;5.2386;-13.0523;-7.87026;85.6841;31.1894;
9.78003;0;0;-10.6958;0;0;0;0;0;0;0;0;0;0;0;0;0;0;0;0;-0;-0;0;0;0;
9.781;0;0;-10.6958;0;0;0;0;0;0;0;0;0;0;0;0;0;0;0;0;-0;-0;0;0;0;
9.78203;0;0;-10.6958;0;0;0;0.406107;-0.201736;1.68823;-0.105135;0.0266758;0.0284779;0;0;0;0;0;0;-0.406107;0.201736;-1.68823;-0.765678;10.8542;1.4812;
9.78301;0;0;-10.6958;0;0;0;0;0;0;0;0;0;0;0;0;0;0;0;0;-0;-0;0;0;0;
9.78404;0;0;-10.6958;0;0;0;0;0;0;0;0;0;0;0;0;0;0;0;0;-0;-0;0;0;0;
9.78501;0;0;-10.6958;0;0;0;0;0;0;0;0;0;0;0;0;0;0;0;0;-0;-0;0;0;0;
9.78604;0;0;-10.6958;0;0;0;0;0;0;0;0;0;0;0;0;0;0;0;0;-0;-0;0;0;0;
9.78701;0;0;-10.6958;0;0;0;0;0;0;0;0;0;0;0;0;0;0;0;0;-0;-0;0;0;0;
9.78804;0;0;-10.6958;0;0;0;0.149877;-0.0112353;0.584181;0.0239231;0.0417576;-0.00533459;0;0;0;0;0;0;-0.149877;0.0112353;-0.584181;-0.319386;3.72241;0.153533;
9.78901;0;0;-10.6958;0;0;0;0;0;0;0;0;0;0;0;0;0;0;0;0;-0;-0;0;0;0;
9.79004;0;0;-10.6958;0;0;0;0.319464;0.00941682;1.24348;-0.0738097;0.0191818;0.0188173;0;0;0;0;0;0;-0.319464;-0.00941682;-1.24348;-0.551769;7.9931;0.0812246;
9.79102;0;0;-10.6958;0;0;0;-4.92074;5.55448;35.2217;-0.608715;-0.0587842;-0.108662;0;0;0;0;0;0;4.92074;-5.55448;-35.2217;-16.5814;228.407;-38.3036;
9.79205;0;0;-10.6958;0;0;0;0;0;0;0;0;0;0;0;0;0;0;0;0;-0;-0;0;0;0;
9.79302;0;0;-10.6958;0;0;0;1.65964;-0.762683;6.87743;0.358766;-0.378933;-0.126959;0;0;0;0;0;0;-1.65964;0.762683;-6.87743;-3.90031;44.7041;5.8971;
9.79406;0;0;-10.6958;0;0;0;0;0;0;0;0;0;0;0;0;0;0;0;0;-0;-0;0;0;0;
9.79503;0;0;-10.6958;0;0;0;0;0;0;0;0;0;0;0;0;0;0;0;0;-0;-0;0;0;0;
9.79601;0;0;-10.6958;0;0;0;-1.15761;-0.831073;5.97543;0.259175;-0.432598;-0.00995692;0;0;0;0;0;0;1.15761;0.831073;-5.97543;-3.3531;39.2046;4.80306;
9.79704;0;0;-10.6958;0;0;0;0;0;0;0;0;0;0;0;0;0;0;0;0;-0;-0;0;0;0;
9.79802;0;0;-10.6958;0;0;0;-3.98732;-4.43935;10.6982;0.565919;-0.296564;0.100207;0;0;0;0;0;0;3.98732;4.43935;-10.6982;-6.40072;69.9044;26.6097;
9.79906;0;0;-10.6958;0;0;0;0;0;0;0;0;0;0;0;0;0;0;0;0;-0;-0;0;0;0;
9.80004;0;0;-10.6958;0;0;0;1.33269;10.5871;70.7262;-1.80726;-0.525323;0.0216395;0;0;0;0;0;0;-1.33269;-10.5871;-70.7262;-32.7678;457.932;-67.84;
9.80101;0;0;-10.6958;0;0;0;0.151471;0.00162022;0.589452;0.0245633;0.0421269;-0.00642778;0;0;0;0;0;0;-0.151471;-0.00162022;-0.589452;-0.321395;3.75598;0.0722644;
9.80205;0;0;-10.6958;0;0;0;0;0;0;0;0;0;0;0;0;0;0;0;0;-0;-0;0;0;0;
9.80303;0;0;-10.6958;0;0;0;-4.28906;-12.6625;33.1874;1.29829;0.0110742;0.233832;0;0;0;0;0;0;4.28906;12.6625;-33.1874;-19.2876;215.113;79.5209;
9.804;0;0;-10.6958;0;0;0;-6.944;12.2545;51.6591;-1.34204;-0.134373;-0.239761;0;0;0;0;0;0;6.944;-12.2545;-51.6591;-23.4592;335.022;-82.5355;
9.80504;0;0;-10.6958;0;0;0;0;0;0;0;0;0;0;0;0;0;0;0;0;-0;-0;0;0;0;
9.80601;0;0;-10.6958;0;0;0;2.10588;-0.946206;8.73139;0.409858;0.169596;-0.0567583;0;0;0;0;0;0;-2.10588;0.946206;-8.73139;-4.9039;56.1044;7.23898;
9.80704;0;0;-10.6958;0;0;0;6.29621;7.41872;32.4988;-1.76438;0.548434;0.21663;0;0;0;0;0;0;-6.29621;-7.41872;-32.4988;-13.8672;209.062;-45.0373;
9.80802;0;0;-10.6958;0;0;0;0;0;0;0;0;0;0;0;0;0;0;0;0;-0;-0;0;0;0;
9.80906;0;0;-10.6958;0;0;0;3.8961;-10.0886;32.7491;1.35537;0.836022;0.22006;0;0;0;0;0;0;-3.8961;10.0886;-32.7491;-18.8661;210.633;67.0082;
9.81003;0;0;-10.6958;0;0;0;0;0;0;0;0;0;0;0;0;0;0;0;0;-0;-0;0;0;0;
9.81101;0;0;-10.6958;0;0;0;-6.37585;2.3684;30.4265;-0.258568;-0.226952;-0.0430593;0;0;0;0;0;0;6.37585;-2.3684;-30.4265;-14.8346;197.7;-18.491;
9.81204;0;0;-10.6958;0;0;0;1.16506;-0.289049;4.63218;0.180296;-0.216242;-0.0560437;0;0;0;0;0;0;-1.16506;0.289049;-4.63218;-2.54315;30.0659;2.51296;
9.81302;0;0;-10.6958;0;0;0;0.0271068;-1.73965;4.33411;0.123304;0.345294;0.137825;0;0;0;0;0;0;-0.0271068;1.73965;-4.33411;-2.48124;27.6901;11.1299;
9.81406;0;0;-10.6958;0;0;0;2.8418;-1.7643;12.2098;0.449983;0.882276;0.0227553;0;0;0;0;0;0;-2.8418;1.7643;-12.2098;-6.77854;77.8204;12.8226;
9.81504;0;0;-10.6958;0;0;0;0;0;0;0;0;0;0;0;0;0;0;0;0;-0;-0;0;0;0;
9.81602;0;0;-10.6958;0;0;0;0.222342;0.384858;1.38941;-0.073878;0.0245229;0.00502972;0;0;0;0;0;0;-0.222342;-0.384858;-1.38941;-0.587638;8.94156;-2.38272;
9.81706;0;0;-10.6958;0;0;0;-0.573468;-1.52693;5.03955;0.301808;-0.290235;-0.0535941;0;0;0;0;0;0;0.573468;1.52693;-5.03955;-2.99388;32.9494;9.64261;
9.81803;0;0;-10.6958;0;0;0;0.653095;-0.146133;2.57801;0.113326;-0.194833;-0.0397531;0;0;0;0;0;0;-0.653095;0.146133;-2.57801;-1.42689;16.807;1.31417;
9.81901;0;0;-10.6958;0;0;0;0.987683;-0.755959;4.43225;0.159567;0.321707;0.019312;0;0;0;0;0;0;-0.987683;0.755959;-4.43225;-2.46845;28.2524;5.36876;
9.82005;0;0;-10.6958;0;0;0;0;0;0;0;0;0;0;0;0;0;0;0;0;-0;-0;0;0;0;
9.82103;0;0;-10.6958;0;0;0;0;0;0;0;0;0;0;0;0;0;0;0;0;-0;-0;0;0;0;
9.82206;0;0;-10.6958;0;0;0;-1.92931;-1.54755;11.4322;0.496147;-0.829684;-0.0285822;0;0;0;0;0;0;1.92931;1.54755;-11.4322;-6.41119;74.9795;9.06786;
9.82303;0;0;-10.6958;0;0;0;0;0;0;0;0;0;0;0;0;0;0;0;0;-0;-0;0;0;0;
9.824;0;0;-10.6958;0;0;0;2.23896;4.26921;14.8252;-0.784551;0.264735;0.0422504;0;0;0;0;0;0;-2.23896;-4.26921;-14.8252;-6.25763;95.418;-26.5324;
9.82504;0;0;-10.6958;0;0;0;0;0;0;0;0;0;0;0;0;0;0;0;0;-0;-0;0;0;0;
9.82601;0;0;-10.6958;0;0;0;0;0;0;0;0;0;0;0;0;0;0;0;0;-0;-0;0;0;0;
9.82705;0;0;-10.6958;0;0;0;2.62901;4.03243;16.375;-0.71737;0.146746;0.0125776;0;0;0;0;0;0;-2.62901;-4.03243;-16.375;-7.12939;105.523;-24.7744;
9.82802;0;0;-10.6958;0;0;0;0.280574;0.0175092;1.09306;0.0486143;-0.0826341;-0.011155;0;0;0;0;0;0;-0.280574;-0.0175092;-1.09306;-0.597597;7.12571;0.0392517;
9.82905;0;0;-10.6958;0;0;0;0;0;0;0;0;0;0;0;0;0;0;0;0;-0;-0;0;0;0;
9.83003;0;0;-10.6958;0;0;0;0;0;0;0;0;0;0;0;0;0;0;0;0;-0;-0;0;0;0;
9.831;0;0;-10.6958;0;0;0;0;0;0;0;0;0;0;0;0;0;0;0;0;-0;-0;0;0;0;
9.83204;0;0;-10.6958;0;0;0;1.68936;-1.09689;7.31798;0.268404;0.529248;0.0173678;0;0;0;0;0;0;-1.68936;1.09689;-7.31798;-4.06539;46.6428;7.92978;
9.83302;0;0;-10.6958;0;0;0;1.27823;0.0145607;5.60221;0.117287;-0.310114;-0.00346737;0;0;0;0;0;0;-1.27823;-0.0145607;-5.60221;-2.93849;36.4238;0.553308;
9.83405;0;0;-10.6958;0;0;0;0;0;0;0;0;0;0;0;0;0;0;0;0;-0;-0;0;0;0;
9.83503;0;0;-10.6958;0;0;0;4.27609;0.445934;16.6924;-0.983487;0.257782;0.245053;0;0;0;0;0;0;-4.27609;-0.445934;-16.6924;-7.3823;107.3;-0.975374;
9.83601;0;0;-10.6958;0;0;0;0;0;0;0;0;0;0;0;0;0;0;0;0;-0;-0;0;0;0;
9.83704;0;0;-10.6958;0;0;0;0;0;0;0;0;0;0;0;0;0;0;0;0;-0;-0;0;0;0;
9.83802;0;0;-10.6958;0;0;0;1.12245;-1.4296;6.31243;0.231592;0.0591471;0.0165421;0;0;0;0;0;0;-1.12245;1.4296;-6.31243;-3.55526;40.6646;9.79735;
9.83906;0;0;-10.6958;0;0;0;0;0;0;0;0;0;0;0;0;0;0;0;0;-0;-0;0;0;0;
9.84003;0;0;-10.6958;0;0;0;-18.1294;-3.38622;59.624;0.327194;-0.925723;0.0830661;0;0;0;0;0;0;18.1294;3.38622;-59.624;-30.7078;388.459;12.6885;
9.84101;0;0;-10.6958;0;0;0;0.0581265;-4.86139;31.6743;0.473321;0.00451989;0.109199;0;0;0;0;0;0;-0.0581265;4.86139;-31.6743;-16.9192;204.896;31.3693;
9.84204;0;0;-10.6958;0;0;0;0;0;0;0;0;0;0;0;0;0;0;0;0;-0;-0;0;0;0;
9.84302;0;0;-10.6958;0;0;0;0;0;0;0;0;0;0;0;0;0;0;0;0;-0;-0;0;0;0;
9.84405;0;0;-10.6958;0;0;0;-11.9736;4.86687;64.6661;-0.538421;-0.352926;-0.0903298;0;0;0;0;0;0;11.9736;-4.86687;-64.6661;-31.5562;419.888;-37.4272;
9.84503;0;0;-10.6958;0;0;0;-0.102017;-1.86165;5.76375;0.280563;-0.0518666;0.0159147;0;0;0;0;0;0;0.102017;1.86165;-5.76375;-3.37104;37.3487;11.976;
9.84601;0;0;-10.6958;0;0;0;0;0;0;0;0;0;0;0;0;0;0;0;0;-0;-0;0;0;0;
9.84705;0;0;-10.6958;0;0;0;-1.52309;-4.21596;13.7956;0.774981;-0.563917;-0.0588808;0;0;0;0;0;0;1.52309;4.21596;-13.7956;-8.14807;89.9627;26.5652;
9.84802;0;0;-10.6958;0;0;0;0;0;0;0;0;0;0;0;0;0;0;0;0;-0;-0;0;0;0;
9.84906;0;0;-10.6958;0;0;0;0;0;0;0;0;0;0;0;0;0;0;0;0;-0;-0;0;0;0;
9.85004;0;0;-10.6958;0;0;0;0.00930483;-0.148761;0.37971;0.0109216;0.0300249;0.0114954;0;0;0;0;0;0;-0.00930483;0.148761;-0.37971;-0.217134;2.42545;0.955551;
9.85102;0;0;-10.6958;0;0;0;0;0;0;0;0;0;0;0;0;0;0;0;0;-0;-0;0;0;0;
9.85205;0;0;-10.6958;0;0;0;0;0;0;0;0;0;0;0;0;0;0;0;0;-0;-0;0;0;0;
9.85303;0;0;-10.6958;0;0;0;0;0;0;0;0;0;0;0;0;0;0;0;0;-0;-0;0;0;0;
9.85401;0;0;-10.6958;0;0;0;1.27938;5.05586;14.4881;-0.746425;0.279564;-0.0316451;0;0;0;0;0;0;-1.27938;-5.05586;-14.4881;-6.04716;93.3183;-32.0309;
9.85505;0;0;-10.6958;0;0;0;0.0773237;0.0743382;0.370167;0.0178241;0.0270367;-0.00915287;0;0;0;0;0;0;-0.0773237;-0.0743382;-0.370167;-0.196889;2.35989;-0.432793;
9.85602;0;0;-10.6958;0;0;0;0;0;0;0;0;0;0;0;0;0;0;0;0;-0;-0;0;0;0;
9.857;0;0;-10.6958;0;0;0;0.130123;0.0106768;0.50735;-0.0299583;0.00783135;0.00751878;0;0;0;0;0;0;-0.130123;-0.0106768;-0.50735;-0.224601;3.26127;-0.0110258;
9.85804;0;0;-10.6958;0;0;0;0;0;0;0;0;0;0;0;0;0;0;0;0;-0;-0;0;0;0;
9.85902;0;0;-10.6958;0;0;0;-3.3155;-1.33074;5.62472;0.240064;-0.391384;0.0489092;0;0;0;0;0;0;3.3155;1.33074;-5.62472;-3.20733;37.1106;6.88933;
9.86006;0;0;-10.6958;0;0;0;0;0;0;0;0;0;0;0;0;0;0;0;0;-0;-0;0;0;0;
9.86103;0;0;-10.6958;0;0;0;0;0;0;0;0;0;0;0;0;0;0;0;0;-0;-0;0;0;0;
9.86201;0;0;-10.6958;0;0;0;2.17626;10.0337;59.9482;-1.1925;0.470019;-0.203097;0;0;0;0;0;0;-2.17626;-10.0337;-59.9482;-28.0077;387.127;-63.6103;
9.86305;0;0;-10.6958;0;0;0;0.0779969;0.077427;0.37741;-0.0206902;0.00625747;0.00299216;0;0;0;0;0;0;-0.0779969;-0.077427;-0.37741;-0.161715;2.42746;-0.464581;
9.86402;0;0;-10.6958;0;0;0;0;0;0;0;0;0;0;0;0;0;0;0;0;-0;-0;0;0;0;
9.865;0;0;-10.6958;0;0;0;0;0;0;0;0;0;0;0;0;0;0;0;0;-0;-0;0;0;0;
9.86604;0;0;-10.6958;0;0;0;0;0;0;0;0;0;0;0;0;0;0;0;0;-0;-0;0;0;0;
9.86702;0;0;-10.6958;0;0;0;-1.25947;-3.42224;13.1924;0.37059;-0.499629;0.020534;0;0;0;0;0;0;1.25947;3.42224;-13.1924;-7.36026;85.9694;21.4839;
9.86805;0;0;-10.6958;0;0;0;0.344307;-0.294171;1.59014;0.0564961;0.115746;0.00917968;0;0;0;0;0;0;-0.344307;0.294171;-1.59014;-0.887145;10.1366;2.06734;
9.86903;0;0;-10.6958;0;0;0;2.59837;-3.18478;13.7754;0.535452;0.651455;0.0795975;0;0;0;0;0;0;-2.59837;3.18478;-13.7754;-7.79509;88.2035;21.8324;
9.87001;0;0;-10.6958;0;0;0;0.0191138;-0.00263374;0.0747878;0.003299;-0.00565324;-0.00104222;0;0;0;0;0;0;-0.0191138;0.00263374;-0.0747878;-0.0412446;0.487553;0.0277108;
9.87104;0;0;-10.6958;0;0;0;0.79621;-0.572054;3.73907;0.182246;0.00374356;-0.0132525;0;0;0;0;0;0;-0.79621;0.572054;-3.73907;-2.12346;24.1052;4.11513;
9.87202;0;0;-10.6958;0;0;0;0;0;0;0;0;0;0;0;0;0;0;0;0;-0;-0;0;0;0;
9.87306;0;0;-10.6958;0;0;0;1.0802;0.234026;4.2602;0.184801;0.304938;-0.0636085;0;0;0;0;0;0;-1.0802;-0.234026;-4.2602;-2.30787;27.1468;-0.906086;
9.87404;0;0;-10.6958;0;0;0;0;0;0;0;0;0;0;0;0;0;0;0;0;-0;-0;0;0;0;
9.87501;0;0;-10.6958;0;0;0;0;0;0;0;0;0;0;0;0;0;0;0;0;-0;-0;0;0;0;
9.87605;0;0;-10.6958;0;0;0;0;0;0;0;0;0;0;0;0;0;0;0;0;-0;-0;0;0;0;
9.87703;0;0;-10.6958;0;0;0;-2.09121;-2.2426;6.61756;0.394025;-0.368227;-0.000271236;0;0;0;0;0;0;2.09121;2.2426;-6.61756;-3.95284;43.3876;13.4543;
9.878;0;0;-10.6958;0;0;0;-1.8655;-0.859734;3.26536;0.138746;-0.227635;0.0193316;0;0;0;0;0;0;1.8655;0.859734;-3.26536;-1.87009;21.5385;4.60249;
9.87903;0;0;-10.6958;0;0;0;0.94695;-0.219279;3.74169;0.16443;-0.282774;-0.0581858;0;0;0;0;0;0;-0.94695;0.219279;-3.74169;-2.07164;24.3935;1.95385;
9.88006;0;0;-10.6958;0;0;0;0;0;0;0;0;0;0;0;0;0;0;0;0;-0;-0;0;0;0;
9.88102;0;0;-10.6958;0;0;0;2.43653;6.58863;23.8003;-0.737843;0.369491;-0.129079;0;0;0;0;0;0;-2.43653;-6.58863;-23.8003;-10.5942;153.355;-41.2661;
9.88205;0;0;-10.6958;0;0;0;0;0;0;0;0;0;0;0;0;0;0;0;0;-0;-0;0;0;0;
9.88302;0;0;-10.6958;0;0;0;-4.15654;-1.16431;71.0966;0.115105;-0.638971;0.0352326;0;0;0;0;0;0;4.15654;1.16431;-71.0966;-36.0538;460.99;5.40258;
9.88405;0;0;-10.6958;0;0;0;0;0;0;0;0;0;0;0;0;0;0;0;0;-0;-0;0;0;0;
9.88502;0;0;-10.6958;0;0;0;-2.91048;-2.77612;7.0264;0.390425;-0.272698;0.0621282;0;0;0;0;0;0;2.91048;2.77612;-7.0264;-4.20866;46.019;16.4306;
9.88605;0;0;-10.6958;0;0;0;0;0;0;0;0;0;0;0;0;0;0;0;0;-0;-0;0;0;0;
9.88703;0;0;-10.6958;0;0;0;1.11975;2.76445;8.80421;-0.460659;0.16203;0.00771208;0;0;0;0;0;0;-1.11975;-2.76445;-8.80421;-3.69855;56.6816;-17.3272;
9.888;0;0;-10.6958;0;0;0;0;0;0;0;0;0;0;0;0;0;0;0;0;-0;-0;0;0;0;
9.88904;0;0;-10.6958;0;0;0;0;0;0;0;0;0;0;0;0;0;0;0;0;-0;-0;0;0;0;
9.89001;0;0;-10.6958;0;0;0;2.61427;6.80742;21.3571;-1.11513;0.395386;0.0104734;0;0;0;0;0;0;-2.61427;-6.80742;-21.3571;-8.96402;137.505;-42.7315;
9.89104;0;0;-10.6958;0;0;0;0.186618;-0.317284;1.15421;0.0376133;0.0860866;0.0175831;0;0;0;0;0;0;-0.186618;0.317284;-1.15421;-0.650934;7.36199;2.129;
9.89202;0;0;-10.6958;0;0;0;1.86126;-0.170933;7.26416;-0.0377078;-0.136503;0.00380025;0;0;0;0;0;0;-1.86126;0.170933;-7.26416;-3.63946;46.9431;2.03979;
9.89305;0;0;-10.6958;0;0;0;0;0;0;0;0;0;0;0;0;0;0;0;0;-0;-0;0;0;0;
9.89403;0;0;-10.6958;0;0;0;-3.80391;-3.84031;9.52242;0.554626;-0.493168;0.0255756;0;0;0;0;0;0;3.80391;3.84031;-9.52242;-5.73705;62.476;22.9014;
9.895;0;0;-10.6958;0;0;0;0.93888;6.56996;17.5551;-0.894239;0.352803;-0.0842105;0;0;0;0;0;0;-0.93888;-6.56996;-17.5551;-7.29305;113.12;-41.9448;
9.89604;0;0;-10.6958;0;0;0;-6.85668;9.87796;42.3093;-1.08218;-0.112667;-0.193099;0;0;0;0;0;0;6.85668;-9.87796;-42.3093;-19.2463;274.504;-67.1636;
9.89702;0;0;-10.6958;0;0;0;0.138297;-1.97069;11.4043;0.0629558;-0.276443;0.0655402;0;0;0;0;0;0;-0.138297;1.97069;-11.4043;-6.00634;74.0385;12.7529;
9.89805;0;0;-10.6958;0;0;0;3.66008;3.49596;37.6734;-0.150598;0.225737;-0.18269;0;0;0;0;0;0;-3.66008;-3.49596;-37.6734;-18.4811;243.122;-20.5891;
9.89903;0;0;-10.6958;0;0;0;0;0;0;0;0;0;0;0;0;0;0;0;0;-0;-0;0;0;0;
9.90001;0;0;-10.6958;0;0;0;4.94256;6.0864;25.9926;-1.392;0.449354;0.159462;0;0;0;0;0;0;-4.94256;-6.0864;-25.9926;-11.095;167.206;-37.0429;
9.90104;0;0;-10.6958;0;0;0;0.775937;-0.208618;3.08191;0.191548;-0.188333;-0.0609746;0;0;0;0;0;0;-0.775937;0.208618;-3.08191;-1.76526;20.048;1.80151;
9.90202;0;0;-10.6958;0;0;0;0;0;0;0;0;0;0;0;0;0;0;0;0;-0;-0;0;0;0;
9.90306;0;0;-10.6958;0;0;0;3.94429;0.218901;15.3642;-0.199843;0.536921;0.0462947;0;0;0;0;0;0;-3.94429;-0.218901;-15.3642;-7.51951;98.4612;0.52494;
9.90403;0;0;-10.6958;0;0;0;1.36903;2.19286;8.19595;-0.304503;0.216314;-0.00758116;0;0;0;0;0;0;-1.36903;-2.19286;-8.19595;-3.60547;52.6674;-13.4885;
9.90506;0;0;-10.6958;0;0;0;0;0;0;0;0;0;0;0;0;0;0;0;0;-0;-0;0;0;0;
9.90603;0;0;-10.6958;0;0;0;2.57125;-5.88439;20.8023;0.935451;0.188278;0.0618486;0;0;0;0;0;0;-2.57125;5.88439;-20.8023;-12.006;134.128;39.3006;
9.907;0;0;-10.6958;0;0;0;0.667654;2.82702;8.01116;-0.412011;0.155509;-0.0205397;0;0;0;0;0;0;-0.667654;-2.82702;-8.01116;-3.34136;51.603;-17.9315;
9.90804;0;0;-10.6958;0;0;0;-13.7121;13.2172;77.3958;-1.18677;-0.99364;-0.40681;0;0;0;0;0;0;13.7121;-13.2172;-77.3958;-36.4858;503.051;-92.0061;
9.90901;0;0;-10.6958;0;0;0;0.220689;10.6725;36.9422;-1.12721;0.245203;-0.245304;0;0;0;0;0;0;-0.220689;-10.6725;-36.9422;-16.4176;238.717;-68.6853;
9.91004;0;0;-10.6958;0;0;0;0;0;0;0;0;0;0;0;0;0;0;0;0;-0;-0;0;0;0;
9.91106;0;0;-10.6958;0;0;0;1.86348;3.11389;11.4127;-0.607922;0.200595;0.0445313;0;0;0;0;0;0;-1.86348;-3.11389;-11.4127;-4.8306;73.4432;-19.2498;
9.91202;0;0;-10.6958;0;0;0;0;0;0;0;0;0;0;0;0;0;0;0;0;-0;-0;0;0;0;
9.91304;0;0;-10.6958;0;0;0;0;0;0;0;0;0;0;0;0;0;0;0;0;-0;-0;0;0;0;
9.91402;0;0;-10.6958;0;0;0;1.2164;10.6531;27.9873;-1.42153;0.568903;-0.154765;0;0;0;0;0;0;-1.2164;-10.6531;-27.9873;-11.6133;180.363;-68.1491;
9.91505;0;0;-10.6958;0;0;0;0;0;0;0;0;0;0;0;0;0;0;0;0;-0;-0;0;0;0;
9.91602;0;0;-10.6958;0;0;0;-7.56491;5.58021;57.4309;-0.616999;0.0191241;-0.111018;0;0;0;0;0;0;7.56491;-5.58021;-57.4309;-27.761;372.267;-39.7997;
9.91706;0;0;-10.6958;0;0;0;0;0;0;0;0;0;0;0;0;0;0;0;0;-0;-0;0;0;0;
9.91803;0;0;-10.6958;0;0;0;0;0;0;0;0;0;0;0;0;0;0;0;0;-0;-0;0;0;0;
9.91906;0;0;-10.6958;0;0;0;-8.60073;6.18526;63.0659;-0.678564;-0.446223;-0.275403;0;0;0;0;0;0;8.60073;-6.18526;-63.0659;-30.478;409.289;-44.0714;
9.92003;0;0;-10.6958;0;0;0;0;0;0;0;0;0;0;0;0;0;0;0;0;-0;-0;0;0;0;
9.92101;0;0;-10.6958;0;0;0;1.15082;-0.507968;4.72462;0.130549;0.312172;0.00299611;0;0;0;0;0;0;-1.15082;0.507968;-4.72462;-2.56193;30.1368;3.86296;
9.92205;0;0;-10.6958;0;0;0;0;0;0;0;0;0;0;0;0;0;0;0;0;-0;-0;0;0;0;
9.92302;0;0;-10.6958;0;0;0;0;0;0;0;0;0;0;0;0;0;0;0;0;-0;-0;0;0;0;
9.92406;0;0;-10.6958;0;0;0;0;0;0;0;0;0;0;0;0;0;0;0;0;-0;-0;0;0;0;
9.92504;0;0;-10.6958;0;0;0;0;0;0;0;0;0;0;0;0;0;0;0;0;-0;-0;0;0;0;
9.92601;0;0;-10.6958;0;0;0;-2.04943;1.82572;17.0344;0.255812;-0.707842;-0.199554;0;0;0;0;0;0;2.04943;-1.82572;-17.0344;-8.65585;111.111;-12.6439;
9.92705;0;0;-10.6958;0;0;0;2.92018;-0.516187;11.5041;0.652173;-0.294597;-0.197083;0;0;0;0;0;0;-2.92018;0.516187;-11.5041;-6.50021;74.4235;5.00771;
9.92802;0;0;-10.6958;0;0;0;0;0;0;0;0;0;0;0;0;0;0;0;0;-0;-0;0;0;0;
9.929;0;0;-10.6958;0;0;0;0;0;0;0;0;0;0;0;0;0;0;0;0;-0;-0;0;0;0;
9.93004;0;0;-10.6958;0;0;0;0;0;0;0;0;0;0;0;0;0;0;0;0;-0;-0;0;0;0;
9.93101;0;0;-10.6958;0;0;0;-1.2607;-2.38449;28.3805;-0.0310625;-0.00513187;0.117057;0;0;0;0;0;0;1.2607;2.38449;-28.3805;-14.5073;183.729;14.6733;
9.93205;0;0;-10.6958;0;0;0;-3.43821;5.17196;37.2638;-0.297426;-0.317679;-0.199964;0;0;0;0;0;0;3.43821;-5.17196;-37.2638;-17.9602;241.727;-34.9905;
9.93302;0;0;-10.6958;0;0;0;0;0;0;0;0;0;0;0;0;0;0;0;0;-0;-0;0;0;0;
9.93406;0;0;-10.6958;0;0;0;0;0;0;0;0;0;0;0;0;0;0;0;0;-0;-0;0;0;0;
9.93503;0;0;-10.6958;0;0;0;0.0305011;-1.93269;7.66527;0.462805;-0.450139;-0.115338;0;0;0;0;0;0;-0.0305011;1.93269;-7.66527;-4.51849;50.0348;12.6335;
9.93601;0;0;-10.6958;0;0;0;0;0;0;0;0;0;0;0;0;0;0;0;0;-0;-0;0;0;0;
9.93705;0;0;-10.6958;0;0;0;0.564664;-0.0125996;2.19765;0.0974012;-0.166145;-0.0259788;0;0;0;0;0;0;-0.564664;0.0125996;-2.19765;-1.20595;14.3265;0.391995;
9.93802;0;0;-10.6958;0;0;0;1.22872;4.85581;13.9148;-0.716881;0.268523;-0.0304032;0;0;0;0;0;0;-1.22872;-4.85581;-13.9148;-5.80791;89.6249;-30.7634;
9.93906;0;0;-10.6958;0;0;0;0.516522;-0.249714;2.1403;0.0808285;0.154056;-0.00153241;0;0;0;0;0;0;-0.516522;0.249714;-2.1403;-1.18423;13.6401;1.87722;
9.94004;0;0;-10.6958;0;0;0;-1.55525;8.63831;38.7979;-0.725549;-0.393763;-0.353361;0;0;0;0;0;0;1.55525;-8.63831;-38.7979;-17.958;251.538;-56.3126;
9.94101;0;0;-10.6958;0;0;0;9.31055;-1.2829;36.4515;-0.219249;0.171245;0.0421814;0;0;0;0;0;0;-9.31055;1.2829;-36.4515;-18.2754;234.706;12.9482;
9.94205;0;0;-10.6958;0;0;0;0;0;0;0;0;0;0;0;0;0;0;0;0;-0;-0;0;0;0;
9.94303;0;0;-10.6958;0;0;0;2.71276;-3.33348;14.5964;0.581134;0.609089;0.0840538;0;0;0;0;0;0;-2.71276;3.33348;-14.5964;-8.26933;93.5451;22.8475;
9.944;0;0;-10.6958;0;0;0;2.60204;15.4636;43.706;-1.88719;0.647189;-0.26783;0;0;0;0;0;0;-2.60204;-15.4636;-43.706;-18.5859;281.832;-98.4571;
9.94504;0;0;-10.6958;0;0;0;0;0;0;0;0;0;0;0;0;0;0;0;0;-0;-0;0;0;0;
9.94602;0;0;-10.6958;0;0;0;-4.56736;2.40636;25.031;-0.26234;-0.157754;-0.0526558;0;0;0;0;0;0;4.56736;-2.40636;-25.031;-12.1087;162.544;-17.8157;
9.94706;0;0;-10.6958;0;0;0;1.45789;-0.29375;5.73955;0.252528;-0.433794;-0.0863458;0;0;0;0;0;0;-1.45789;0.29375;-5.73955;-3.17383;37.4177;2.72122;
9.94803;0;0;-10.6958;0;0;0;0;0;0;0;0;0;0;0;0;0;0;0;0;-0;-0;0;0;0;
9.94901;0;0;-10.6958;0;0;0;0.416824;-0.16806;1.69614;0.104907;-0.103551;-0.0360408;0;0;0;0;0;0;-0.416824;0.16806;-1.69614;-0.97634;11.0344;1.33326;
9.95005;0;0;-10.6958;0;0;0;0.542805;8.91069;63.3192;-1.8586;-0.240533;-0.0499644;0;0;0;0;0;0;-0.542805;-8.91069;-63.3192;-29.1528;409.806;-57.321;
9.95102;0;0;-10.6958;0;0;0;1.08778;-0.628331;4.61783;0.171461;0.333252;0.00495493;0;0;0;0;0;0;-1.08778;0.628331;-4.61783;-2.56108;29.4312;4.60788;
9.95206;0;0;-10.6958;0;0;0;0.953772;0.653968;4.17622;-0.233602;0.0671611;0.0428334;0;0;0;0;0;0;-0.953772;-0.653968;-4.17622;-1.80512;26.8539;-3.79288;
9.95303;0;0;-10.6958;0;0;0;1.03547;-3.10368;11.3878;0.395683;0.155576;0.140808;0;0;0;0;0;0;-1.03547;3.10368;-11.3878;-6.44422;73.4097;20.4591;
9.95406;0;0;-10.6958;0;0;0;0.720963;0.909469;3.83171;-0.207227;0.0651541;0.0235266;0;0;0;0;0;0;-0.720963;-0.909469;-3.83171;-1.63233;24.6505;-5.54374;
9.95502;0;0;-10.6958;0;0;0;0.839224;-2.55949;8.64426;0.403289;0.00205081;0.0114163;0;0;0;0;0;0;-0.839224;2.55949;-8.64426;-5.01501;55.8348;16.9691;
9.95606;0;0;-10.6958;0;0;0;-4.81558;-11.0327;26.4937;1.25824;-0.156918;0.209782;0;0;0;0;0;0;4.81558;11.0327;-26.4937;-15.7119;172.03;68.736;
9.95703;0;0;-10.6958;0;0;0;0;0;0;0;0;0;0;0;0;0;0;0;0;-0;-0;0;0;0;
9.95801;0;0;-10.6958;0;0;0;2.75856;-1.47389;11.7059;-0.293167;-0.193865;0.0622512;0;0;0;0;0;0;-2.75856;1.47389;-11.7059;-5.75247;75.6446;10.8625;
9.95904;0;0;-10.6958;0;0;0;1.88895;1.8496;9.30587;-0.381949;0.0412185;0.0418855;0;0;0;0;0;0;-1.88895;-1.8496;-9.30587;-4.12166;59.9705;-11.0554;
9.96002;0;0;-10.6958;0;0;0;2.15647;4.11955;14.4759;-0.718912;0.216967;0.0275225;0;0;0;0;0;0;-2.15647;-4.11955;-14.4759;-6.16235;93.2135;-25.5909;
9.96105;0;0;-10.6958;0;0;0;0;0;0;0;0;0;0;0;0;0;0;0;0;-0;-0;0;0;0;
9.96203;0;0;-10.6958;0;0;0;2.53263;-3.25274;14.8208;0.728368;-0.104236;-0.0490402;0;0;0;0;0;0;-2.53263;3.25274;-14.8208;-8.5216;95.7286;22.3675;
9.96306;0;0;-10.6958;0;0;0;-13.9182;3.0737;45.4726;-0.37084;-0.647733;-0.0436905;0;0;0;0;0;0;13.9182;-3.0737;-45.4726;-22.233;296.21;-26.8532;
9.96403;0;0;-10.6958;0;0;0;0.86441;0.356033;3.52394;-0.20161;0.0552995;0.0438673;0;0;0;0;0;0;-0.86441;-0.356033;-3.52394;-1.53829;22.655;-1.91156;
9.96501;0;0;-10.6958;0;0;0;0;0;0;0;0;0;0;0;0;0;0;0;0;-0;-0;0;0;0;
9.96604;0;0;-10.6958;0;0;0;0;0;0;0;0;0;0;0;0;0;0;0;0;-0;-0;0;0;0;
9.96702;0;0;-10.6958;0;0;0;1.83769;-1.28007;8.14466;0.307453;0.272633;-0.00365154;0;0;0;0;0;0;-1.83769;1.28007;-8.14466;-4.53935;52.2322;9.21053;
9.96805;0;0;-10.6958;0;0;0;0;0;0;0;0;0;0;0;0;0;0;0;0;-0;-0;0;0;0;
9.96902;0;0;-10.6958;0;0;0;0;0;0;0;0;0;0;0;0;0;0;0;0;-0;-0;0;0;0;
9.97005;0;0;-10.6958;0;0;0;0;0;0;0;0;0;0;0;0;0;0;0;0;-0;-0;0;0;0;
9.97103;0;0;-10.6958;0;0;0;-3.20776;-3.62829;11.4501;0.684186;-0.641101;-0.0114759;0;0;0;0;0;0;3.20776;3.62829;-11.4501;-6.81664;75.0342;21.8671;
9.972;0;0;-10.6958;0;0;0;0.139949;-0.133914;0.668941;-0.0428974;0.0110515;0.011187;0;0;0;0;0;0;-0.139949;0.133914;-0.668941;-0.30756;4.3024;0.925632;
9.97304;0;0;-10.6958;0;0;0;8.47734;6.49271;38.9067;-1.66053;0.319228;0.224085;0;0;0;0;0;0;-8.47734;-6.49271;-38.9067;-17.2927;250.524;-37.9549;
9.97401;0;0;-10.6958;0;0;0;-7.47805;-1.71106;19.0901;-0.0282097;-0.547925;0.091426;0;0;0;0;0;0;7.47805;1.71106;-19.0901;-9.76173;124.793;7.20977;
9.97505;0;0;-10.6958;0;0;0;0;0;0;0;0;0;0;0;0;0;0;0;0;-0;-0;0;0;0;
9.97602;0;0;-10.6958;0;0;0;0;0;0;0;0;0;0;0;0;0;0;0;0;-0;-0;0;0;0;
9.97704;0;0;-10.6958;0;0;0;0;0;0;0;0;0;0;0;0;0;0;0;0;-0;-0;0;0;0;
9.97801;0;0;-10.6958;0;0;0;-4.93876;-2.53097;8.90081;0.376857;-0.621541;0.0323686;0;0;0;0;0;0;4.93876;2.53097;-8.90081;-5.11499;58.6965;13.8524;
9.97905;0;0;-10.6958;0;0;0;3.87392;1.67529;16.5468;-0.33618;-0.268655;0.0233575;0;0;0;0;0;0;-3.87392;-1.67529;-16.5468;-7.83326;106.924;-8.90911;
9.98002;0;0;-10.6958;0;0;0;0;0;0;0;0;0;0;0;0;0;0;0;0;-0;-0;0;0;0;
9.98105;0;0;-10.6958;0;0;0;3.18853;-0.811873;12.6599;0.138621;0.0504544;-0.0187574;0;0;0;0;0;0;-3.18853;0.811873;-12.6599;-6.59867;81.5288;6.87742;
9.98202;0;0;-10.6958;0;0;0;0;0;0;0;0;0;0;0;0;0;0;0;0;-0;-0;0;0;0;
9.98306;0;0;-10.6958;0;0;0;-8.75799;-0.7725;19.5223;0.0651206;-0.603317;0.02622;0;0;0;0;0;0;8.75799;0.7725;-19.5223;-9.97889;127.773;0.558423;
9.98403;0;0;-10.6958;0;0;0;2.42528;1.19703;10.7667;-0.0325984;-0.188881;-0.0381955;0;0;0;0;0;0;-2.42528;-1.19703;-10.7667;-5.27238;69.5969;-6.48357;
9.98501;0;0;-10.6958;0;0;0;0.0926414;-0.237665;0.748701;0.0233568;0.0567712;0.0151311;0;0;0;0;0;0;-0.0926414;0.237665;-0.748701;-0.42439;4.77739;1.56903;
9.98605;0;0;-10.6958;0;0;0;0.146233;0.0424193;0.582717;0.0261515;-0.0440286;-0.00335765;0;0;0;0;0;0;-0.146233;-0.0424193;-0.582717;-0.315509;3.79905;-0.197378;
9.98702;0;0;-10.6958;0;0;0;0;0;0;0;0;0;0;0;0;0;0;0;0;-0;-0;0;0;0;
9.98805;0;0;-10.6958;0;0;0;1.31089;0.796298;5.62267;-0.161987;0.17452;0.0120831;0;0;0;0;0;0;-1.31089;-0.796298;-5.62267;-2.5913;36.068;-4.50293;
9.98903;0;0;-10.6958;0;0;0;0.0166028;-0.0527449;0.157619;0.00482849;0.0120466;0.0035226;0;0;0;0;0;0;-0.0166028;0.0527449;-0.157619;-0.0895266;1.00595;0.346056;
9.99006;0;0;-10.6958;0;0;0;-9.27699;10.7783;54.4303;-0.978248;-0.547165;-0.278847;0;0;0;0;0;0;9.27699;-10.7783;-54.4303;-25.3676;353.592;-74.1215;
9.99103;0;0;-10.6958;0;0;0;-4.95044;0.670288;28.7377;0.375604;-1.1947;-0.142065;0;0;0;0;0;0;4.95044;-0.670288;-28.7377;-14.7881;187.598;-6.68841;
9.99201;0;0;-10.6958;0;0;0;0;0;0;0;0;0;0;0;0;0;0;0;0;-0;-0;0;0;0;
9.99304;0;0;-10.6958;0;0;0;-1.31065;-1.17764;3.03471;0.179257;-0.165484;0.0132011;0;0;0;0;0;0;1.31065;1.17764;-3.03471;-1.82622;19.9286;6.9447;
9.99402;0;0;-10.6958;0;0;0;4.34768;4.95806;22.253;-1.17292;0.343042;0.141895;0;0;0;0;0;0;-4.34768;-4.95806;-22.253;-9.54293;143.179;-30.0256;
9.99505;0;0;-10.6958;0;0;0;-4.03436;1.79175;23.8196;-0.174128;-0.210884;-0.050745;0;0;0;0;0;0;4.03436;-1.79175;-23.8196;-11.6481;154.706;-13.573;
9.99603;0;0;-10.6958;0;0;0;0;0;0;0;0;0;0;0;0;0;0;0;0;-0;-0;0;0;0;
9.99701;0;0;-10.6958;0;0;0;6.22518;-4.14744;29.0504;0.565661;-0.371263;-0.0157516;0;0;0;0;0;0;-6.22518;4.14744;-29.0504;-15.6181;187.678;29.9826;
9.99804;0;0;-10.6958;0;0;0;6.83299;0.534774;26.6423;-0.0680195;1.24382;-0.0120751;0;0;0;0;0;0;-6.83299;-0.534774;-26.6423;-13.3023;170.424;-0.00460008;
9.99902;0;0;-10.6958;0;0;0;1.97245;-0.494572;7.83342;0.473033;-0.490042;-0.151062;0;0;0;0;0;0;-1.97245;0.494572;-7.83342;-4.46946;50.9678;4.34434;
